RR_Location,RR_Latitude,RR_Longitude,Station_ID,Station_Name,Station_Address,Station_City,Station_State,Station_Zip,Station_Latitude,Station_Longitude,Distance,Unleaded_Regular_Price,Unleaded_Plus_Price,Unleaded_Premium_Price,Diesel_Regular_Price,Brand,Phone,Excellent_Price,Current_Price,Transaction_Time,Transaction_Time_Ms,API_Updated,API_Updated_Time,API_Station_ID
"Road Ranger #118 - Springfield, IL",39.8304811,-89.5842419,"ROAD RANGER 118|3752 Camp Butler Rd., Springfield, IL 62707|Springfield","ROAD RANGER 118|3752 Camp Butler Rd., Springfield, IL 62707|Springfield","3752 Camp Butler Rd., Springfield, IL 62707",Springfield,IL,,39.8304811,-89.5842419,0.0,3.599,4.299,4.649,4.999,ROAD RANGER,,False,False,,,Yes,2026-03-17T05:30:58.076028+00:00,
"Road Ranger #132 - Champaign, IL",40.17769,-88.240499,"ROAD RANGER 132|4910 Market St., Champaign, IL 61821|Champaign","ROAD RANGER 132|4910 Market St., Champaign, IL 61821|Champaign","4910 Market St., Champaign, IL 61821",Champaign,IL,,40.17769,-88.240499,0.0,3.999,4.399,4.999,5.239,ROAD RANGER,,False,False,,,Yes,2026-03-17T05:30:58.076098+00:00,
"Road Ranger #136 - Cottage Grove, WI",42.9985528,-89.1996224,"ROAD RANGER 136|2762 County Hwy. N., Cottage Grove, WI 53527|Cottage Grove","ROAD RANGER 136|2762 County Hwy. N., Cottage Grove, WI 53527|Cottage Grove","2762 County Hwy. N., Cottage Grove, WI 53527",Cottage Grove,WI,,42.9985528,-89.1996224,0.0,3.399,4.099,4.599,4.699,ROAD RANGER,,False,False,,,Yes,2026-03-17T05:30:58.076147+00:00,
"Road Ranger #139 - Tuscola, IL",39.7919732,-88.2683213,"ROAD RANGER 139|1112 East Southline Road, Tuscola, IL 61953|Tuscola","ROAD RANGER 139|1112 East Southline Road, Tuscola, IL 61953|Tuscola","1112 East Southline Road, Tuscola, IL 61953",Tuscola,IL,,39.7919732,-88.2683213,0.0,3.129,3.629,4.079,5.339,ROAD RANGER,,False,False,,,Yes,2026-03-17T05:30:58.076177+00:00,
"Road Ranger #140 - Mendota, IL",41.5538796,-89.066747,"ROAD RANGER 140|2705 East 12th St., Mendota, IL 61342|Mendota","ROAD RANGER 140|2705 East 12th St., Mendota, IL 61342|Mendota","2705 East 12th St., Mendota, IL 61342",Mendota,IL,,41.5538796,-89.066747,0.0,3.599,4.099,4.549,5.299,ROAD RANGER,,False,False,,,Yes,2026-03-17T05:30:58.076228+00:00,
"Road Ranger #141 - Brazil, IN",39.523652,-87.1250154,"ROAD RANGER 141|990 W. SR 42, Brazil, IN 47834|Brazil","ROAD RANGER 141|990 W. SR 42, Brazil, IN 47834|Brazil","990 W. SR 42, Brazil, IN 47834",Brazil,IN,,39.523652,-87.1250154,0.0,3.599,4.099,4.699,4.999,ROAD RANGER,,False,False,,,Yes,2026-03-17T05:30:58.076261+00:00,
"Road Ranger #144 - Elk Run Heights, IA",42.4612404,-92.2473477,"ROAD RANGER 144|100 Plaza Drive, Elk Run Heights, IA 50707|Elk Run Heights","ROAD RANGER 144|100 Plaza Drive, Elk Run Heights, IA 50707|Elk Run Heights","100 Plaza Drive, Elk Run Heights, IA 50707",Elk Run Heights,IA,,42.4612404,-92.2473477,0.0,3.399,,4.349,5.049,ROAD RANGER,,False,False,,,Yes,2026-03-17T05:30:58.076299+00:00,
"Road Ranger #145 - Fenton, MO",38.543606,-90.4399195,"ROAD RANGER 145|205 North Highway Drive, Fenton, MO 63026|Fenton","ROAD RANGER 145|205 North Highway Drive, Fenton, MO 63026|Fenton","205 North Highway Drive, Fenton, MO 63026",Fenton,MO,,38.543606,-90.4399195,0.0,3.579,3.979,4.479,5.099,ROAD RANGER,,False,False,,,Yes,2026-03-17T05:30:58.076328+00:00,
"Road Ranger #153 - Rochelle, IL",41.934296897400245,-89.0678872802297,"ROAD RANGER 153|1101 N 7th St., Rochelle, IL 61068|Rochelle","ROAD RANGER 153|1101 N 7th St., Rochelle, IL 61068|Rochelle","1101 N 7th St., Rochelle, IL 61068",Rochelle,IL,,41.934296897400245,-89.0678872802297,0.0,3.559,4.059,4.509,,ROAD RANGER,,False,False,,,Yes,2026-03-17T05:30:58.076365+00:00,
"Road Ranger #157 - Okawville, IL",38.4364187,-89.5347246,"ROAD RANGER 157|905 Hen House Road, Okawville, IL 62271|Okawville","ROAD RANGER 157|905 Hen House Road, Okawville, IL 62271|Okawville","905 Hen House Road, Okawville, IL 62271",Okawville,IL,,38.4364187,-89.5347246,0.0,3.599,4.299,4.549,5.339,ROAD RANGER,,False,False,,,Yes,2026-03-17T05:30:58.076394+00:00,
"Road Ranger #181 - Springfield, IL",39.7128674,-89.648992,"ROAD RANGER 181|500 Toronto Road, Springfield, IL 62711|Springfield","ROAD RANGER 181|500 Toronto Road, Springfield, IL 62711|Springfield","500 Toronto Road, Springfield, IL 62711",Springfield,IL,,39.7128674,-89.648992,0.0,3.599,4.099,4.549,4.999,ROAD RANGER,,False,False,,,Yes,2026-03-17T05:30:58.076421+00:00,
"Road Ranger #185 - McLean, IL",40.3179987,-89.1690822,"ROAD RANGER 185|315 Dixie Rd. Suite A, McLean, IL 61754|McLean","ROAD RANGER 185|315 Dixie Rd. Suite A, McLean, IL 61754|McLean","315 Dixie Rd. Suite A, McLean, IL 61754",McLean,IL,,40.3179987,-89.1690822,0.0,3.569,4.069,4.569,4.999,ROAD RANGER,,False,False,,,Yes,2026-03-17T05:30:58.076448+00:00,
"Road Ranger #186 - Minonk, IL",40.9134707,-89.0534671,"ROAD RANGER 186|1311 Carolyn Dr., Minonk, IL 61760|Minonk","ROAD RANGER 186|1311 Carolyn Dr., Minonk, IL 61760|Minonk","1311 Carolyn Dr., Minonk, IL 61760",Minonk,IL,,40.9134707,-89.0534671,0.0,3.569,4.069,4.519,4.999,ROAD RANGER,,False,False,,,Yes,2026-03-17T05:30:58.076482+00:00,
"Road Ranger #187 - Chicago, IL",41.831278,-87.6946279,"ROAD RANGER 187|3401 S California Ave, Chicago, IL 60608|Chicago","ROAD RANGER 187|3401 S California Ave, Chicago, IL 60608|Chicago","3401 S California Ave, Chicago, IL 60608",Chicago,IL,,41.831278,-87.6946279,0.0,3.349,3.949,4.449,4.899,ROAD RANGER,,False,False,,,Yes,2026-03-17T05:30:58.076498+00:00,
"Road Ranger #203 - Rockford, IL",42.2085811,-89.1076044,"ROAD RANGER 203|4980 S. Main St., Rockford, IL 61102|Rockford","ROAD RANGER 203|4980 S. Main St., Rockford, IL 61102|Rockford","4980 S. Main St., Rockford, IL 61102",Rockford,IL,,42.2085811,-89.1076044,0.0,3.649,4.149,4.599,4.749,ROAD RANGER,,False,False,,,Yes,2026-03-17T05:30:58.076511+00:00,
"Road Ranger #205 - South Beloit, IL",42.4909647,-88.9992534,"ROAD RANGER 205|6070 Gardner St., South Beloit, IL 61080|South Beloit","ROAD RANGER 205|6070 Gardner St., South Beloit, IL 61080|South Beloit","6070 Gardner St., South Beloit, IL 61080",South Beloit,IL,,42.4909647,-88.9992534,0.0,3.599,4.199,4.699,5.249,ROAD RANGER,,False,False,,,Yes,2026-03-17T05:30:58.076524+00:00,
"Road Ranger #206 - Winnebago, IL",42.2802763,-89.2422629,"ROAD RANGER 206|902 N. Elida St., Winnebago, IL 61088|Winnebago","ROAD RANGER 206|902 N. Elida St., Winnebago, IL 61088|Winnebago","902 N. Elida St., Winnebago, IL 61088",Winnebago,IL,,42.2802763,-89.2422629,0.0,3.699,4.249,4.799,4.749,ROAD RANGER,,False,False,,,Yes,2026-03-17T05:30:58.076538+00:00,
"Road Ranger #209 - Oakdale, WI",43.9636232,-90.3757182,"ROAD RANGER 209|102 E.Woody St., Oakdale, WI 54660|Oakdale","ROAD RANGER 209|102 E.Woody St., Oakdale, WI 54660|Oakdale","102 E.Woody St., Oakdale, WI 54660",Oakdale,WI,,43.9636232,-90.3757182,0.0,3.399,3.849,4.249,4.799,ROAD RANGER,,False,False,,,Yes,2026-03-17T05:30:58.076552+00:00,
"Road Ranger #210 - Rochelle, IL",41.9338987,-89.0349575,"ROAD RANGER 210|890 E. IL Route 38, Rochelle, IL 61068|Rochelle","ROAD RANGER 210|890 E. IL Route 38, Rochelle, IL 61068|Rochelle","890 E. IL Route 38, Rochelle, IL 61068",Rochelle,IL,,41.9338987,-89.0349575,0.0,3.599,4.299,4.549,5.239,ROAD RANGER,,False,False,,,Yes,2026-03-17T05:30:58.076564+00:00,
"Road Ranger #211 - Loves Park, IL",42.3195639,-88.9693605,"ROAD RANGER 211|7500 E. Riverside Blvd., Loves Park, IL 61111|Loves Park","ROAD RANGER 211|7500 E. Riverside Blvd., Loves Park, IL 61111|Loves Park","7500 E. Riverside Blvd., Loves Park, IL 61111",Loves Park,IL,,42.3195639,-88.9693605,0.0,3.759,4.309,4.859,4.899,ROAD RANGER,,False,False,,,Yes,2026-03-17T05:30:58.076579+00:00,
"Road Ranger #225 - Princeton, IL",41.4031053,-89.4689005,"ROAD RANGER 225|2835 North Main St., Princeton, IL 61356|Princeton","ROAD RANGER 225|2835 North Main St., Princeton, IL 61356|Princeton","2835 North Main St., Princeton, IL 61356",Princeton,IL,,41.4031053,-89.4689005,0.0,3.599,3.999,4.499,5.199,ROAD RANGER,,False,False,,,Yes,2026-03-17T05:30:58.076591+00:00,
"Road Ranger #226 - Greenwood, IN ",39.6136413,-86.0711201,"ROAD RANGER 226|1615 East Main St., Greenwood, IN 46143|Greenwood","ROAD RANGER 226|1615 East Main St., Greenwood, IN 46143|Greenwood","1615 East Main St., Greenwood, IN 46143",Greenwood,IN,,39.6136413,-86.0711201,0.0,3.899,4.399,4.899,4.999,ROAD RANGER,,False,False,,,Yes,2026-03-17T05:30:58.076604+00:00,
"Road Ranger #235 - Hampshire, IL",42.149425,-88.5115959,"ROAD RANGER 235|19N681 US-20, Hampshire, IL 60140|Hampshire","ROAD RANGER 235|19N681 US-20, Hampshire, IL 60140|Hampshire","19N681 US-20, Hampshire, IL 60140",Hampshire,IL,,42.149425,-88.5115959,0.0,3.999,4.599,5.099,5.239,ROAD RANGER,,False,False,,,Yes,2026-03-17T05:30:58.076617+00:00,
"Road Ranger #236 - East Troy, WI",42.7906328,-88.3891736,"ROAD RANGER 236|1946 Energy Dr., East Troy, WI 53120|East Troy","ROAD RANGER 236|1946 Energy Dr., East Troy, WI 53120|East Troy","1946 Energy Dr., East Troy, WI 53120",East Troy,WI,,42.7906328,-88.3891736,0.0,,,,4.699,ROAD RANGER,,False,False,,,Yes,2026-03-17T05:30:58.076631+00:00,
"Road Ranger #240 - Lake Station, IN",41.5785273,-87.2396748,"ROAD RANGER 240|2151 Ripley St., Lake Station, IN 46405|Lake Station","ROAD RANGER 240|2151 Ripley St., Lake Station, IN 46405|Lake Station","2151 Ripley St., Lake Station, IN 46405",Lake Station,IN,,41.5785273,-87.2396748,0.0,3.289,3.789,4.289,5.099,ROAD RANGER,,False,False,,,Yes,2026-03-17T05:30:58.076646+00:00,
"Road Ranger #242 - Saint Robert, MO",37.8362414,-92.0993155,"ROAD RANGER 242|22345 Highway 28, St. Roberts, MO 65584|Saint Robert","ROAD RANGER 242|22345 Highway 28, St. Roberts, MO 65584|Saint Robert","22345 Highway 28, St. Roberts, MO 65584",Saint Robert,MO,,37.8362414,-92.0993155,0.0,3.179,3.479,3.779,4.849,ROAD RANGER,,False,False,,,Yes,2026-03-17T05:30:58.076660+00:00,
"Road Ranger #263 - Ottawa, IL",41.3789124,-88.7772025,"ROAD RANGER 263|3041 North IL Route 71, Ottawa, IL 61350|Ottawa","ROAD RANGER 263|3041 North IL Route 71, Ottawa, IL 61350|Ottawa","3041 North IL Route 71, Ottawa, IL 61350",Ottawa,IL,,41.3789124,-88.7772025,0.0,3.599,4.149,4.549,5.299,ROAD RANGER,,False,False,,,Yes,2026-03-17T05:30:58.076673+00:00,
"Road Ranger #265 - Dixon, IL",41.8225492,-89.4751038,"ROAD RANGER 265|1801 South Galena Avenue, Dixon, IL 61021|Dixon","ROAD RANGER 265|1801 South Galena Avenue, Dixon, IL 61021|Dixon","1801 South Galena Avenue, Dixon, IL 61021",Dixon,IL,,41.8225492,-89.4751038,0.0,3.579,4.079,4.529,4.999,ROAD RANGER,,False,False,,,Yes,2026-03-17T05:30:58.076686+00:00,
"Road Ranger #266 - New Berlin, IL",39.7325419,-89.9245933,"ROAD RANGER 266|700 King Rd, New Berlin, IL 62670|New Berlin","ROAD RANGER 266|700 King Rd, New Berlin, IL 62670|New Berlin","700 King Rd, New Berlin, IL 62670",New Berlin,IL,,39.7325419,-89.9245933,0.0,3.549,3.699,4.149,5.339,ROAD RANGER,,False,False,,,Yes,2026-03-17T05:30:58.076697+00:00,
"Road Ranger #267 - Pharr, TX",26.09359295729959,-98.20167933101634,"ROAD RANGER 267|10602 S. Cage Blvd, Pharr, TX 78577|Pharr","ROAD RANGER 267|10602 S. Cage Blvd, Pharr, TX 78577|Pharr","10602 S. Cage Blvd, Pharr, TX 78577",Pharr,TX,,26.09359295729959,-98.20167933101634,0.0,3.299,3.899,4.299,4.899,ROAD RANGER,,False,False,,,Yes,2026-03-17T05:30:58.076716+00:00,
"Road Ranger #268 - Grayville, IL",38.2401076,-87.9991526,"ROAD RANGER 268|1776 S Court St., Grayville, IL 62844|Grayville","ROAD RANGER 268|1776 S Court St., Grayville, IL 62844|Grayville","1776 S Court St., Grayville, IL 62844",Grayville,IL,,38.2401076,-87.9991526,0.0,3.599,4.099,4.599,4.999,ROAD RANGER,,False,False,,,Yes,2026-03-17T05:30:58.076730+00:00,
"Road Ranger #269 - Marshall, IL",39.4244757,-87.6917016,"ROAD RANGER 269|2003 IL Hwy 1, Marshall, IL 62441|Marshall","ROAD RANGER 269|2003 IL Hwy 1, Marshall, IL 62441|Marshall","2003 IL Hwy 1, Marshall, IL 62441",Marshall,IL,,39.4244757,-87.6917016,0.0,3.599,4.199,4.699,5.349,ROAD RANGER,,False,False,,,Yes,2026-03-17T05:30:58.076742+00:00,
"Road Ranger #270 - Moore, TX",29.0290735,-99.0507167,"ROAD RANGER 270|9977 North Interstate 35, Moore, TX 78057|Moore","ROAD RANGER 270|9977 North Interstate 35, Moore, TX 78057|Moore","9977 North Interstate 35, Moore, TX 78057",Moore,TX,,29.0290735,-99.0507167,0.0,3.399,3.899,4.249,4.939,ROAD RANGER,,False,False,,,Yes,2026-03-17T05:30:58.076761+00:00,
"Road Ranger #271 - Odessa, TX",31.7638389,-102.3653369,"ROAD RANGER 271|10490 West Interstate 20, Odessa, TX 79763|Odessa","ROAD RANGER 271|10490 West Interstate 20, Odessa, TX 79763|Odessa","10490 West Interstate 20, Odessa, TX 79763",Odessa,TX,,31.7638389,-102.3653369,0.0,3.489,3.989,4.439,5.149,ROAD RANGER,,False,False,,,Yes,2026-03-17T05:30:58.076784+00:00,
"Road Ranger #272 - Encinal, TX",28.0469596,-99.3485642,"ROAD RANGER 272|45 East State Highway 44, Encinal, TX 78019|Encinal","ROAD RANGER 272|45 East State Highway 44, Encinal, TX 78019|Encinal","45 East State Highway 44, Encinal, TX 78019",Encinal,TX,,28.0469596,-99.3485642,0.0,3.399,3.899,4.299,5.139,ROAD RANGER,,False,False,,,Yes,2026-03-17T05:30:58.076804+00:00,
"Road Ranger #273 - Combes, TX",26.248973,-97.7290958,"ROAD RANGER 273|18337 Templeton Ave., Combes, TX 78535|Combes","ROAD RANGER 273|18337 Templeton Ave., Combes, TX 78535|Combes","18337 Templeton Ave., Combes, TX 78535",Combes,TX,,26.248973,-97.7290958,0.0,3.299,3.799,4.149,5.139,ROAD RANGER,,False,False,,,Yes,2026-03-17T05:30:58.076824+00:00,
"Road Ranger #275 - Sonora, TX",30.580391,-100.646245,"ROAD RANGER 275|601 US-277, Sonora, TX 76950|Sonora","ROAD RANGER 275|601 US-277, Sonora, TX 76950|Sonora","601 US-277, Sonora, TX 76950",Sonora,TX,,30.580391,-100.646245,0.0,3.359,3.859,4.359,5.149,ROAD RANGER,,False,False,,,Yes,2026-03-17T05:30:58.076843+00:00,
"Road Ranger #276 - Waco, TX",31.6506875,-97.0989245,"ROAD RANGER 276|6615 North Interstate Highway 35, Waco, TX 76705|Waco","ROAD RANGER 276|6615 North Interstate Highway 35, Waco, TX 76705|Waco","6615 North Interstate Highway 35, Waco, TX 76705",Waco,TX,,31.6506875,-97.0989245,0.0,3.599,4.199,4.599,5.049,ROAD RANGER,,False,False,,,Yes,2026-03-17T05:30:58.076862+00:00,
"Road Ranger #277 - New Boston, TX",33.4772576,-94.4104669,"ROAD RANGER 277|907 N. McCoy Blvd., New Boston, TX 75570|New Boston","ROAD RANGER 277|907 N. McCoy Blvd., New Boston, TX 75570|New Boston","907 N. McCoy Blvd., New Boston, TX 75570",New Boston,TX,,33.4772576,-94.4104669,0.0,3.399,3.999,4.399,5.039,ROAD RANGER,,False,False,,,Yes,2026-03-17T05:30:58.076878+00:00,
"Road Ranger #278 - Brinkley, AR",34.912517,-91.193759,"ROAD RANGER 278|2202 N. Main St., Brinkley, AR 72021|Brinkley","ROAD RANGER 278|2202 N. Main St., Brinkley, AR 72021|Brinkley","2202 N. Main St., Brinkley, AR 72021",Brinkley,AR,,34.912517,-91.193759,0.0,3.199,3.799,4.299,4.699,ROAD RANGER,,False,False,,,Yes,2026-03-17T05:30:58.076896+00:00,
"Road Ranger #279 - Marion, IL",37.6197159,-88.9859542,"ROAD RANGER 279|1701 Route 148, Marion, IL 62959|Marion","ROAD RANGER 279|1701 Route 148, Marion, IL 62959|Marion","1701 Route 148, Marion, IL 62959",Marion,IL,,37.6197159,-88.9859542,0.0,3.799,4.299,4.799,5.489,ROAD RANGER,,False,False,,,Yes,2026-03-17T05:30:58.076911+00:00,
"Road Ranger #280 - Monahans, TX",31.5694524,-102.9074723,"ROAD RANGER 280|2300 TX-464 Loop Rd., Monahans, TX 97956|Monahans","ROAD RANGER 280|2300 TX-464 Loop Rd., Monahans, TX 97956|Monahans","2300 TX-464 Loop Rd., Monahans, TX 97956",Monahans,TX,,31.5694524,-102.9074723,0.0,3.799,4.399,4.699,5.199,ROAD RANGER,,False,False,,,Yes,2026-03-17T05:30:58.076931+00:00,
"Road Ranger #281 - Cisco, TX",32.3732195,-98.9691457,"ROAD RANGER 281|202 INTERSTATE 20 FRONTAGE RD., Cisco, TX 76437|Cisco","ROAD RANGER 281|202 INTERSTATE 20 FRONTAGE RD., Cisco, TX 76437|Cisco","202 INTERSTATE 20 FRONTAGE RD., Cisco, TX 76437",Cisco,TX,,32.3732195,-98.9691457,0.0,3.469,3.969,4.319,5.039,ROAD RANGER,,False,False,,,Yes,2026-03-17T05:30:58.076951+00:00,
"Road Ranger #282 - Gainesville, TX",33.6698776,-97.1523269,"ROAD RANGER 282|3703 I-35, Gainesville, TX 76240|Gainesville","ROAD RANGER 282|3703 I-35, Gainesville, TX 76240|Gainesville","3703 I-35, Gainesville, TX 76240",Gainesville,TX,,33.6698776,-97.1523269,0.0,3.499,3.999,4.349,4.799,ROAD RANGER,,False,False,,,Yes,2026-03-17T05:30:58.076969+00:00,
"Road Ranger #283 - Sealy, TX",29.7512182,-96.2665791,"ROAD RANGER 283|1848 Beckendorff Road, Sealy, TX 77474|Sealy","ROAD RANGER 283|1848 Beckendorff Road, Sealy, TX 77474|Sealy","1848 Beckendorff Road, Sealy, TX 77474",Sealy,TX,,29.7512182,-96.2665791,0.0,3.499,3.949,4.449,5.089,ROAD RANGER,,False,False,,,Yes,2026-03-17T05:30:58.076989+00:00,
"Road Ranger #284 - New Deal, TX",33.7366181,-101.8434558,"ROAD RANGER 284|70 S Aspen Ave, Lubbock, TX 79403|New Deal","ROAD RANGER 284|70 S Aspen Ave, Lubbock, TX 79403|New Deal","70 S Aspen Ave, Lubbock, TX 79403",New Deal,TX,,33.7366181,-101.8434558,0.0,3.299,3.699,4.099,5.049,ROAD RANGER,,False,False,,,Yes,2026-03-17T05:30:58.077009+00:00,
"Road Ranger #285 - Seguin, TX",29.5713702,-98.0119416,"ROAD RANGER 285|2460 FM 464, Seguin, TX 78155|Seguin","ROAD RANGER 285|2460 FM 464, Seguin, TX 78155|Seguin","2460 FM 464, Seguin, TX 78155",Seguin,TX,,29.5713702,-98.0119416,0.0,3.419,4.019,4.419,4.799,ROAD RANGER,,False,False,,,Yes,2026-03-17T05:30:58.077029+00:00,
"Road Ranger #286 - Amarillo, TX",35.1934938,-101.7077997,"ROAD RANGER 286|11215 E I-40, Amarillo, TX 79118|Amarillo","ROAD RANGER 286|11215 E I-40, Amarillo, TX 79118|Amarillo","11215 E I-40, Amarillo, TX 79118",Amarillo,TX,,35.1934938,-101.7077997,0.0,3.199,3.499,3.899,5.049,ROAD RANGER,,False,False,,,Yes,2026-03-17T05:30:58.077049+00:00,
"Road Ranger #287 - Bourbonnais, IL",41.20627790265876,-87.8709137380383,"ROAD RANGER 287|5210 Quebec Dr, Bourbonnais, IL 60914|Bourbonnais","ROAD RANGER 287|5210 Quebec Dr, Bourbonnais, IL 60914|Bourbonnais","5210 Quebec Dr, Bourbonnais, IL 60914",Bourbonnais,IL,,41.20627790265876,-87.8709137380383,0.0,3.599,4.199,4.699,5.099,ROAD RANGER,,False,False,,,Yes,2026-03-17T05:30:58.077064+00:00,
"Road Ranger #289 - Teague, TX",31.5964732,-96.1467748,"ROAD RANGER 289|776 TX-179, Teague, TX 75860|Teague","ROAD RANGER 289|776 TX-179, Teague, TX 75860|Teague","776 TX-179, Teague, TX 75860",Teague,TX,,31.5964732,-96.1467748,0.0,3.149,3.649,4.049,5.009,ROAD RANGER,,False,False,,,Yes,2026-03-17T05:30:58.077087+00:00,
"Road Ranger #290 - Joplin, MO",37.0674002,-94.4032877,"ROAD RANGER 290|2101 S. Prigmor Avenue, Joplin, MO 64804|Joplin","ROAD RANGER 290|2101 S. Prigmor Avenue, Joplin, MO 64804|Joplin","2101 S. Prigmor Avenue, Joplin, MO 64804",Joplin,MO,,37.0674002,-94.4032877,0.0,3.199,3.599,3.999,4.399,ROAD RANGER,,False,False,,,Yes,2026-03-17T05:30:58.077106+00:00,
"Road Ranger #312 - Vidor, TX",30.131185,-93.959974,"ROAD RANGER 312|17160 Interstate Hwy 10, Vidor, TX 77662|Vidor","ROAD RANGER 312|17160 Interstate Hwy 10, Vidor, TX 77662|Vidor","17160 Interstate Hwy 10, Vidor, TX 77662",Vidor,TX,,30.131185,-93.959974,0.0,2.899,3.499,3.899,5.049,ROAD RANGER,,False,False,,,Yes,2026-03-17T05:30:58.077127+00:00,
"Road Ranger #315 - Laredo, TX",27.6536303,-99.5632614,"ROAD RANGER 315|20002 Mines Rd FM 1472, Laredo, TX 78045|Laredo","ROAD RANGER 315|20002 Mines Rd FM 1472, Laredo, TX 78045|Laredo","20002 Mines Rd FM 1472, Laredo, TX 78045",Laredo,TX,,27.6536303,-99.5632614,0.0,3.199,3.699,4.049,5.149,ROAD RANGER,,False,False,,,Yes,2026-03-17T05:30:58.077149+00:00,
"Road Ranger #319 - Milford, TX",32.1336355,-96.952332,"ROAD RANGER 319|900 W Water St., Milford, TX 76670|Milford","ROAD RANGER 319|900 W Water St., Milford, TX 76670|Milford","900 W Water St., Milford, TX 76670",Milford,TX,,32.1336355,-96.952332,0.0,3.199,3.699,4.049,4.899,ROAD RANGER,,False,False,,,Yes,2026-03-17T05:30:58.077169+00:00,
"Road Ranger #323 - Canton, TX",32.5820887,-95.8741616,"ROAD RANGER 323|13951 FM 859, Canton, TX 75103|Canton","ROAD RANGER 323|13951 FM 859, Canton, TX 75103|Canton","13951 FM 859, Canton, TX 75103",Canton,TX,,32.5820887,-95.8741616,0.0,3.329,3.929,4.329,4.999,ROAD RANGER,,False,False,,,Yes,2026-03-17T05:30:58.077194+00:00,
"Road Ranger #118 - Springfield, IL",39.8304811,-89.5842419,CASEYS #2285|3001 RIDGE AVE|SPRINGFIELD,CASEYS #2285,3001 RIDGE AVE,SPRINGFIELD,IL,62702-4559,39.818345,-89.606344,1.44,3.579,,,4.999,CASEY'S GENERAL STORE,2175288754,,,03/16/2026 22:59:13 PM,,Yes,2026-03-17T05:40:33.523808+00:00,2285
"Road Ranger #118 - Springfield, IL",39.8304811,-89.5842419,CIRCLE K # 00190|2201 N DIRKSEN PKWY|SPRINGFIELD,CIRCLE K # 00190,2201 N DIRKSEN PKWY,SPRINGFIELD,IL,62702-1401,39.83149,-89.60482,1.09,3.599,4.299,4.699,4.999,CIRCLE K,2175228216,,,2026-03-13 14:00:00.0,,Yes,2026-03-17T05:40:35.898345+00:00,4701303
"Road Ranger #118 - Springfield, IL",39.8304811,-89.5842419,CIRCLE K # 01303|2120 N DIRKSEN PKWY|SPRINGFIELD,CIRCLE K # 01303,2120 N DIRKSEN PKWY,SPRINGFIELD,IL,62702-2121,39.8306,-89.60485,1.09,3.529,4.229,4.629,,CIRCLE K,2175280284,,,2026-03-16 16:50:00.0,,Yes,2026-03-17T05:40:37.967768+00:00,4700190
"Road Ranger #118 - Springfield, IL",39.8304811,-89.5842419,SHELL SERVICE STATIO|2121 N DIRKSEN PKWY|SPRINGFIELD,SHELL SERVICE STATIO,2121 N DIRKSEN PKWY,SPRINGFIELD,IL,62702-2120,39.83071598,-89.60533316,1.17,3.699,,4.799,4.999,SHELL,,False,True,2026-03-17T02:51:55.039000,1773715915039,No,,
"Road Ranger #118 - Springfield, IL",39.8304811,-89.5842419,TA Express Riverton|2855 OVERPASS ROAD|RIVERTON,TA Express Riverton,2855 OVERPASS ROAD,RIVERTON,IL,62561,39.84215488,-89.5216767,3.38,,,,5.099,TA-Petro,3099254217,,,2026-03-17T05:42:37.596085+00:00,,Yes,2026-03-17T05:42:37.596121+00:00,
"Road Ranger #118 - Springfield, IL",39.8304811,-89.5842419,SPEEDWAY 03961|4895 DINIUS RD|WILLIAMSVILLE,SPEEDWAY 03961,4895 DINIUS RD,WILLIAMSVILLE,IL,62693-9207,39.96176,-89.561101,9.15,3.599,4.199,4.699,4.899,SPEEDWAY,2175662622,,,50 minutes ago,,Yes,2026-03-17T05:41:57.325908+00:00,
"Road Ranger #132 - Champaign, IL",40.17769,-88.240499,CIRCLE K # 1413|507 W UNIVERSITY AVE|URBANA,CIRCLE K # 1413,507 W UNIVERSITY AVE,URBANA,IL,61801,40.116489,-88.212916,4.47,3.779,4.479,4.779,4.999,CIRCLE K,2173448723,,,2026-03-14 02:52:00.0,,Yes,2026-03-17T05:40:40.040345+00:00,4701413
"Road Ranger #132 - Champaign, IL",40.17769,-88.240499,MEIJER STORE #146|2401 N PROSPECT AVE|CHAMPAIGN,MEIJER STORE #146,2401 N PROSPECT AVE,CHAMPAIGN,IL,61822-1233,40.142642,-88.257911,2.59,3.739,4.239,4.739,4.889,MEIJER,2173534000,,,2026-03-16T15:50:51.883,,Yes,2026-03-17T05:42:51.376769+00:00,146
"Road Ranger #132 - Champaign, IL",40.17769,-88.240499,MURPHY 7231 ATWALMRT|2602 N PROSPECT AVE|CHAMPAIGN,MURPHY 7231 ATWALMRT,2602 N PROSPECT AVE,CHAMPAIGN,IL,61822-1251,40.146662,-88.257988,2.33,3.739,4.399,4.999,4.889,MURPHY USA,8708816817,,,2026-03-16T17:12:19.163Z,,Yes,2026-03-17T05:42:10.985746+00:00,
"Road Ranger #132 - Champaign, IL",40.17769,-88.240499,PILOT #468|815 US HIGHWAY 24 W|GILMAN,PILOT #468,815 US HIGHWAY 24 W,GILMAN,IL,60938-8006,40.751595,-88.001415,41.6,3.599,4.039,4.359,5.399,PILOT,8152654754,,,2026-03-17T05:39:12.707975+00:00,,Yes,2026-03-17T05:39:12.707984+00:00,468
"Road Ranger #132 - Champaign, IL",40.17769,-88.240499,"Love's Travel Stop in Normal, IL. Store #867|2007 N Main St|Normal|RR132","Love's Travel Stop in Normal, IL. Store #867",2007 N Main St,Normal,IL,61761,40.541664,-88.998009,47.15,3.999,4.499,4.949,5.049,Love's,(309) 445-6881,,,2026-03-17T05:41:06.887511+00:00,,Yes,2026-03-17T05:41:06.887526+00:00,
"Road Ranger #132 - Champaign, IL",40.17769,-88.240499,PILOT - DECATUR|4030 E BOYD RD|DECATUR,PILOT - DECATUR,4030 E BOYD RD,DECATUR,IL,62521,39.907519,88.895694,39.4,3.599,4.039,4.609,5.259,Pilot,,,,2026-03-17T05:39:14.291487+00:00,,Yes,2026-03-17T05:39:14.291495+00:00,368
"Road Ranger #132 - Champaign, IL",40.17769,-88.240499,QUIKTRIP 7194|1505 N NEIL ST|CHAMPAIGN,QUIKTRIP 7194,1505 N NEIL ST,CHAMPAIGN,IL,61820-2224,40.13202,-88.24366,3.16,3.999,4.499,5.099,4.899,QUIKTRIP,8002473452,,,,,Yes,2026-03-17T05:42:22.075902+00:00,
"Road Ranger #136 - Cottage Grove, WI",42.9985528,-89.1996224,BP 1378500|1888 BARBER DR|STOUGHTON,BP 1378500,1888 BARBER DR,STOUGHTON,WI,53589,42.94946,-89.26955,4.9,3.399,,,,BP PRODUCTS NA,6088735321,False,False,2026-03-13T18:56:17.175000,1773428177175,No,,
"Road Ranger #136 - Cottage Grove, WI",42.9985528,-89.1996224,BP 6293898|2763 COUNTY ROAD N|COTTAGE GROVE,BP 6293898,2763 COUNTY ROAD N,COTTAGE GROVE,WI,53527-9597,42.998899,-89.200507,0.05,3.399,4.099,4.799,4.689,BP PRODUCTS NA,6088730504,False,True,2026-03-17T00:38:14.769000,1773707894769,No,,
"Road Ranger #136 - Cottage Grove, WI",42.9985528,-89.1996224,KWIK TRIP 893|1359 US HIGHWAY 51|STOUGHTON,KWIK TRIP 893,1359 US HIGHWAY 51,STOUGHTON,WI,53589-3729,42.920138,-89.250574,6,3.399,3.369,4.599,4.699,KWIK TRIP,6088730287,False,True,2026-03-16T23:39:29.304000,1773704369304,No,,
"Road Ranger #136 - Cottage Grove, WI",42.9985528,-89.1996224,"Love's Travel Stop in Dekorra - Poynette, WI. Store #637|W9493 County Road Cs|Dekorra - Poynette","Love's Travel Stop in Dekorra - Poynette, WI. Store #637",W9493 County Road Cs,Dekorra - Poynette,WI,53955,43.390296,-89.469399,30.29,3.399,3.899,4.399,4.769,Love's,(608) 635-2944,,,2026-03-17T05:41:08.214478+00:00,,Yes,2026-03-17T05:41:08.214493+00:00,
"Road Ranger #139 - Tuscola, IL",39.7919732,-88.2683213,FLYING J 643|1701 W EVERGREEN AVE|EFFINGHAM,FLYING J 643,1701 W EVERGREEN AVE,EFFINGHAM,IL,62401-4426,39.135025,-88.569373,48.15,3.999,4.549,5.119,5.359,PILOT,2173477161,,,2026-03-17T05:39:15.873382+00:00,,Yes,2026-03-17T05:39:15.873391+00:00,643
"Road Ranger #139 - Tuscola, IL",39.7919732,-88.2683213,FUEL MART 787|1207 E SOUTHLINE RD|TUSCOLA,FUEL MART 787,1207 E SOUTHLINE RD,TUSCOLA,IL,61953-2047,39.79163,-88.259634,0.46,3.129,,,5.119,IFM'S   1,2172533925,True,True,2026-03-16T22:15:57.455000,1773699357455,No,,
"Road Ranger #139 - Tuscola, IL",39.7919732,-88.2683213,IL 0229|314 E SOUTHLINE RD|TUSCOLA,IL 0229,314 E SOUTHLINE RD,TUSCOLA,IL,61953-2057,39.79162,-88.283714,0.82,3.659,,,,EXXONMOBIL,2172531099,False,True,2026-03-16T20:15:35.523000,1773692135523,No,,
"Road Ranger #139 - Tuscola, IL",39.7919732,-88.2683213,LANMAN OIL CO.|1000 E SOUTHLINE RD|TUSCOLA,LANMAN OIL CO.,1000 E SOUTHLINE RD,TUSCOLA,IL,61953-2044,39.79161,-88.27198,0.2,3.129,,,4.799,MARATHON,2172533116,True,True,2026-03-17T00:33:52.547000,1773707632547,No,,
"Road Ranger #139 - Tuscola, IL",39.7919732,-88.2683213,PILOT 165|2500 N 3RD ST|EFFINGHAM,PILOT 165,2500 N 3rd ST,EFFINGHAM,IL,,39.149186,-88.530599,46.61,3.999,4.589,5.109,5.359,Pilot,,,,2026-03-17T05:39:17.480150+00:00,,Yes,2026-03-17T05:39:17.480158+00:00,165
"Road Ranger #139 - Tuscola, IL",39.7919732,-88.2683213,"Love's Travel Stop in Tuscola, IL. Store #798|809 Moore Ave|Tuscola","Love's Travel Stop in Tuscola, IL. Store #798",809 Moore Ave,Tuscola,IL,61953,39.793161,-88.266061,0.15,3.299,3.799,4.249,5.289,Love's,(217) 253-6855,,,2026-03-17T05:41:09.257088+00:00,,Yes,2026-03-17T05:41:09.257102+00:00,
"Road Ranger #140 - Mendota, IL",41.5538796,-89.066747,BP 9657560|1302 RAYMOND DR|MENDOTA,BP 9657560,1302 RAYMOND DR,MENDOTA,IL,61342-9300,41.554386,-89.06639,0.04,3.599,3.949,,4.899,BP PRODUCTS NA,8155393300,False,True,2026-03-17T01:48:14.982000,1773712094982,No,,
"Road Ranger #140 - Mendota, IL",41.5538796,-89.066747,"Love's Travel Stop in Oglesby, IL. Store #529|1001 W. Walnut St.|Oglesby","Love's Travel Stop in Oglesby, IL. Store #529",1001 W. Walnut St.,Oglesby,IL,61348,41.293551,-89.086601,18.02,3.399,3.899,4.349,5.349,Love's,(815) 883-3561,,,2026-03-17T05:41:11.228340+00:00,,Yes,2026-03-17T05:41:11.228353+00:00,
"Road Ranger #140 - Mendota, IL",41.5538796,-89.066747,"Love's Travel Stop in Utica , IL. Store #351|3020 E. 8th Rd.|Utica|RR140","Love's Travel Stop in Utica , IL. Store #351",3020 E. 8th Rd.,Utica ,IL,61373,41.370086,-89.00914,13.05,3.589,4.089,4.539,5.249,Love's,(815) 667-4572,,,2026-03-17T05:41:10.254612+00:00,,Yes,2026-03-17T05:41:10.254624+00:00,
"Road Ranger #140 - Mendota, IL",41.5538796,-89.066747,MENDOTA CITGO|208 12TH ST|MENDOTA,MENDOTA CITGO,208 12TH ST,MENDOTA,IL,61342,41.55495,-89.1115,2.32,3.499,,,,CITGO,8155382923,True,True,2026-03-16T16:26:48.500000,1773678408500,No,,
"Road Ranger #141 - Brazil, IN",39.523652,-87.1250154,BP 6623045|1030 W STATE ROAD 42|BRAZIL,BP 6623045,1030 W STATE ROAD 42,BRAZIL,IN,47834-7509,39.445907,-87.126879,0.07,3.578,,,4.989,BP PRODUCTS NA,8124428022,False,True,2026-03-17T00:29:17.118000,1773707357118,No,,
"Road Ranger #141 - Brazil, IN",39.523652,-87.1250154,PILOT SITE 444|4376 N STATE ROAD 59|BRAZIL,PILOT SITE 444,4376 N STATE ROAD 59,BRAZIL,IN,47834-7561,39.452514,-87.126276,0.37,3.899,4.339,4.869,5.499,PILOT,8124469400,,,2026-03-17T05:39:19.097809+00:00,,Yes,2026-03-17T05:39:19.097818+00:00,444
"Road Ranger #141 - Brazil, IN",39.523652,-87.1250154,,Petro Brazil,,Brazil,Indiana,,39.4455,-87.127,0.13,3.589,4.039,4.539,5.399,TA-Petro,,,,2026-03-17T05:42:39.287660+00:00,,Yes,2026-03-17T05:42:39.287696+00:00,
"Road Ranger #141 - Brazil, IN",39.523652,-87.1250154,SPEEDWAY|4425 N STATE ROUTE|,SPEEDWAY,4425 N STATE ROUTE,,,,39.45222243,-87.12731601,0.44,3.899,4.399,4.899,4.999,Speedway,,,,15 hours ago,,Yes,2026-03-17T05:41:59.073171+00:00,43943
"Road Ranger #144 - Elk Run Heights, IA",42.4612404,-92.2473477,FLYING J 637|445 EVANSDALE DR|EVANSDALE,FLYING J 637,445 EVANSDALE DR,EVANSDALE,IA,50707-2175,42.45987,-92.25069,0.19,3.399,3.699,4.209,5.059,PILOT,3192917714,,,2026-03-17T05:39:20.690499+00:00,,Yes,2026-03-17T05:39:20.690507+00:00,637
"Road Ranger #144 - Elk Run Heights, IA",42.4612404,-92.2473477,"Love's Travel Stop in Waterloo, IA. Store #702|3301 Greyhound Dr|Waterloo","Love's Travel Stop in Waterloo, IA. Store #702",3301 Greyhound Dr,Waterloo,IA,50701,42.461731,-92.404041,7.99,3.349,3.799,4.149,5.029,Love's,(319) 234-4378,,,2026-03-17T05:41:12.093557+00:00,,Yes,2026-03-17T05:41:12.093570+00:00,
"Road Ranger #144 - Elk Run Heights, IA",42.4612404,-92.2473477,PILOT 1092|8950 EARHART LN SW|CEDAR RAPIDS,PILOT 1092,8950 EARHART LN SW,CEDAR RAPIDS,IA,52404-8968,41.89096,-91.66639,49.37,3.399,3.699,4.499,5.099,PILOT,8005626210,,,2026-03-17T05:39:22.292339+00:00,,Yes,2026-03-17T05:39:22.292348+00:00,1092
"Road Ranger #145 - Fenton, MO",38.543606,-90.4399195,FLYING J 645|1310 E CHAIN OF ROCKS RD|PONTOON BEACH,FLYING J 645,1310 E CHAIN OF ROCKS RD,PONTOON BEACH,IL,62040-2860,38.76106,-90.06373,25.25,3.599,4.159,4.619,5.399,PILOT,6189311580,,,2026-03-17T05:39:23.873550+00:00,,Yes,2026-03-17T05:39:23.873557+00:00,645
"Road Ranger #145 - Fenton, MO",38.543606,-90.4399195,MR FUEL 717|3324 HIGHWAY 100|VILLA RIDGE,MR FUEL 717,3324 HIGHWAY 100,VILLA RIDGE,MO,63089-1466,38.476,-90.85201,22.76,3.399,3.699,,4.699,PILOT,6364515569,True,True,2026-03-17T01:37:30.639000,1773711450639,No,,
"Road Ranger #145 - Fenton, MO",38.543606,-90.4399195,PILOT|1475 THORNTON ST|PACIFIC,PILOT,1475 THORNTON ST,PACIFIC,,,38.48708665,-90.75819783,17.65,3.499,3.799,4.389,5.099,Pilot,,,,2026-03-17T05:39:25.487681+00:00,,Yes,2026-03-17T05:39:25.487688+00:00,208
"Road Ranger #145 - Fenton, MO",38.543606,-90.4399195,QUIKTRIP 0641|604 BIG BEND RD|BALLWIN,QUIKTRIP 0641,604 BIG BEND RD,BALLWIN,MO,63021-7786,38.568349,-90.524124,4.86,3.699,3.999,4.349,4.599,QUIKTRIP,8002473452,,,,,Yes,2026-03-17T05:42:23.287924+00:00,
"Road Ranger #145 - Fenton, MO",38.543606,-90.4399195,QUIKTRIP 0642|1923 BOWLES AVE|FENTON,QUIKTRIP 0642,1923 BOWLES AVE,FENTON,MO,63026-1928,38.54092,-90.46936,1.6,3.599,3.899,4.249,4.499,QUIKTRIP,8002473452,,,,,Yes,2026-03-17T05:42:24.536684+00:00,
"Road Ranger #145 - Fenton, MO",38.543606,-90.4399195,Phillips - 600|600 Gravois Rd|FENTON,Phillips 66 - 600,600 Gravois Rd,FENTON,MO,63026,38.51165,-90.44069,2.12,3.579,3.879,4.179,,PHILLIPS 66,9999999999,,,2026-03-17T05:42:53.361464+00:00,,Yes,2026-03-17T05:42:53.361501+00:00,dd50785c-dcfc-437d-b02f-b8396010850d
"Road Ranger #145 - Fenton, MO",38.543606,-90.4399195,Phillips - 698|698 GRAVOIS BLUFFS BLVD|FENTON,Phillips 66 - 698,698 GRAVOIS BLUFFS BLVD,FENTON,MO,63026-7714,38.50755,-90.44333,2.5,3.599,3.899,4.199,4.499,PHILLIPS 66,3144091900,,,2026-03-17T05:42:55.072747+00:00,,Yes,2026-03-17T05:42:55.072776+00:00,efa49e62-392e-466e-952c-757c5fc04cee
"Road Ranger #145 - Fenton, MO",38.543606,-90.4399195,WALLY'S|950 ASSEMBLY PKWY|FENTON,WALLY'S,950 ASSEMBLY PKWY,FENTON,MO,63026,38.544817,-90.463595,1.28,,3.599,4.249,4.499,UNBRANDED,6366787018,False,False,2026-03-16T23:33:54.395000,1773704034395,No,,
"Road Ranger #153 - Rochelle, IL",41.9342969,-89.06788728,BENNY'S CORNER MARKE|601 FLAGG RD|ROCHELLE,BENNY'S CORNER MARKE,601 FLAGG RD,ROCHELLE,IL,61068,41.94126,-89.06654,0.49,3.599,,,,EXXONMOBIL,8155616270,False,True,2026-03-16T22:04:10.420000,1773698650420,No,,
"Road Ranger #153 - Rochelle, IL",41.9342969,-89.06788728,BP 2618800|1180 N 7TH ST|ROCHELLE,BP 2618800,1180 N 7TH ST,ROCHELLE,IL,61068,41.935946,-89.068183,0.11,3.699,,,,BP PRODUCTS NA,8155625593,False,False,2026-03-14T19:01:46.696000,1773514906696,No,,
"Road Ranger #153 - Rochelle, IL",41.9342969,-89.06788728,SHELL SERVICE STATIO|505 W IL ROUTE 38|ROCHELLE,SHELL SERVICE STATIO,505 W IL ROUTE 38,ROCHELLE,IL,61068-1199,41.9337318,-89.06723129,0.05,3.799,,,4.799,SHELL,7795527895,False,True,2026-03-16T18:36:23.475000,1773686183475,No,,
"Road Ranger #153 - Rochelle, IL",41.9342969,-89.06788728,STOP-N-GO #1530|1000 S 7TH ST|ROCHELLE,STOP-N-GO #1530,1000 S 7TH ST,ROCHELLE,IL,61068,41.90965,-89.06848,1.7,3.799,,,,KWIK TRIP,8155620071,False,True,2026-03-16T22:51:40.193000,1773701500193,No,,
"Road Ranger #157 - Okawville, IL",38.4364187,-89.5347246,CIRCLE K 1350|107 W ELM ST|OKAWVILLE,CIRCLE K 1350,107 W ELM ST,OKAWVILLE,IL,62271-1701,38.43057,-89.550703,0.95,3.599,4.199,4.499,4.999,CIRCLE K,6182431046,,,2026-03-13 14:00:00.0,,Yes,2026-03-17T05:40:42.115642+00:00,4701350
"Road Ranger #157 - Okawville, IL",38.4364187,-89.5347246,"Love's Travel Stop in New Baden, IL. Store #583|8690 Richter School Rd|New Baden","Love's Travel Stop in New Baden, IL. Store #583",8690 Richter School Rd,New Baden,IL,62265,38.534515,-89.732292,12.65,3.799,4.299,4.749,5.389,Love's,(618) 588-2257,,,2026-03-17T05:41:13.034312+00:00,,Yes,2026-03-17T05:41:13.034325+00:00,
"Road Ranger #181 - Springfield, IL",39.7128674,-89.648992,CIRCLE K SITE #0140|1201 TORONTO RD|SPRINGFIELD,CIRCLE K SITE #0140,1201 TORONTO RD,SPRINGFIELD,IL,62712-8620,39.71387,-89.63897,0.54,3.599,4.299,4.699,,CIRCLE K,2175294773,,,2026-03-08 22:10:00.0,,Yes,2026-03-17T05:40:44.184453+00:00,4700140
"Road Ranger #181 - Springfield, IL",39.7128674,-89.648992,JIFFI STOP 20|3062 ADLAI STEVENSON DR|SPRINGFIELD,JIFFI STOP 20,3062 ADLAI STEVENSON DR,SPRINGFIELD,IL,62703-4422,39.75773,-89.60967,3.74,3.529,4.499,4.949,5.023,SHELL,8000000000,True,True,2026-03-17T02:55:55.069000,1773716155069,No,,
"Road Ranger #181 - Springfield, IL",39.7128674,-89.648992,QIK N EZ #61|1230 TORONTO RD|SPRINGFIELD,QIK N EZ #61,1230 TORONTO RD,SPRINGFIELD,IL,62712-8690,39.71382,-89.63767,0.61,3.599,4.099,4.599,4.599,QIK N EZ,2175851230,False,True,2026-03-17T03:23:05.109000,1773717785109,No,,
"Road Ranger #185 - McLean, IL",40.3179987,-89.1690822,CASEYS #2554|2017 FOX CREEK RD|BLOOMINGTON,CASEYS #2554,2017 FOX CREEK RD,BLOOMINGTON,IL,61701-9531,40.44975,-89.01903,12.05,3.999,,,4.999,CASEY'S GENERAL STORE,5153814756,,,03/16/2026 22:59:14 PM,,Yes,2026-03-17T05:40:33.523865+00:00,2554
"Road Ranger #185 - McLean, IL",40.3179987,-89.1690822,MINIT MART #0799|401 E SOUTH ST|MCLEAN,MINIT MART #0799,401 E SOUTH ST,MCLEAN,IL,61754-9357,40.312717,-89.169337,0.37,,,,,UNKNOWN,9999999999,False,False,,,No,,
"Road Ranger #185 - McLean, IL",40.3179987,-89.1690822,THORNTONS #369|2903 WOODLAWN RD|LINCOLN,THORNTONS #369,2903 WOODLAWN RD,LINCOLN,IL,62656-9633,40.15785,-89.41113,16.89,3.599,3.899,4.199,4.499,THORNTONS,2177323915,,,2026-03-17 01:12:40,,Yes,2026-03-17T05:41:00.796283+00:00,
"Road Ranger #186 - Minonk, IL",40.9134707,-89.0534671,CASEYS #1326|115 E 5TH ST|MINONK,CASEYS #1326,115 E 5TH ST,MINONK,IL,61760-1301,40.901807,-89.033651,1.31,3.569,,,4.999,CASEY'S GENERAL STORE,3093242066,,,03/16/2026 22:59:14 PM,,Yes,2026-03-17T05:40:33.523894+00:00,1326
"Road Ranger #186 - Minonk, IL",40.9134707,-89.0534671,"Love's Travel Stop in Normal, IL. Store #867|2007 N Main St|Normal|RR186","Love's Travel Stop in Normal, IL. Store #867",2007 N Main St,Normal,IL,61761,40.541664,-88.998009,25.82,3.999,4.499,4.949,5.049,Love's,(309) 445-6881,,,2026-03-17T05:41:06.887532+00:00,,Yes,2026-03-17T05:41:06.887535+00:00,
"Road Ranger #186 - Minonk, IL",40.9134707,-89.0534671,PILOT|1522 W MARKET ST|,PILOT,1522 W MARKET ST,,,,40.48273326,-89.01723941,29.82,3.999,4.459,5.059,5.399,Pilot,,,,2026-03-17T05:39:27.070548+00:00,,Yes,2026-03-17T05:39:27.070556+00:00,299
"Road Ranger #187 - Chicago, IL",41.831278,-87.6946279,MARATHON|3541 S CALIFORNIA AVE|CHICAGO,MARATHON,3541 S CALIFORNIA AVE,CHICAGO,IL,,41.82892791,-87.69452973,0.16,,,,,Wex,,,,,,No,,
"Road Ranger #187 - Chicago, IL",41.831278,-87.6946279,THORNTONS #322|3540 S CALIFORNIA AVE|CHICAGO,THORNTONS #322,,CHICAGO,IL,,41.83051515,-87.69578775,0.12,3.899,4.499,4.999,4.899,Thorntons,,,,2026-03-17 01:13:27,,Yes,2026-03-17T05:41:02.525031+00:00,
"Road Ranger #203 - Rockford, IL",42.2085811,-89.1076044,"Love's Travel Stop in Rockford, IL. Store #775|4628 South Main Street|Rockford","Love's Travel Stop in Rockford, IL. Store #775",4628 South Main Street,Rockford,IL,61102,42.21505,-89.107076,0.45,3.649,4.149,4.599,4.749,Love's,(779) 238-5956,,,2026-03-17T05:41:13.974930+00:00,,Yes,2026-03-17T05:41:13.974943+00:00,
"Road Ranger #203 - Rockford, IL",42.2085811,-89.1076044,SOUTH MAIN MART|550 SOUTHROCK DR|ROCKFORD,SOUTH MAIN MART,550 SOUTHROCK DR,ROCKFORD,IL,61102-4678,42.22515,-89.110051,1.15,3.639,,4.739,,EXXONMOBIL,8159661351,False,True,2026-03-17T01:01:21.585000,1773709281585,No,,
"Road Ranger #205 - South Beloit, IL",42.4909647,-88.9992534,FAS. FUEL SHIRLAND|518 SHIRLAND AVE|SOUTH BELOIT,FAS. FUEL SHIRLAND,518 SHIRLAND AVE,SOUTH BELOIT,IL,61080-1308,42.49628,-89.044061,2.33,3.499,,,,UNBRANDED,8159574133,False,True,2026-03-16T16:52:53.030000,1773679973030,No,,
"Road Ranger #205 - South Beloit, IL",42.4909647,-88.9992534,FLYING J 646|16049 WILLOWBROOK RD|SOUTH BELOIT,FLYING J 646,16049 WILLOWBROOK RD,SOUTH BELOIT,IL,61080-9562,42.493222,-89.000179,0.16,3.499,3.799,4.539,5.299,PILOT,8153894760,,,2026-03-17T05:39:28.655385+00:00,,Yes,2026-03-17T05:39:28.655393+00:00,646
"Road Ranger #205 - South Beloit, IL",42.4909647,-88.9992534,KWIK TRIP #1276|16040 OAKFIELD PKWY|SOUTH BELOIT,KWIK TRIP #1276,16040 OAKFIELD PKWY,SOUTH BELOIT,IL,61080,42.48184,-89.02549,0.49,3.799,3.499,,,KWIK TRIP,6087818988,False,True,2026-03-17T00:53:37.507000,1773708817507,No,,
"Road Ranger #205 - South Beloit, IL",42.4909647,-88.9992534,"Love's Travel Stop in Roscoe, IL. Store #322|13477 Quality Dr.|Roscoe","Love's Travel Stop in Roscoe, IL. Store #322",13477 Quality Dr.,Roscoe,IL,61073,42.455985,-88.998069,2.42,3.399,3.899,4.349,5.289,Love's,(815) 389-1923,,,2026-03-17T05:41:14.893064+00:00,,Yes,2026-03-17T05:41:14.893077+00:00,
"Road Ranger #205 - South Beloit, IL",42.4909647,-88.9992534,PILOT|3001 MILWAUKEE RD|BELOIT,PILOT,3001 MILWAUKEE RD,BELOIT,,,42.52687357,-88.97972253,2.67,3.399,3.939,4.649,5.299,Pilot,,,,2026-03-17T05:39:30.275970+00:00,,Yes,2026-03-17T05:39:30.275978+00:00,289
"Road Ranger #205 - South Beloit, IL",42.4909647,-88.9992534,SPEEDWAY 3962|5951 E ROCKTON RD|ROSCOE,SPEEDWAY 3962,5951 E ROCKTON RD,ROSCOE,,,42.45636274,-89.00087457,2.39,3.199,3.799,4.299,4.899,Speedway,,,,5 days ago,,Yes,2026-03-17T05:42:00.826550+00:00,43526
"Road Ranger #205 - South Beloit, IL",42.4909647,-88.9992534,THORNTONS #221331 DIESE|13555 WILLOWBROOK RD|ROSCOE,THORNTONS #221331 DIESE,13555 WILLOWBROOK RD,ROSCOE,IL,61073,42.457568,-89.000018,2.31,3.599,4.199,4.699,4.899,THORNTONS,1231231234,,,2026-03-17 01:14:38,,Yes,2026-03-17T05:41:04.246246+00:00,
"Road Ranger #206 - Winnebago, IL",42.2802763,-89.2422629,QUIKTRIP 4428|1555 SANDY HOLLOW RD|ROCKFORD,QUIKTRIP 4428,1555 SANDY HOLLOW RD,ROCKFORD,IL,61109-2124,42.2234,-89.07314,9.5,3.599,4.199,4.799,4.599,QUIKTRIP,8002473452,,,,,Yes,2026-03-17T05:42:25.750843+00:00,
"Road Ranger #206 - Winnebago, IL",42.2802763,-89.2422629,WINNEBAGO CORNERS MA|903 N ELIDA ST|WINNEBAGO,WINNEBAGO CORNERS MA,903 N ELIDA ST,WINNEBAGO,IL,61088-8622,42.27895,-89.24163,0.1,3.699,4.249,4.799,,EXXONMOBIL,8153352377,False,True,2026-03-17T02:27:43.750000,1773714463750,No,,
"Road Ranger #209 - Oakdale, WI",43.9636232,-90.3757182,FLYING J|780 WI-54|BLACK,FLYING J,780 WI-54,BLACK,,,44.29544092,-90.82944596,32.13,3.349,3.649,4.489,5.159,Pilot,,,,2026-03-17T05:39:31.896365+00:00,,Yes,2026-03-17T05:39:31.896373+00:00,756
"Road Ranger #209 - Oakdale, WI",43.9636232,-90.3757182,KWIK TRIP 775|611 GATEWAY AVE|MAUSTON,KWIK TRIP 775,611 GATEWAY AVE,MAUSTON,WI,53948-1429,43.79674,-90.06179,19.43,3.349,3.319,4.599,4.699,KWIK TRIP,6088472333,True,True,2026-03-16T22:29:01.545000,1773700141545,No,,
"Road Ranger #209 - Oakdale, WI",43.9636232,-90.3757182,"Love's Travel Stop in Oakdale, WI. Store #345|220 Oakwood St.|Oakdale","Love's Travel Stop in Oakdale, WI. Store #345",220 Oakwood St.,Oakdale,WI,54660,43.961187,-90.378159,0.21,3.399,3.899,4.399,4.779,Love's,(608) 372-3820,,,2026-03-17T05:41:15.828471+00:00,,Yes,2026-03-17T05:41:15.828484+00:00,
"Road Ranger #209 - Oakdale, WI",43.9636232,-90.3757182,PILOT|1101 GATEWAY AVE|MAUSTON,PILOT,1101 GATEWAY AVE,MAUSTON,,,43.79715303,-90.05095188,19.85,3.349,3.899,4.349,5.159,Pilot,,,,2026-03-17T05:39:33.546333+00:00,,Yes,2026-03-17T05:39:33.546341+00:00,164
"Road Ranger #210 - Rochelle, IL",41.9338987,-89.0349575,CIRCLEK# 4701408|1110 DEMENT RD|ROCHELLE,CIRCLEK# 4701408,1110 DEMENT RD,ROCHELLE,IL,61068,41.934771,-89.034414,0.07,3.599,4.299,4.599,4.999,CIRCLE K,8155611603,,,2026-03-13 14:00:00.0,,Yes,2026-03-17T05:40:46.255869+00:00,4701408
"Road Ranger #210 - Rochelle, IL",41.9338987,-89.0349575,"Love's Travel Stop in Monroe Center, IL. Store #851|16991 E Illinois Rte 72|Monroe Center","Love's Travel Stop in Monroe Center, IL. Store #851",16991 E Illinois Rte 72,Monroe Center,IL,61052,42.099645,-89.018089,11.49,3.599,4.099,4.549,5.289,Love's,(815) 393-3416,,,2026-03-17T05:41:17.917298+00:00,,Yes,2026-03-17T05:41:17.917310+00:00,
"Road Ranger #210 - Rochelle, IL",41.9338987,-89.0349575,"Love's Travel Stop in Rochelle, IL. Store #754|400 Steward Road|Rochelle","Love's Travel Stop in Rochelle, IL. Store #754",400 Steward Road,Rochelle,IL,61068,41.898041,-89.066732,2.97,3.799,4.299,4.749,5.089,Love's,(815) 561-1125,,,2026-03-17T05:41:17.031422+00:00,,Yes,2026-03-17T05:41:17.031435+00:00,
"Road Ranger #210 - Rochelle, IL",41.9338987,-89.0349575,PETRO CENTER ROCHELL|900 PETRO RD|ROCHELLE,PETRO CENTER ROCHELL,900 PETRO RD,ROCHELLE,IL,61068-9687,41.93631,-89.03444,0.17,,,,5.299,TA-Petro,8155623716,False,True,2026-03-16T14:35:39.006000,1773671739006,No,,
"Road Ranger #210 - Rochelle, IL",41.9338987,-89.0349575,PILOT 1181|1201 E IL ROUTE 38|ROCHELLE,PILOT 1181,1201 E IL ROUTE 38,ROCHELLE,IL,61068-2323,41.93478,-89.0171,0.92,3.599,4.119,4.599,5.299,PILOT,8005626210,,,2026-03-17T05:39:35.171566+00:00,,Yes,2026-03-17T05:39:35.171573+00:00,1181
"Road Ranger #211 - Loves Park, IL",42.3195639,-88.9693605,CASEYS #3760|4001 INTERSTATE BLVD|LOVES PARK,CASEYS #3760,4001 INTERSTATE BLVD,LOVES PARK,IL,61111-5701,42.31922,-88.95779,0.59,3.759,4.109,4.759,4.899,CASEY'S GENERAL STORE,7793400430,,,03/16/2026 22:59:12 PM,,Yes,2026-03-17T05:40:33.523934+00:00,3760
"Road Ranger #211 - Loves Park, IL",42.3195639,-88.9693605,COSTCO|5000 STADIUM DR|LOVES,COSTCO,5000 STADIUM DR,LOVES,,,42.31997725,-88.9619184,0.38,,,,,Wex,,,,,,No,,
"Road Ranger #211 - Loves Park, IL",42.3195639,-88.9693605,QUIKTRIP 7206|8070 E STATE ST|ROCKFORD,QUIKTRIP 7206,8070 E STATE ST,ROCKFORD,IL,61108-2700,42.271861,-88.958535,3.34,3.599,4.199,4.799,4.599,QUIKTRIP,8002473452,,,,,Yes,2026-03-17T05:42:26.956168+00:00,
"Road Ranger #211 - Loves Park, IL",42.3195639,-88.9693605,TOLLWAY MOBIL|7490 E RIVERSIDE BLVD|LOVES PARK,TOLLWAY MOBIL,7490 E RIVERSIDE BLVD,LOVES PARK,IL,61111-5630,42.319052,-88.970396,0.06,3.799,,4.899,,EXXONMOBIL,8156376434,False,True,2026-03-17T04:42:07.031000,1773722527031,No,,
"Road Ranger #225 - Princeton, IL",41.4031053,-89.4689005,Phillips - 605|605 W PERU ST|PRINCETON,Phillips - 605,605 W PERU ST,PRINCETON,IL,61356-6820,41.37168,-89.47239,2.16,3.599,3.899,,4.899,PHILLIPS 66,8158720731,,,2026-03-17T05:42:56.663915+00:00,,Yes,2026-03-17T05:42:56.663942+00:00,75f9965c-937e-4f63-bd10-796d51815682
"Road Ranger #225 - Princeton, IL",41.4031053,-89.4689005,BP 9157801|1838 N MAIN ST|PRINCETON,BP 9157801,1838 N MAIN ST,PRINCETON,IL,61356-9784,41.39289,-89.466861,0.71,3.599,,,4.899,BP PRODUCTS NA,8158720630,False,True,2026-03-16T19:37:38.626000,1773689858626,No,,
"Road Ranger #225 - Princeton, IL",41.4031053,-89.4689005,CASEYS #1837|520 W PERU ST|PRINCETON,CASEYS #1837,520 W PERU ST,PRINCETON,IL,61356-1949,41.37168,-89.471548,2.18,3.599,,,4.799,CASEY'S GENERAL STORE,8158751420,,,03/16/2026 22:59:14 PM,,Yes,2026-03-17T05:40:33.523952+00:00,1837
"Road Ranger #225 - Princeton, IL",41.4031053,-89.4689005,CASEYS #3531|2125 N MAIN ST|PRINCETON,CASEYS #3531,2125 N MAIN ST,PRINCETON,IL,61356-9729,41.39565,-89.46803,0.52,3.599,,4.499,4.799,CASEY'S GENERAL STORE,7793400428,,,03/16/2026 22:59:13 PM,,Yes,2026-03-17T05:40:33.523978+00:00,3531
"Road Ranger #225 - Princeton, IL",41.4031053,-89.4689005,FLYING J 644|343 CIVIC RD|LA SALLE,FLYING J 644,343 CIVIC RD,LA SALLE,IL,61301-9757,41.36784,-89.099,19.33,3.399,3.839,4.129,5.359,PILOT,8152200611,,,2026-03-17T05:39:36.791424+00:00,,Yes,2026-03-17T05:39:36.791432+00:00,644
"Road Ranger #225 - Princeton, IL",41.4031053,-89.4689005,SAPP BROTHERS ILLINOIS T|3130 MAY RD|PERU,SAPP BROTHERS ILLINOIS T,3130 MAY RD,PERU,IL,61354-9618,41.36706,-89.15231,16.6,3.549,3.699,3.799,5.349,SAPP BROS,8152241065,,,,,Yes,2026-03-17T05:43:33.463329+00:00,103180
"Road Ranger #225 - Princeton, IL",41.4031053,-89.4689005,SHELL SERVICE STATIO|2225 N MAIN ST|PRINCETON,SHELL SERVICE STATIO,2225 N MAIN ST,PRINCETON,IL,61356-9791,41.39704938,-89.46789438,0.42,3.599,3.949,,,SHELL,8156264084,False,True,2026-03-16T21:15:38.886000,1773695738886,No,,
"Road Ranger #226 - Greenwood, IN ",39.6136413,-86.0711201,CIRCLE K # 02287|1183 E MAIN ST|GREENWOOD,CIRCLE K # 02287,1183 E MAIN ST,GREENWOOD,IN,46143-9757,39.614374,-86.079404,0.44,3.899,4.399,4.899,4.999,CIRCLE K,3178889806,,,2026-03-16 11:33:00.0,,Yes,2026-03-17T05:40:48.326262+00:00,4702287
"Road Ranger #226 - Greenwood, IN ",39.6136413,-86.0711201,PILOT|2962 E 500 N|WHITELAND,PILOT,2962 E 500 N,WHITELAND,,,39.5513962,-86.04594688,4.51,3.899,4.419,4.919,5.459,Pilot,,,,2026-03-17T05:39:38.407000+00:00,,Yes,2026-03-17T05:39:38.407009+00:00,37
"Road Ranger #226 - Greenwood, IN ",39.6136413,-86.0711201,SPEEDWAY 43968|5 S GRAHAM RD|GREENWOOD,SPEEDWAY 43968,5 S GRAHAM RD,GREENWOOD,IN,46143,39.61465,-86.06368,0.4,3.899,4.399,4.899,4.999,SPEEDWAY,3178870718,,,13 minutes ago,,Yes,2026-03-17T05:42:02.508259+00:00,
"Road Ranger #235 - Hampshire, IL",42.149425,-88.5115959,SPEEDWAY 43539|110 Arrowhead Dr|Hampshire,SPEEDWAY 43539,110 Arrowhead Dr,Hampshire,IL,60140,42.147751,-88.510068,0.14,3.999,4.599,5.099,5.199,Speedway,,,,42 minutes ago,,Yes,2026-03-17T05:42:04.172015+00:00,
"Road Ranger #235 - Hampshire, IL",42.149425,-88.5115959,TA Elgin|19 N. 430 US HWY 20|HAMPSHIRE,TA Elgin,19 N. 430 US HWY 20,HAMPSHIRE,IL,,42.14513716,-88.5096376,0.29,3.599,4.099,4.699,5.189,TA-Petro,,,,2026-03-17T05:42:40.990063+00:00,,Yes,2026-03-17T05:42:40.990093+00:00,
"Road Ranger #235 - Hampshire, IL",42.149425,-88.5115959,"Love's Travel Stop in Elk Grove Village, IL. Store #800|1900 Busse Rd|Elk Grove Village","Love's Travel Stop in Elk Grove Village, IL. Store #800",1900 Busse Rd,Elk Grove Village,IL,60007,41.99875,-87.96085,30.11,3.799,4.299,4.749,5.289,Love's,(224) 266-6601,,,2026-03-17T05:41:21.051278+00:00,,Yes,2026-03-17T05:41:21.051292+00:00,
"Road Ranger #235 - Hampshire, IL",42.149425,-88.5115959,"Love's Travel Stop in Hampshire, IL. Store #763|201 Love's Crossing|Hampshire","Love's Travel Stop in Hampshire, IL. Store #763",201 Love's Crossing,Hampshire,IL,60140,42.149101,-88.514535,0.15,3.999,4.499,4.949,5.179,Love's,(847) 683-7433,,,2026-03-17T05:41:18.875975+00:00,,Yes,2026-03-17T05:41:18.875987+00:00,
"Road Ranger #236 - East Troy, WI",42.7906328,-88.3891736,KWIK TRIP #1029|1880 MAIN ST|EAST TROY,KWIK TRIP #1029,1880 MAIN ST,EAST TROY,WI,53120,42.793174,-88.388673,0.18,,3.369,4.599,4.599,KWIK TRIP,2626421409,False,True,2026-03-17T01:30:53.482000,1773711053482,No,,
"Road Ranger #236 - East Troy, WI",42.7906328,-88.3891736,SCOTT OIL CO.INC|2526 MAIN ST|EAST TROY,SCOTT OIL CO.INC,2526 MAIN ST,EAST TROY,WI,53120-1345,42.790827,-88.391145,0.1,,,4.599,4.699,SHELL,2626424624,False,False,2026-03-16T11:57:14.558000,1773662234558,No,,
"Road Ranger #240 - Lake Station, IN",41.5785273,-87.2396748,FLYING J 650|1401 RIPLEY ST|LAKE STATION,FLYING J 650,1401 RIPLEY ST,LAKE STATION,IN,,41.58641714,-87.23927189,0.55,3.999,4.419,4.869,5.359,Pilot,,,,2026-03-17T05:39:40.026507+00:00,,Yes,2026-03-17T05:39:40.026515+00:00,650
"Road Ranger #240 - Lake Station, IN",41.5785273,-87.2396748,LAKE GOLO|3600 CENTRAL AVE|LAKE STATION,LAKE GOLO,3600 CENTRAL AVE,LAKE STATION,IN,46405-2320,41.57488503,-87.23948748,0.25,3.399,,,,Wex,,False,True,2026-03-16T13:37:50.862000,1773668270862,No,,
"Road Ranger #240 - Lake Station, IN",41.5785273,-87.2396748,LUKE 235|2178 RIPLEY ST|LAKE STATION,LUKE 235,2178 RIPLEY ST,LAKE STATION,IN,46405-1164,41.57835925,-87.24047752,0.04,3.289,,4.289,,Wex,,True,True,2026-03-16T21:11:27.777000,1773695487777,No,,
"Road Ranger #240 - Lake Station, IN",41.5785273,-87.2396748,MR FUEL 1020|1235 RIPLEY ST|LAKE STATION,MR FUEL 1020,1235 RIPLEY ST,LAKE STATION,IN,,41.58832075,-87.2394769,0.68,3.999,4.469,4.879,5.099,Pilot,,,,2026-03-17T05:39:41.609363+00:00,,Yes,2026-03-17T05:39:41.609371+00:00,1020
"Road Ranger #242 - Saint Robert, MO",37.8362414,-92.0993155,Phillips - 14130|14130 HIGHWAY Z|SAINT ROBERT,Phillips - 14130,14130 HIGHWAY Z,SAINT ROBERT,MO,65584-3750,37.833308,-92.098426,0.21,3.199,3.499,3.799,4.299,PHILLIPS 66,9999999999,,,2026-03-17T05:42:58.251179+00:00,,Yes,2026-03-17T05:42:58.251249+00:00,93b4c412-1a4a-4ecf-b80d-432a0e702145
"Road Ranger #242 - Saint Robert, MO",37.8362414,-92.0993155,FLYING J 673|825 N LOOP DR|SULLIVAN,FLYING J 673,825 N LOOP DR,SULLIVAN,MO,63080,38.225924,-91.157,57.88,3.499,3.959,4.369,5.099,PILOT,5738608880,,,2026-03-17T05:39:43.193139+00:00,,Yes,2026-03-17T05:39:43.193147+00:00,673
"Road Ranger #242 - Saint Robert, MO",37.8362414,-92.0993155,CENEX|681 OLD RTE 66|SAINT ROBERT,CENEX,681 OLD RTE 66,SAINT ROBERT,MO,65065-3338,37.8226802,-92.16412889,3.62,3.139,,,4.299,CENEX,5733481445,False,True,2026-03-16T23:09:00.706000,1773702540706,No,,
"Road Ranger #242 - Saint Robert, MO",37.8362414,-92.0993155,JONESYS TRAVEL CENTE|2031 W ELM ST|LEBANON,JONESYS TRAVEL CENTE,2031 W ELM ST,LEBANON,MO,65536-3905,37.64876,-92.66957,33.74,3.099,,,4.299,UNKNOWN,4175882281,False,True,2026-03-17T00:13:04.496000,1773706384496,No,,
"Road Ranger #242 - Saint Robert, MO",37.8362414,-92.0993155,L W PERUSSE OIL CO.|333 HIGHWAY Z|SAINT ROBERT,L W PERUSSE OIL CO.,333 HIGHWAY Z,SAINT ROBERT,MO,65584-4649,37.822771,-92.140811,2.45,,,,,CENEX,5733365220,False,False,,,No,,
"Road Ranger #242 - Saint Robert, MO",37.8362414,-92.0993155,"Love's Travel Stop in Rolla , MO. Store #341|3500 Hy Point Ind. Park Dr.|Rolla","Love's Travel Stop in Rolla , MO. Store #341",3500 Hy Point Ind. Park Dr.,Rolla ,MO,65401,37.981593,-91.71933,23.02,3.499,3.899,4.199,4.899,Love's,(573) 426-5683,,,2026-03-17T05:41:21.992072+00:00,,Yes,2026-03-17T05:41:21.992084+00:00,
"Road Ranger #242 - Saint Robert, MO",37.8362414,-92.0993155,MAVERIK|130 OLD RTE|SAINT ROBERT,MAVERIK,130 OLD RTE 66,SAINT ROBERT,MO,,37.82225433,-92.14425824,2.6,3.399,,3.999,4.299,MAVERIK,,,,2026-03-17T05:43:32.092956+00:00,,Yes,2026-03-17T05:43:32.092956+00:00,
"Road Ranger #242 - Saint Robert, MO",37.8362414,-92.0993155,ON THE RUN #250|122 SAINT ROBERT BLVD|SAINT ROBERT,ON THE RUN #250,122 SAINT ROBERT BLVD,SAINT ROBERT,MO,65584-3311,37.82702,-92.14528,2.59,3.299,3.629,4.199,4.299,EXXONMOBIL,5733365853,False,True,2026-03-16T22:33:24.365000,1773700404365,No,,
"Road Ranger #263 - Ottawa, IL",41.3789124,-88.7772025,JOHNSON OIL CO.|3074 N STATE ROUTE 71|OTTAWA,JOHNSON OIL CO.,3074 N STATE ROUTE 71,OTTAWA,IL,61350-9707,41.37198,-88.78345,0.58,3.603,3.949,4.449,4.899,SHELL,8154347581,False,True,2026-03-16T23:47:46.917000,1773704866917,No,,
"Road Ranger #263 - Ottawa, IL",41.3789124,-88.7772025,"Love's Travel Stop in Utica , IL. Store #351|3020 E. 8th Rd.|Utica|RR263","Love's Travel Stop in Utica , IL. Store #351",3020 E. 8th Rd.,Utica ,IL,61373,41.370086,-89.00914,12.08,3.589,4.089,4.539,5.249,Love's,(815) 667-4572,,,2026-03-17T05:41:10.254629+00:00,,Yes,2026-03-17T05:41:10.254631+00:00,
"Road Ranger #263 - Ottawa, IL",41.3789124,-88.7772025,PILOT 483|3801 N DIVISION ST|MORRIS,PILOT 483,3801 N DIVISION ST,MORRIS,IL,60450-9435,41.39585,-88.42249,18.42,3.559,4.039,4.539,5.459,PILOT,8157050120,,,2026-03-17T05:39:44.823082+00:00,,Yes,2026-03-17T05:39:44.823090+00:00,483
"Road Ranger #263 - Ottawa, IL",41.3789124,-88.7772025,THORNTONS #222364|102 W ETNA RD|OTTAWA,THORNTONS #222364,102 W ETNA RD,OTTAWA,IL,61350-1001,41.37279,-88.83682,3.12,2.979,4.039,4.469,3.749,THORNTONS,5023398385,,,2026-03-17 01:15:00,,Yes,2026-03-17T05:41:06.008247+00:00,
"Road Ranger #265 - Dixon, IL",41.8225492,-89.4751038,CASEYS #4384|1751 S GALENA AVE|DIXON,CASEYS #4384,1751 S GALENA AVE,DIXON,IL,61021,41.824132,-89.474619,0.11,3.579,,4.529,4.999,CASEY'S GENERAL STORE,8882273970,,,03/16/2026 22:59:13 PM,,Yes,2026-03-17T05:40:33.524003+00:00,4384
"Road Ranger #265 - Dixon, IL",41.8225492,-89.4751038,MURPHY 7165 ATWALMRT|1620 S GALENA AVE|DIXON,MURPHY 7165 ATWALMRT,1620 S GALENA AVE,DIXON,IL,61021-9611,41.827062,-89.475393,0.31,3.579,4.079,4.379,4.779,MURPHY USA,8708816817,,,2026-03-11T17:27:21.443Z,,Yes,2026-03-17T05:42:14.076840+00:00,
"Road Ranger #266 - New Berlin, IL",39.7325419,-89.9245933,"Love's Travel Stop in South Jacksonville, IL. Store #687|201 Loves Dr|South Jacksonville","Love's Travel Stop in South Jacksonville, IL. Store #687",201 Loves Dr,South Jacksonville,IL,62650,39.689652,-90.230048,16.5,3.619,4.119,4.569,5.389,Love's,(217) 243-0400,,,2026-03-17T05:41:22.921166+00:00,,Yes,2026-03-17T05:41:22.921179+00:00,
"Road Ranger #267 - Pharr, TX",26.09359296,-98.20167933,RIVER MART|914 W MILITARY HWY|PHARR,RIVER MART,914 W MILITARY HWY,PHARR,,,26.09669724,-98.2125432,0.71,,,,,Wex,,,,,,No,,
"Road Ranger #267 - Pharr, TX",26.09359296,-98.20167933,Valero - 10701|10701 S CAGE BLVD|PHARR,Valero - 10701,10701 S CAGE BLVD,PHARR,TX,78577-8467,26.087621,-98.201982,0.41,3.599,4.199,4.599,4.899,VALERO,9567029919,,,2026-03-17T05:43:10.079375+00:00,,Yes,2026-03-17T05:43:10.079407+00:00,1479a7ca-c35e-481d-9e33-bf40013736cc
"Road Ranger #267 - Pharr, TX",26.09359296,-98.20167933,SUNOCO SRVC STATION|7401 S JACKSON RD|PHARR,SUNOCO SRVC STATION,7401 S JACKSON RD,PHARR,TX,78577,26.12549061,-98.2160992,2.07,3.599,,4.329,4.899,SUNOCO,9999999999,False,True,2026-03-17T00:56:17.347000,1773708977347,No,,
"Road Ranger #268 - Grayville, IL",38.2401076,-87.9991526,CASEYS #2514|306 N COURT ST|GRAYVILLE,CASEYS #2514,306 N COURT ST,GRAYVILLE,IL,62844-1205,38.259746,-87.99629,1.37,3.799,,,4.999,CASEY'S GENERAL STORE,6183757920,,,03/16/2026 22:59:12 PM,,Yes,2026-03-17T05:40:33.524020+00:00,2514
"Road Ranger #268 - Grayville, IL",38.2401076,-87.9991526,HUCKS 101|552 N COURT ST|GRAYVILLE,HUCKS 101,552 N COURT ST,GRAYVILLE,IL,62844-1207,38.26199,-87.99628,1.52,3.799,,,4.999,MARTIN & BAYLEY,6183757062,,,,,Yes,2026-03-17T05:43:34.273274+00:00,99841
"Road Ranger #268 - Grayville, IL",38.2401076,-87.9991526,"Love's Travel Stop in Haubstadt, IN. Store #414|901 East 1250 South|Haubstadt","Love's Travel Stop in Haubstadt, IN. Store #414",901 East 1250 South,Haubstadt,IN,47639,38.17337,-87.55159,24.73,3.699,4.199,4.699,5.129,Love's,(812) 768-5838,,,2026-03-17T05:41:23.844414+00:00,,Yes,2026-03-17T05:41:23.844427+00:00,
"Road Ranger #268 - Grayville, IL",38.2401076,-87.9991526,PILOT|4610 BROADWAY ST|MT,PILOT,4610 BROADWAY ST,MT,,,38.31265427,-88.96099905,52.41,3.999,4.589,5.089,5.359,Pilot,,,,2026-03-17T05:39:46.442334+00:00,,Yes,2026-03-17T05:39:46.442342+00:00,482
"Road Ranger #269 - Marshall, IL",39.4244757,-87.6917016,CLARK COUNTY FUELS L|105 S MICHIGAN AVE|MARSHALL,CLARK COUNTY FUELS L,105 S MICHIGAN AVE,MARSHALL,IL,62441-1438,39.391266,-87.693761,2.3,3.599,,4.799,,MARATHON,2178265619,False,True,2026-03-16T21:20:55.798000,1773696055798,No,,
"Road Ranger #269 - Marshall, IL",39.4244757,-87.6917016,"Love's Travel Stop in Greenup, IL. Store #688|203 N Haughton Hwy|Greenup","Love's Travel Stop in Greenup, IL. Store #688",203 N Haughton Hwy,Greenup,IL,62428,39.253591,-88.152286,27.3,3.599,4.099,4.549,5.389,Love's,(217) 923-3220,,,2026-03-17T05:41:24.756767+00:00,,Yes,2026-03-17T05:41:24.756779+00:00,
"Road Ranger #269 - Marshall, IL",39.4244757,-87.6917016,ONE9|5555 E MARGARET DR|TERRE,ONE9,5555 E MARGARET DR,TERRE,,,39.43335403,-87.33222599,19.2,3.899,4.439,4.859,4.999,Pilot,,,,2026-03-17T05:39:48.074546+00:00,,Yes,2026-03-17T05:39:48.074553+00:00,297
"Road Ranger #269 - Marshall, IL",39.4244757,-87.6917016,PILOT 1174|104 W TREFZ DR|MARSHALL,PILOT 1174,104 W TREFZ DR,MARSHALL,IL,62441-3828,39.417852,-87.693623,0.47,3.599,4.019,4.439,5.359,PILOT,8005626210,,,2026-03-17T05:39:49.683310+00:00,,Yes,2026-03-17T05:39:49.683318+00:00,1174
"Road Ranger #269 - Marshall, IL",39.4244757,-87.6917016,Pilot|2500 N 3RD ST|,Pilot,2500 N 3RD ST,,,,39.14919773,-88.53069366,48.73,3.999,4.589,5.109,5.359,Pilot,,,,2026-03-17T05:39:51.299827+00:00,,Yes,2026-03-17T05:39:51.299834+00:00,165
"Road Ranger #269 - Marshall, IL",39.4244757,-87.6917016,SHELL SERVICE STATIO|1803 IL -1|MARSHALL,SHELL SERVICE STATIO,1803 IL -1,MARSHALL,IL,62441,39.41733797,-87.69275058,0.52,3.599,,4.699,5.099,SHELL,2174427667,False,True,2026-03-17T02:43:10.011000,1773715390011,No,,
"Road Ranger #270 - Moore, TX",29.0290735,-99.0507167,"Love's Travel Stop in Natalia, TX. Store #471|21548 FM 471 S|Natalia","Love's Travel Stop in Natalia, TX. Store #471",21548 FM 471 S,Natalia,TX,78059,29.184841,-98.846451,16.37,3.449,3.949,4.299,4.989,Love's,(830) 663-5540,,,2026-03-17T05:41:25.728400+00:00,,Yes,2026-03-17T05:41:25.728412+00:00,
"Road Ranger #270 - Moore, TX",29.0290735,-99.0507167,PILOT|14555 INTERSTATE 35|VAN,PILOT,14555 INTERSTATE 35,VAN,,,29.27977918,-98.66878092,28.83,3.379,3.969,4.459,5.099,Pilot,,,,2026-03-17T05:39:52.905425+00:00,,Yes,2026-03-17T05:39:52.905432+00:00,568
"Road Ranger #270 - Moore, TX",29.0290735,-99.0507167,Petro Travel Center|110 I-35 Frontage Rd|PEARSALL,Petro Travel Center,110 I-35 Frontage Rd,PEARSALL,TX,78061,28.89964217,-99.11579448,9.78,,,,4.989,PETRO,,,,2026-03-17T05:42:42.660382+00:00,,Yes,2026-03-17T05:42:42.660415+00:00,
"Road Ranger #270 - Moore, TX",29.0290735,-99.0507167,RAM OIL LTD. LLP|1104 W COMAL ST|PEARSALL,RAM OIL LTD. LLP,1104 W COMAL ST,PEARSALL,TX,78061-1712,28.892375,-99.105422,10.01,3.399,,,4.799,SHELL,8303348754,False,True,2026-03-17T02:32:32.485000,1773714752485,No,,
"Road Ranger #271 - Odessa, TX",31.7638389,-102.3653369,ALLSUPS|3330 FM 866|ODESS,ALLSUPS,3330 FM 866,ODESSA,TX,,31.76377834,-102.542546,4.04,,,,,Wex,,,,,,No,,
"Road Ranger #271 - Odessa, TX",31.7638389,-102.3653369,FLYING J #1206|700 E HWY 302|KERMIT|RR271,FLYING J #1206,700 E HWY 302,KERMIT,TX,79745,31.85459,-103.09413,34.88,3.499,4.069,4.429,5.199,PILOT,8005626210,,,2026-03-17T05:40:08.904728+00:00,,Yes,2026-03-17T05:40:08.904736+00:00,1206
"Road Ranger #271 - Odessa, TX",31.7638389,-102.3653369,"Love's Travel Stop in Odessa , TX. Store #339|1901 W. I-20|Odessa","Love's Travel Stop in Odessa , TX. Store #339",1901 W. I-20,Odessa ,TX,79766,31.817324,-102.380801,6.1,3.489,3.989,4.339,5.189,Love's,(432) 335-7062,,,2026-03-17T05:41:26.715711+00:00,,Yes,2026-03-17T05:41:26.715724+00:00,
"Road Ranger #271 - Odessa, TX",31.7638389,-102.3653369,PILOT # 1147|127 W STATE HIGHWAY 302|KERMIT,PILOT # 1147,127 W STATE HIGHWAY 302,KERMIT,TX,79745-5116,31.846144,-103.091434,36.91,3.499,4.049,4.419,5.199,PILOT,8654745533,,,2026-03-17T05:39:56.122671+00:00,,Yes,2026-03-17T05:39:56.122678+00:00,1147
"Road Ranger #271 - Odessa, TX",31.7638389,-102.3653369,PILOT 1161|3145 METEOR CRATER RD|ODESSA,PILOT 1161,3145 METEOR CRATER RD,ODESSA,TX,79763-2451,31.75718,-102.47863,0.25,3.489,4.009,4.439,5.199,PILOT,8005626210,,,2026-03-17T05:39:57.734343+00:00,,Yes,2026-03-17T05:39:57.734351+00:00,1161
"Road Ranger #271 - Odessa, TX",31.7638389,-102.3653369,PILOT 1207|101 S LOOP 464 RD|MONAHANS|RR271,PILOT 1207,101 S LOOP 464 RD,MONAHANS,TX,79756-2801,31.57058,-102.90902,29.28,3.799,4.329,4.759,5.199,PILOT,8005626210,,,2026-03-17T05:40:12.152520+00:00,,Yes,2026-03-17T05:40:12.152528+00:00,1207
"Road Ranger #271 - Odessa, TX",31.7638389,-102.3653369,SHELL SERVICE STATIO|5934 W INTERSTATE 20|ODESSA,SHELL SERVICE STATIO,5934 W INTERSTATE 20,ODESSA,TX,79763,31.81071,-102.43352,5.15,3.479,3.879,,4.799,SHELL,4323815569,True,True,2026-03-17T03:12:32.681000,1773717152681,No,,
"Road Ranger #272 - Encinal, TX",28.0469596,-99.3485642,"Love's Travel Stop in Cotulla, TX. Store #862|1963 S IH 35|Cotulla","Love's Travel Stop in Cotulla, TX. Store #862",1963 S IH 35,Cotulla,TX,78014,28.416391,-99.250318,26.22,3.549,4.049,4.399,5.089,Love's,(830) 879-7101,,,2026-03-17T05:41:28.628577+00:00,,Yes,2026-03-17T05:41:28.628589+00:00,
"Road Ranger #272 - Encinal, TX",28.0469596,-99.3485642,"Love's Travel Stop in Encinal, TX. Store #298|28527 I-35|Encinal","Love's Travel Stop in Encinal, TX. Store #298",28527 I-35,Encinal,TX,78019,28.045577,-99.348797,0.1,3.399,3.899,4.249,5.189,Love's,(956) 948-7044,,,2026-03-17T05:41:27.707326+00:00,,Yes,2026-03-17T05:41:27.707339+00:00,
"Road Ranger #273 - Combes, TX",26.248973,-97.7290958,Valero - 21469|21469 US 77|Harlingen ,Valero - 21469,21469 US 77,Harlingen ,TX,,26.24794691,-97.72595388,0.21,3.599,4.199,4.599,4.899,VALERO,,,,2026-03-17T05:43:11.761587+00:00,,Yes,2026-03-17T05:43:11.761613+00:00,9454a4f0-caea-46cc-9a58-57906d297d22
"Road Ranger #273 - Combes, TX",26.248973,-97.7290958,"Love's Travel Stop in Brownsville, TX. Store #767|3400 Nafta Parkway|Brownsville","Love's Travel Stop in Brownsville, TX. Store #767",3400 Nafta Parkway,Brownsville,TX,78526,25.954858,-97.418534,28.01,3.189,3.689,4.039,5.089,Love's,(956) 831-6770,,,2026-03-17T05:41:31.387507+00:00,,Yes,2026-03-17T05:41:31.387520+00:00,
"Road Ranger #273 - Combes, TX",26.248973,-97.7290958,"Love's Travel Stop in Donna, TX. Store #739|545 W I-2|Donna","Love's Travel Stop in Donna, TX. Store #739",545 W I-2,Donna,TX,78537,26.182717,-98.06724,21.46,3.599,4.099,4.449,5.189,Love's,(956) 464-1133,,,2026-03-17T05:41:30.495195+00:00,,Yes,2026-03-17T05:41:30.495208+00:00,
"Road Ranger #273 - Combes, TX",26.248973,-97.7290958,"Love's Travel Stop in Harlingen, TX. Store #885|21379 US 77 Expressway|Harlingen","Love's Travel Stop in Harlingen, TX. Store #885",21379 US 77 Expressway,Harlingen,TX,78550,26.249206,-97.726688,0.15,3.299,3.799,4.149,5.189,Love's,(956) 507-7934,,,2026-03-17T05:41:29.481374+00:00,,Yes,2026-03-17T05:41:29.481386+00:00,
"Road Ranger #273 - Combes, TX",26.248973,-97.7290958,"Love's Travel Stop in Kingsville, TX. Store #327|1451 N US Highway 77 Byp|Kingsville","Love's Travel Stop in Kingsville, TX. Store #327",1451 N US Highway 77 Byp,Kingsville,TX,78363,27.529889,-97.842143,88.78,3.469,3.969,4.319,5.079,Love's,(361) 592-7210,,,2026-03-17T05:41:34.901735+00:00,,Yes,2026-03-17T05:41:34.901751+00:00,
"Road Ranger #275 - Sonora, TX",30.580391,-100.646245,"Love's Travel Stop in Sonora, TX. Store #700|3880 Loop 467|Sonora","Love's Travel Stop in Sonora, TX. Store #700",3880 Loop 467,Sonora,TX,76950,30.571142,-100.585636,3.66,3.319,3.819,4.169,5.249,Love's,(325) 387-2768,,,2026-03-17T05:41:35.923966+00:00,,Yes,2026-03-17T05:41:35.923980+00:00,
"Road Ranger #275 - Sonora, TX",30.580391,-100.646245,PILOT|2342 N MAIN ST|JUNCTION,PILOT,2342 N MAIN ST,JUNCTION,,,30.50566785,-99.7764677,52.02,3.399,3.859,4.379,5.199,Pilot,,,,2026-03-17T05:40:00.924832+00:00,,Yes,2026-03-17T05:40:00.924839+00:00,1006
"Road Ranger #275 - Sonora, TX",30.580391,-100.646245,SUNOCO SRVC STATION|805 N CROCKETT AVE|SONORA,SUNOCO SRVC STATION,805 N CROCKETT AVE,SONORA,TX,76590,30.57478422,-100.6520307,0.55,3.899,3.879,4.179,,SUNOCO,2108243892,False,True,2026-03-16T23:08:05.267000,1773702485267,No,,
"Road Ranger #276 - Waco, TX",31.6506875,-97.0989245,ABBOTT TRAVEL CENTER|1197 IH 35 S|ABBOTT,ABBOTT TRAVEL CENTER,1197 IH 35 S,ABBOTT,TX,76621-3111,31.89967,-97.090915,17.21,3.799,4.499,4.799,4.999,EXXONMOBIL,2548636826,False,True,2026-03-17T01:25:41.379000,1773710741379,No,,
"Road Ranger #276 - Waco, TX",31.6506875,-97.0989245,CHEVRON 0200164|705 NEW DALLAS HWY|LACY LAKEVIEW,CHEVRON 0200164,705 NEW DALLAS HWY,LACY LAKEVIEW,TX,76705-1732,31.60719,-97.11074,3.08,3.599,,,4.899,CHEVRON,9999999999,False,True,2026-03-16T18:18:36.159000,1773685116159,No,,
"Road Ranger #276 - Waco, TX",31.6506875,-97.0989245,PILOT 739|2409 S NEW RD|WACO,PILOT 739,2409 S NEW RD,WACO,TX,,31.5075712,-97.1451705,10.25,3.399,3.909,4.329,5.099,Pilot,,,,2026-03-17T05:40:02.502339+00:00,,Yes,2026-03-17T05:40:02.502346+00:00,739
"Road Ranger #276 - Waco, TX",31.6506875,-97.0989245,CIRCLE K #2741564|1301 N LOOP 340|LACY LAKEVIEW,CIRCLE K #2741564,1301 N LOOP 340,LACY LAKEVIEW,TX,76705-2473,31.604745,-97.11015,3.24,3.699,4.299,4.699,4.899,VALERO,2548671407,,,2026-03-16 11:11:00.0,,Yes,2026-03-17T05:40:50.402610+00:00,2741564
"Road Ranger #276 - Waco, TX",31.6506875,-97.0989245,"Love's Travel Stop in Hillsboro, TX. Store #231|1501 Corsicana Hwy|Hillsboro|RR276","Love's Travel Stop in Hillsboro, TX. Store #231",1501 Corsicana Hwy,Hillsboro,TX,76645,32.00952,-97.093528,24.8,3.699,4.149,4.549,4.889,Love's,(254) 582-2101,,,2026-03-17T05:41:37.027612+00:00,,Yes,2026-03-17T05:41:37.027626+00:00,
"Road Ranger #276 - Waco, TX",31.6506875,-97.0989245,PILOT|8055 S IH 35|ROBINSON,PILOT,8055 S IH 35,ROBINSON,,,31.4563268,-97.17167574,14.1,3.399,3.909,4.299,5.099,Pilot,,,,2026-03-17T05:40:04.158563+00:00,,Yes,2026-03-17T05:40:04.158570+00:00,432
"Road Ranger #277 - New Boston, TX",33.4772576,-94.4104669,CIRCLE K|905 N MCCOY BLVD|NEW,CIRCLE K,905 N MCCOY BLVD,New Boston,TX,,33.47614076,-94.40983703,0.09,3.189,3.789,4.189,4.589,Circlek,,,,2026-03-15 12:35:00.0,,Yes,2026-03-17T05:40:52.480085+00:00,2744522
"Road Ranger #277 - New Boston, TX",33.4772576,-94.4104669,"Love's Travel Stop in Leary, TX. Store #473|451 Leary Road|Leary","Love's Travel Stop in Leary, TX. Store #473",451 Leary Road,Leary,TX,75501,33.463426,-94.204244,11.92,3.619,4.119,4.469,4.799,Love's,(903) 838-0856,,,2026-03-17T05:41:38.924659+00:00,,Yes,2026-03-17T05:41:38.924672+00:00,
"Road Ranger #277 - New Boston, TX",33.4772576,-94.4104669,"Love's Travel Stop in New Boston, TX. Store #852|2486 US Hwy-82 W|New Boston","Love's Travel Stop in New Boston, TX. Store #852",2486 US Hwy-82 W,New Boston,TX,75570,33.472121,-94.461214,2.95,3.199,3.699,4.049,5.089,Love's,(903) 417-6056,,,2026-03-17T05:41:37.957631+00:00,,Yes,2026-03-17T05:41:37.957645+00:00,
"Road Ranger #277 - New Boston, TX",33.4772576,-94.4104669,EXXON|900 N MCCOY BLVD|New Boston,EXXON,900 N MCCOY BLVD,New Boston,TX,75570,33.47599821,-94.40887421,0.12,3.399,3.899,4.399,4.699,EXXONMOBIL,9038316999,False,True,2026-03-16T23:29:39.617000,1773703779617,No,,
"Road Ranger #277 - New Boston, TX",33.4772576,-94.4104669,SHELL SERVICE STATIO|708 N MCCOY BLVD|New Boston,SHELL SERVICE STATIO,708 N MCCOY BLVD,New Boston,TX,75570,33.47291959,-94.40859709,0.32,3.599,4.193,4.559,4.899,SHELL,8707748055,False,True,2026-03-17T03:20:47.652000,1773717647652,No,,
"Road Ranger #277 - New Boston, TX",33.4772576,-94.4104669,TIGER MART 88|1888 W US HIGHWAY 82|NEW BOSTON,TIGER MART 88,1888 W US HIGHWAY 82,NEW BOSTON,TX,75570-5983,33.470319,-94.452394,2.46,3.699,4.299,4.899,4.799,EXXONMOBIL,4695172004,False,True,2026-03-17T02:49:08.099000,1773715748099,No,,
"Road Ranger #278 - Brinkley, AR",34.912517,-91.193759,BRINKLEY MOBIL JFS #|2102 N HWY 49|BRINKLEY,BRINKLEY MOBIL JFS #,2102 N HWY 49,BRINKLEY,AR,72021,34.87612,-91.18897,0.06,3.199,,,4.699,EXXONMOBIL,8705892269,True,True,2026-03-17T00:26:14.897000,1773707174897,No,,
"Road Ranger #278 - Brinkley, AR",34.912517,-91.193759,Phillips - 1920|1920 N MAIN ST|BRINKLEY,Phillips - 1920,1920 N MAIN ST,BRINKLEY,AR,72021,34.911796,-91.19591,0.1,2.899,3.199,3.599,3.399,PHILLIPS 66,9999999999,,,2026-03-17T05:42:59.842699+00:00,,Yes,2026-03-17T05:42:59.842730+00:00,3ce041cd-21c3-4a6a-b6a9-10206e99e123
"Road Ranger #278 - Brinkley, AR",34.912517,-91.193759,JORDANS KWIK STOP #8|1414 N MAIN ST|BRINKLEY,JORDANS KWIK STOP #8,1414 N MAIN ST,BRINKLEY,AR,72021-2006,34.9058,-91.19805,0.53,3.299,3.799,4.299,4.699,EXXONMOBIL,8707341124,False,True,2026-03-16T23:22:41.205000,1773703361205,No,,
"Road Ranger #278 - Brinkley, AR",34.912517,-91.193759,"Love's Travel Stop in Palestine, AR. Store #275|1010 N Main St|Palestine","Love's Travel Stop in Palestine, AR. Store #275",1010 N Main St,Palestine,AR,72372,34.986489,-90.905235,17.12,3.199,3.649,3.999,4.799,Love's,(870) 581-5004,,,2026-03-17T05:41:39.837767+00:00,,Yes,2026-03-17T05:41:39.837780+00:00,
"Road Ranger #278 - Brinkley, AR",34.912517,-91.193759,ONE9|2101 HWY 49|BRINKLEY,ONE9,2101 HWY 49,BRINKLEY,,,34.91257725,-91.19620422,0.09,3.199,3.449,3.699,4.699,Pilot,,,,2026-03-17T05:40:05.743448+00:00,,Yes,2026-03-17T05:40:05.743456+00:00,1330
"Road Ranger #279 - Marion, IL",37.6197159,-88.9859542,CASEYS #3391|2314 W MAIN ST|MARION,CASEYS #3391,2314 W MAIN ST,MARION,IL,62959-1199,37.730019,-88.95473,7.81,3.799,,4.699,4.999,CASEY'S GENERAL STORE,6183561742,,,03/16/2026 22:59:13 PM,,Yes,2026-03-17T05:40:33.524041+00:00,3391
"Road Ranger #279 - Marion, IL",37.6197159,-88.9859542,"Love's Travel Stop in Marion, IL. Store #803|1900 The Hill Ave|Marion","Love's Travel Stop in Marion, IL. Store #803",1900 The Hill Ave,Marion,IL,62959,37.745682,-88.949251,8.93,3.799,4.299,4.749,5.489,Love's,(618) 944-6409,,,2026-03-17T05:41:40.751419+00:00,,Yes,2026-03-17T05:41:40.751433+00:00,
"Road Ranger #279 - Marion, IL",37.6197159,-88.9859542,PILOT #595|2611 VERNELL RD|MARION,PILOT #595,2611 VERNELL RD,MARION,IL,62959,37.74066,-88.965053,8.43,3.799,4.279,4.799,5.499,PILOT,6189932697,,,2026-03-17T05:40:07.325014+00:00,,Yes,2026-03-17T05:40:07.325022+00:00,595
"Road Ranger #279 - Marion, IL",37.6197159,-88.9859542,SHAH PETROLEUM LLC|1754 ILLINOIS 37|MARION,SHAH PETROLEUM LLC,1754 ILLINOIS 37,MARION,IL,62959,37.73495,-88.94037,0.59,3.559,,,,MARATHON,6189951683,False,False,2026-03-10T19:05:36.747000,1773169536747,No,,
"Road Ranger #280 - Monahans, TX",31.5694524,-102.9074723,FLYING J #1206|700 E HWY 302|KERMIT|RR280,FLYING J #1206,700 E HWY 302,KERMIT,TX,79745,31.85459,-103.09413,21.72,3.499,4.069,4.429,5.199,PILOT,8005626210,,,2026-03-17T05:40:08.904747+00:00,,Yes,2026-03-17T05:40:08.904754+00:00,1206
"Road Ranger #280 - Monahans, TX",31.5694524,-102.9074723,"Love's Travel Stop in Kermit, TX. Store #853|674 E State Hwy 302|Kermit","Love's Travel Stop in Kermit, TX. Store #853",674 E State Hwy 302,Kermit,TX,79745,31.8525,-103.069832,21.76,3.499,3.999,4.349,5.189,Love's,(432) 586-2777,,,2026-03-17T05:41:41.640999+00:00,,Yes,2026-03-17T05:41:41.641011+00:00,
"Road Ranger #280 - Monahans, TX",31.5694524,-102.9074723,"Love's Travel Stop in Pecos, TX. Store #492|5202 South Cedar St.|Pecos","Love's Travel Stop in Pecos, TX. Store #492",5202 South Cedar St. ,Pecos,TX,79772,31.399839,-103.479374,35.68,3.599,4.099,4.449,5.189,Love's,(432) 445-1490,,,2026-03-17T05:41:42.727298+00:00,,Yes,2026-03-17T05:41:42.727311+00:00,
"Road Ranger #280 - Monahans, TX",31.5694524,-102.9074723,PILOT|4840 I-20|MONAHANS,PILOT,4840 I-20,MONAHANS,,,31.61436876,-102.8111691,6.46,3.799,4.319,4.759,5.199,Pilot,,,,2026-03-17T05:40:10.525401+00:00,,Yes,2026-03-17T05:40:10.525409+00:00,1205
"Road Ranger #280 - Monahans, TX",31.5694524,-102.9074723,PILOT 1207|101 S LOOP 464 RD|MONAHANS|RR280,PILOT 1207,101 S LOOP 464 RD,MONAHANS,TX,79756-2801,31.57058,-102.90902,1.35,3.799,4.329,4.759,5.199,PILOT,8005626210,,,2026-03-17T05:40:12.152539+00:00,,Yes,2026-03-17T05:40:12.152546+00:00,1207
"Road Ranger #280 - Monahans, TX",31.5694524,-102.9074723,QUIKTRIP 7913|1907 S STOCKTON AVE|MONAHANS,QUIKTRIP 7913,1907 S STOCKTON AVE,MONAHANS,TX,79756-6507,31.577572,-102.891674,1.09,3.599,3.999,4.499,4.899,QUIKTRIP,8002473452,,,,,Yes,2026-03-17T05:42:28.196120+00:00,
"Road Ranger #281 - Cisco, TX",32.3732195,-98.9691457,ALLSUP'S 102105|2205 CONRAD HILTON BLVD|CISCO,ALLSUP'S 102105,2205 CONRAD HILTON BLVD,CISCO,TX,76437-5136,32.375715,-98.971227,0.17,3.469,3.869,4.199,4.769,UNKNOWN,3256723578,True,True,2026-03-17T01:51:35.293000,1773712295293,No,,
"Road Ranger #281 - Cisco, TX",32.3732195,-98.9691457,"Love's Travel Stop in Ranger, TX. Store #270|6950 I-20|Ranger","Love's Travel Stop in Ranger, TX. Store #270",6950 I-20,Ranger,TX,76470,32.441748,-98.694499,16.71,3.599,4.099,4.449,5.089,Love's,(254) 647-3700,,,2026-03-17T05:41:43.664700+00:00,,Yes,2026-03-17T05:41:43.664711+00:00,
"Road Ranger #281 - Cisco, TX",32.3732195,-98.9691457,FLYING J 551|16851 I-20 FRONTAGE RD|CISCO,FLYING J 551,16851 I-20 FRONTAGE RD,CISCO,TX,76437,32.3738957,99.0072256,2.23,,,,5.099,Pilot,2549651366,,,2026-03-17T05:40:13.761615+00:00,,Yes,2026-03-17T05:40:13.761625+00:00,551
"Road Ranger #281 - Cisco, TX",32.3732195,-98.9691457,SUNOCO SRVC STATION|1500 INTERSTATE 20|CISCO,SUNOCO SRVC STATION,1500 INTERSTATE 20 FRONTAGE RD,CISCO,TX,76437-3664,32.37609654,-99.0030546,1.97,3.469,3.969,,4.799,SUNOCO,3257930423,True,True,2026-03-17T02:55:29.286000,1773716129286,No,,
"Road Ranger #282 - Gainesville, TX",33.6698776,-97.1523269,GAINESVILLE TRUCK ST.|3590 N INTERSTATE 35|GAINESVILLE,GAINESVILLE TRUCK ST.,3590 N INTERSTATE 35,GAINESVILLE,TX,76240-2084,33.66772,-97.15029,0.19,,,,,UNBRANDED,9402049079,False,False,,,No,,
"Road Ranger #282 - Gainesville, TX",33.6698776,-97.1523269,"Love's Travel Stop in Denton, TX. Store #609|6421 N I-35|Denton","Love's Travel Stop in Denton, TX. Store #609",6421 N I-35,Denton,TX,76207,33.263072,-97.179456,28.15,3.399,3.899,4.249,4.589,Love's,(940) 320-1457,,,2026-03-17T05:41:44.591736+00:00,,Yes,2026-03-17T05:41:44.591748+00:00,
"Road Ranger #282 - Gainesville, TX",33.6698776,-97.1523269,QUIKTRIP 1883|926 W HIGHWAY 82|GAINESVILLE,QUIKTRIP 1883,926 W HIGHWAY 82,GAINESVILLE,TX,76240-2526,33.64047,-97.15352,2.03,3.699,4.099,4.399,4.999,QUIKTRIP,8002473452,,,,,Yes,2026-03-17T05:42:29.478858+00:00,
"Road Ranger #282 - Gainesville, TX",33.6698776,-97.1523269,Valero - 1934|1934 N I-35|GAINESVILLE,Valero - 1934,1934 N I-35,GAINESVILLE,TX,76240-2100,33.64648,-97.15535,1.63,3.699,4.099,4.499,,VALERO,8178342868,,,2026-03-17T05:43:13.398355+00:00,,Yes,2026-03-17T05:43:13.398384+00:00,fa83e68d-58d8-4169-b58c-43ac8bfaa514
"Road Ranger #283 - Sealy, TX",29.7512182,-96.2665791,SUNOCO SRVC STATION|5058 NW I 10 FRONTAGE RD|SEALY,SUNOCO SRVC STATION,5058 NW I 10 FRONTAGE RD,SEALY,TX,77474-8792,29.76015318,-96.22245181,2.7,3.799,,,4.599,SUNOCO,,False,True,2026-03-16T18:34:26.427000,1773686066427,No,,
"Road Ranger #283 - Sealy, TX",29.7512182,-96.2665791,TA Bernardo|6701 US HWY 90|SEALY,TA Bernardo,6701 US HWY 90,SEALY,TX,77474,29.74266957,-96.33015623,3.89,3.499,3.949,4.449,5.099,TA-Petro,,,,2026-03-17T05:42:44.348573+00:00,,Yes,2026-03-17T05:42:44.348604+00:00,
"Road Ranger #283 - Sealy, TX",29.7512182,-96.2665791,PRASEK'S HILLJE SMOK|2949 SW I 10 FRONTAGE RD|SEALY,PRASEK'S HILLJE SMOK,2949 SW I 10 FRONTAGE RD,SEALY,TX,77474-9769,29.76202024,-96.18730048,4.78,3.679,4.129,4.579,4.799,EXXONMOBIL,,False,True,2026-03-17T00:40:30.096000,1773708030096,No,,
"Road Ranger #283 - Sealy, TX",29.7512182,-96.2665791,Valero - 6025|6025 N FM 3538 RD|SEALY,Valero - 6025,6025 N FM 3538 RD,SEALY,TX,77474-3478,29.76426233,-96.18547754,4.94,3.659,4.099,4.599,4.659,VALERO,,,,2026-03-17T05:43:15.076539+00:00,,Yes,2026-03-17T05:43:15.076566+00:00,bedfc7df-2b7f-4520-8d74-8b6a9c1a5c4d
"Road Ranger #283 - Sealy, TX",29.7512182,-96.2665791,"Love's Travel Stop in Katy, TX. Store #234|612 Pederson Rd.|Katy","Love's Travel Stop in Katy, TX. Store #234",612 Pederson Rd.,Katy,TX,77494,29.779813,-95.881907,23.12,3.199,3.699,4.049,5.089,Love's,,,,2026-03-17T05:41:45.545944+00:00,,Yes,2026-03-17T05:41:45.545955+00:00,
"Road Ranger #283 - Sealy, TX",29.7512182,-96.2665791,PILOT 1059|709 N US-77|SCHULENBURG,PILOT 1059,709 N US-77,SCHULENBURG,TX,78956,29.6950975,-96.9018332,38.35,3.599,4.019,4.369,5.199,PILOT,,,,2026-03-17T05:40:15.381090+00:00,,Yes,2026-03-17T05:40:15.381098+00:00,1059
"Road Ranger #284 - New Deal, TX",33.7366181,-101.8434558,FLYING J 733|602 MARSHA SHARP FWY|LUBBOCK,FLYING J 733,602 MARSHA SHARP FWY,LUBBOCK,TX,79401-1500,33.59224,-101.840982,9.98,3.299,3.699,4.059,5.099,PILOT,8067440539,,,2026-03-17T05:40:17.007537+00:00,,Yes,2026-03-17T05:40:17.007545+00:00,733
"Road Ranger #284 - New Deal, TX",33.7366181,-101.8434558,HOP IN 430469|101 E MAIN ST|NEW DEAL,HOP IN 430469,101 E MAIN ST,NEW DEAL,TX,79350,33.73449,-101.83749,0.37,3.299,3.699,4.299,4.999,PHILLIPS 66,8067464866,False,True,2026-03-16T22:13:46.766000,1773699226766,No,,
"Road Ranger #284 - New Deal, TX",33.7366181,-101.8434558,"Love's Travel Stop in Lubbock, TX. Store #589|4221 North Interstate 27|Lubbock","Love's Travel Stop in Lubbock, TX. Store #589",4221 North Interstate 27,Lubbock,TX,79403,33.641593,-101.839031,6.57,3.319,3.819,4.169,5.089,Love's,(806) 744-1531,,,2026-03-17T05:41:46.450214+00:00,,Yes,2026-03-17T05:41:46.450225+00:00,
"Road Ranger #284 - New Deal, TX",33.7366181,-101.8434558,Phillips - 1755|1755 S 9TH ST|SLATON,Phillips - 1755,1755 S 9TH ST,SLATON,TX,79364,33.422052,-101.642912,24.59,3.289,4.299,,,PHILLIPS 66,9999999999,,,2026-03-17T05:43:01.435565+00:00,,Yes,2026-03-17T05:43:01.435595+00:00,b0576e0e-d861-40f6-892d-f4b7938542d6
"Road Ranger #284 - New Deal, TX",33.7366181,-101.8434558,Phillips - 2424|2424 N LOOP 289|LUBBOCK,Phillips - 2424,2424 N LOOP 289,LUBBOCK,TX,79415-1144,33.621738,-101.868595,8.07,,,,,PHILLIPS 66,7188611709,,,,,No,,2b364085-ccc4-46a0-83d9-f7fee3cfd2b7
"Road Ranger #284 - New Deal, TX",33.7366181,-101.8434558,Valero - 5202|5202 ERSKINE ST|LUBBOCK,Valero - 5202,5202 ERSKINE ST,LUBBOCK,TX,79416,33.60685,-101.92417,10.1,3.299,3.699,4.099,4.399,VALERO,8068539514,,,2026-03-17T05:43:16.777792+00:00,,Yes,2026-03-17T05:43:16.777820+00:00,2f1beec2-89ca-4fa5-82d7-06b90255995d
"Road Ranger #285 - Seguin, TX",29.5713702,-98.0119416,CHEVRON 0383946|1810 W INTERSTATE 10|SEGUIN,CHEVRON 0383946,1810 W INTERSTATE 10,SEGUIN,TX,,29.58474394,-97.99443954,1.4,3.579,3.979,4.379,4.339,Wex,,False,True,2026-03-16T23:20:20.185000,1773703220185,No,,
"Road Ranger #285 - Seguin, TX",29.5713702,-98.0119416,CK. SITE #4028|1805 W INTERSTATE 10|SEGUIN,CK. SITE #4028,1805 W INTERSTATE 10,SEGUIN,TX,78155-2354,29.58202,-97.99511,1.25,3.699,4.299,4.699,4.899,CIRCLE K,8303721564,,,2026-03-16 11:15:00.0,,Yes,2026-03-17T05:40:54.552438+00:00,2704028
"Road Ranger #285 - Seguin, TX",29.5713702,-98.0119416,"Love's Travel Stop in Seguin, TX. Store #463|3158 I-10 W|Seguin","Love's Travel Stop in Seguin, TX. Store #463",3158 I-10 W,Seguin,TX,78155,29.561981,-98.034281,1.49,3.419,3.919,4.269,4.799,Love's,(830) 372-6190,,,2026-03-17T05:41:47.473406+00:00,,Yes,2026-03-17T05:41:47.473418+00:00,
"Road Ranger #285 - Seguin, TX",29.5713702,-98.0119416,QUIKTRIP 4044|200 E INTERSTATE 10|SEGUIN,QUIKTRIP 4044,200 E INTERSTATE 10,SEGUIN,TX,,29.60049345,-97.96413059,3.51,3.699,3.999,4.299,4.899,Quiktrip,,,,,,Yes,2026-03-17T05:42:30.761804+00:00,1003
"Road Ranger #285 - Seguin, TX",29.5713702,-98.0119416,SHELL SERVICE STATIO|2718 FM 725|NEW BRAUNFELS,SHELL SERVICE STATIO,2718 FM 725,NEW BRAUNFELS,TX,78132,29.66480896,-98.09432964,8.14,3.399,3.959,4.399,4.439,SHELL,8306291691,False,True,2026-03-16T22:40:24.235000,1773700824235,No,,
"Road Ranger #286 - Amarillo, TX",35.1934938,-101.7077997,BUC-EES|9900 I-40 E|AMARILLO,BUC-EES,9900 I-40 E,AMARILLO,TX,,35.19062824,-101.7229816,0.88,,,,,Wex,,,,,,No,,
"Road Ranger #286 - Amarillo, TX",35.1934938,-101.7077997,CEFCO 2005|5000 E INTERSTATE 40|AMARILLO,CEFCO 2005,5000 E INTERSTATE 40,AMARILLO,TX,79103-6212,35.19221,-101.77812,3.97,3.199,3.649,,4.299,UNBRANDED,2547910009,False,True,2026-03-16T15:54:16.572000,1773676456572,No,,
"Road Ranger #286 - Amarillo, TX",35.1934938,-101.7077997,FLYING J 723|9601 I40 E EXIT 76|AMARILLO,FLYING J 723,9601 I40 E EXIT 76,AMARILLO,TX,79111,35.204,-101.67153,0.89,3.199,3.539,3.899,5.099,PILOT,8063351475,,,2026-03-17T05:40:18.620560+00:00,,Yes,2026-03-17T05:40:18.620567+00:00,723
"Road Ranger #286 - Amarillo, TX",35.1934938,-101.7077997,"Love's Travel Stop in Amarillo, TX. Store #200|6930 I-40 E.|Amarillo","Love's Travel Stop in Amarillo, TX. Store #200",6930 I-40 E.,Amarillo,TX,79120,35.191927,-101.760945,3,3.199,3.699,4.049,4.989,Love's,(806) 373-7775,,,2026-03-17T05:41:48.426892+00:00,,Yes,2026-03-17T05:41:48.426902+00:00,
"Road Ranger #286 - Amarillo, TX",35.1934938,-101.7077997,Valero - 11301|11301 E INTERSTATE|AMARILLO,Valero - 11301,11301 E INTERSTATE,AMARILLO,TX,79118,35.193615,-101.706509,0.08,3.199,,,4.299,VALERO,8063359437,,,2026-03-17T05:43:18.505801+00:00,,Yes,2026-03-17T05:43:18.505828+00:00,be5a5bbd-e59e-467d-8e42-fd5cc5bf5730
"Road Ranger #286 - Amarillo, TX",35.1934938,-101.7077997,QUIKTRIP 7908|5105 E INTERSTATE 40|AMARILLO,QUIKTRIP 7908,5105 E INTERSTATE 40,AMARILLO,TX,79104-4238,35.19303,-101.77808,3.97,3.299,3.599,3.899,4.299,QUIKTRIP,8002473452,,,,,Yes,2026-03-17T05:42:31.977099+00:00,
"Road Ranger #286 - Amarillo, TX",35.1934938,-101.7077997,TA Amarillo|7000 E INTERSTATE 40|AMARILLO,TA Amarillo,7000 E INTERSTATE 40,AMARILLO,TX,79118,35.19143169,-101.7589598,2.89,3.199,3.699,4.149,4.999,TA-Petro,,,,2026-03-17T05:42:46.030969+00:00,,Yes,2026-03-17T05:42:46.030992+00:00,
"Road Ranger #286 - Amarillo, TX",35.1934938,-101.7077997,Valero - 8507|8507 E INTERSTATE 40|AMARILLO,Valero - 8507,8507 E INTERSTATE 40,AMARILLO,TX,79118-6983,35.19318,-101.73834,2.03,3.199,3.449,3.799,4.299,VALERO,8062200990,,,2026-03-17T05:43:20.171585+00:00,,Yes,2026-03-17T05:43:20.171613+00:00,b3329e23-9169-44e9-b63b-69506400c82c
"Road Ranger #287 - Bourbonnais, IL",41.2062779,-87.87091374,SPEEDWAY|604 Armour Rd|BOURBONNAIS,SPEEDWAY,604 Armour Rd,BOURBONNAIS,IL,60914,41.162158,-87.874589,2.99,3.599,4.199,4.699,4.899,Speedway,,,,an hour ago,,Yes,2026-03-17T05:42:05.878161+00:00,
"Road Ranger #287 - Bourbonnais, IL",41.2062779,-87.87091374,LENNYS GAS N WASH BO|5916 N CONVENT ST|BOURBONNAIS,LENNYS GAS N WASH BO,5916 N CONVENT ST,BOURBONNAIS,IL,,41.17687,-87.87542,0.39,3.799,4.099,4.799,4.999,Wex,,False,True,2026-03-17T00:34:47.088000,1773707687088,No,,
"Road Ranger #287 - Bourbonnais, IL",41.2062779,-87.87091374,"Love's Travel Stop in Kankakee, IL. Store #395|3407 South State Road 45/52|Kankakee","Love's Travel Stop in Kankakee, IL. Store #395",3407 South State Road 45/52,Kankakee,IL,60901,41.07094,-87.868694,9.18,3.599,4.099,4.549,5.199,Love's,(815) 929-1549,,,2026-03-17T05:41:49.445594+00:00,,Yes,2026-03-17T05:41:49.445606+00:00,
"Road Ranger #287 - Bourbonnais, IL",41.2062779,-87.87091374,PILOT|6002 W MONEE MANHATTAN RD|MONEE,PILOT,6002 W MONEE MANHATTAN RD,MONEE,IL,,41.42757974,-87.75688297,16.4,3.999,4.519,5.029,5.299,Pilot,,,,2026-03-17T05:40:20.243013+00:00,,Yes,2026-03-17T05:40:20.243021+00:00,39
"Road Ranger #287 - Bourbonnais, IL",41.2062779,-87.87091374,PEOTONE TRAVEL|601 S 88TH AVE|PEOTONE,PEOTONE TRAVEL,601 S 88TH AVE,PEOTONE,IL,60468,41.32538556,-87.82289561,8.67,,,,4.999,Wex,6309721070,False,True,2026-03-16T22:01:18.234000,1773698478234,No,,
"Road Ranger #289 - Teague, TX",31.5964732,-96.1467748,JET TRUCK STOP|771 STATE HIGHWAY 179|TEAGUE,JET TRUCK STOP,771 STATE HIGHWAY 179,TEAGUE,TX,75860-3055,31.59715,-96.15146,0.28,,,,,EXXONMOBIL,9033892672,False,False,,,No,,
"Road Ranger #289 - Teague, TX",31.5964732,-96.1467748,"Love's Travel Stop in Fairfield, TX. Store #288|299 I-45|Fairfield","Love's Travel Stop in Fairfield, TX. Store #288",299 I-45,Fairfield,TX,75840,31.728217,-96.182736,9.35,3.149,3.649,3.999,5.059,Love's,(903) 389-3967,,,2026-03-17T05:41:50.413951+00:00,,Yes,2026-03-17T05:41:50.413963+00:00,
"Road Ranger #289 - Teague, TX",31.5964732,-96.1467748,PILOT 1028|2605 W COMMERCE ST|BUFFALO,PILOT 1028,2605 W COMMERCE ST,BUFFALO,TX,75831-7777,31.447005,-96.07923,11.07,3.599,4.189,4.529,5.199,PILOT,9033229034,,,2026-03-17T05:40:21.851601+00:00,,Yes,2026-03-17T05:40:21.851608+00:00,1028
"Road Ranger #289 - Teague, TX",31.6506875,-97.0989245,"Love's Travel Stop in Hillsboro, TX. Store #231|1501 Corsicana Hwy|Hillsboro|RR289","Love's Travel Stop in Hillsboro, TX. Store #231",1501 Corsicana Hwy,Hillsboro,TX,76645,32.00952,-97.093528,62.21,3.699,4.149,4.549,4.889,Love's,(254) 582-2101,,,2026-03-17T05:41:37.027630+00:00,,Yes,2026-03-17T05:41:37.027633+00:00,
"Road Ranger #289 - Teague, TX",31.5964732,-96.1467748,TA Express Fairfield|300 E I 45|Fairfield,TA Express Fairfield,300 E I 45,Fairfield,TX,,31.72548824,-96.17748298,9.01,3.139,,3.939,5.029,TA-Petro,,True,True,2026-03-17T02:41:05.064000,1773715265064,No,,
"Road Ranger #290 - Joplin, MO",37.0674002,-94.4032877,PILOT|4500 STATE HWY 43|SPRINGFIELD,PILOT,4500 STATE HWY 43,SPRINGFIELD,,,37.00453177,-94.55243529,9.3,2.879,3.179,3.609,5.059,Pilot,,,,2026-03-17T05:40:23.429414+00:00,,Yes,2026-03-17T05:40:23.429421+00:00,317
"Road Ranger #290 - Joplin, MO",37.0674002,-94.4032877,Phillips - 2100|2100 S PRIGMORE AVE|JOPLIN,Phillips - 2100,2100 S PRIGMORE AVE,JOPLIN,MO,64804-8187,37.06827,-94.40387,0.07,3.199,3.599,3.999,4.349,PHILLIPS 66,4177683030,,,2026-03-17T05:43:04.855629+00:00,,Yes,2026-03-17T05:43:04.855647+00:00,bf6bcb86-639e-4955-a417-bc8d4320a728
"Road Ranger #290 - Joplin, MO",37.0674002,-94.4032877,QUIKTRIP 7061|6601 E 32ND ST|JOPLIN,QUIKTRIP 7061,6601 E 32ND ST,JOPLIN,MO,64804-7959,37.05456,-94.430252,1.73,3.199,3.499,3.799,4.199,QUIKTRIP,8002473452,,,,,Yes,2026-03-17T05:42:33.164504+00:00,
"Road Ranger #312 - Vidor, TX",30.131185,-93.959974,FUEL BOX LLC|2410 N MAIN ST|VIDOR,FUEL BOX LLC,2410 N MAIN ST,VIDOR,TX,77662-2672,30.157373,-94.016974,3.86,3.199,,3.999,4.299,EXXONMOBIL,4094224838,False,True,2026-03-16T23:49:31.851000,1773704971851,No,,
"Road Ranger #312 - Vidor, TX",30.131185,-93.959974,CHEVRON|1480 W FREEWAY BLVD|VIDOR,CHEVRON,1480 W FREEWAY BLVD,VIDOR,TX,77662,30.11238127,-94.04344688,5.15,3.599,,,,UNKNOWN,4097832755,False,True,2026-03-16T21:04:04.400000,1773695044400,No,,
"Road Ranger #312 - Vidor, TX",30.131185,-93.959974,PILOT|2205 HIGHWAY 62 S|ORANGE,PILOT,2205 HIGHWAY 62 S,ORANGE,TX,,30.11188819,-93.82179327,8.37,3.499,4.049,4.419,5.099,Pilot,,,,2026-03-17T05:40:25.073755+00:00,,Yes,2026-03-17T05:40:25.073762+00:00,431
"Road Ranger #312 - Vidor, TX",30.131185,-93.959974,PILOT|7112 I-10 W|ORANGE,PILOT,7112 I-10 W,ORANGE,TX,,30.11638319,-93.81972279,8.44,3.499,4.029,4.349,5.099,Pilot,,,,2026-03-17T05:40:26.705271+00:00,,Yes,2026-03-17T05:40:26.705278+00:00,735
"Road Ranger #312 - Vidor, TX",30.131185,-93.959974,SHELL SERVICE STATIO|12330 IH-10|ORANGE,SHELL SERVICE STATIO,12330 IH-10,ORANGE,TX,77632,30.13077822,-93.88216464,4.67,,,,,SHELL,9363979740,,,,,No,,
"Road Ranger #312 - Vidor, TX",30.131185,-93.959974,Valero - 1010|1010 N MAIN ST|VIDOR,Valero - 1010,1010 N MAIN ST,VIDOR,TX,77662-4340,30.13586,-94.01641,3.39,2.269,2.869,3.269,3.079,VALERO,4097698694,,,2026-03-17T05:43:21.953010+00:00,,Yes,2026-03-17T05:43:21.953036+00:00,d29b9a30-710b-41b0-a4bc-06b1f7704284
"Road Ranger #315 - Laredo, TX",27.6536303,-99.5632614,"Love's Travel Stop in Laredo, TX. Store #762|101 Pinnacle Road|Laredo","Love's Travel Stop in Laredo, TX. Store #762",101 Pinnacle Road,Laredo,TX,78045,27.644615,-99.555428,0.79,3.219,3.719,4.069,5.189,Love's,(956) 727-6098,,,2026-03-17T05:41:51.323474+00:00,,Yes,2026-03-17T05:41:51.323487+00:00,
"Road Ranger #315 - Laredo, TX",27.6536303,-99.5632614,Fuel America Valero|13602 Mines Rd|Laredo,Fuel America Valero,13602 Mines Rd,Laredo,TX,78045,27.613374,-99.523505,4.1,3.499,4.099,4.499,4.979,VALERO,,,,2026-03-17T05:43:23.627440+00:00,,Yes,2026-03-17T05:43:23.627468+00:00,29da2ca1-76d2-4626-b205-b600a09908f6
"Road Ranger #315 - Laredo, TX",27.6536303,-99.5632614,Stripes (Valero) Laredo|14118 FM 1472|Laredo,Stripes (Valero) Laredo,14118 FM 1472,Laredo,TX,78045,27.630181,-99.528975,3.5,3.599,4.099,4.499,4.899,VALERO,,,,2026-03-17T05:43:25.360570+00:00,,Yes,2026-03-17T05:43:25.360597+00:00,89ba7d40-aeff-46b5-8755-0840664954b6
"Road Ranger #315 - Laredo, TX",27.6536303,-99.5632614,QUIKTRIP 7925|14025 Mines Rd|Laredo,QUIKTRIP 7925,14025 Mines Rd,Laredo,TX,78045,27.619202,-99.52429,4.1,3.599,3.999,4.399,4.899,QUIKTRIP,,,,,,Yes,2026-03-17T05:42:34.379747+00:00,
"Road Ranger #315 - Laredo, TX",27.6536303,-99.5632614,PILOT|14070 Mines Rd|Laredo,PILOT,14070 Mines Rd,Laredo,TX,78045,27.6203489,-99.524636,3.8,3.599,3.899,4.199,5.199,PILOT,,,,2026-03-17T05:40:28.317966+00:00,,Yes,2026-03-17T05:40:28.317974+00:00,1370
"Road Ranger #319 - Milford, TX",32.1336355,-96.952332,"Love's Travel Stop in Italy, TX. Store #628|1021 Dale Evans Dr|Italy","Love's Travel Stop in Italy, TX. Store #628",1021 Dale Evans Dr,Italy,TX,76651,32.193688,-96.898726,5.2,3.199,3.699,4.049,4.879,Love's,(972) 483-1686,,,2026-03-17T05:41:52.341403+00:00,,Yes,2026-03-17T05:41:52.341415+00:00,
"Road Ranger #319 - Milford, TX",32.1336355,-96.952332,SHELL SERVICE STATIO|1020 DALE EVANS DR|ITALY,SHELL SERVICE STATIO,1020 DALE EVANS DR,ITALY,TX,76651-3540,32.195012,-96.89801,5.34,3.199,,4.499,4.999,SHELL,4692572121,True,True,2026-03-17T02:58:10.121000,1773716290121,No,,
"Road Ranger #319 - Milford, TX",32.1336355,-96.952332,TA Hillsboro|160 STATE HWY 77|HILLSBORO,TA Hillsboro,160 STATE HWY 77,HILLSBORO,TX,76645-7461,32.046337,-97.091458,10.14,3.299,3.749,4.249,4.949,TA-Petro,2542836556,,,2026-03-17T05:42:47.709893+00:00,,Yes,2026-03-17T05:42:47.709925+00:00,
"Road Ranger #319 - Milford, TX",31.6506875,-97.0989245,"Love's Travel Stop in Hillsboro, TX. Store #231|1501 Corsicana Hwy|Hillsboro|RR319","Love's Travel Stop in Hillsboro, TX. Store #231",1501 Corsicana Hwy,Hillsboro,TX,76645,32.00952,-97.093528,11.91,3.699,4.149,4.549,4.889,Love's,(254) 582-2101,,,2026-03-17T05:41:37.027636+00:00,,Yes,2026-03-17T05:41:37.027638+00:00,
"Road Ranger #319 - Milford, TX",32.1336355,-96.952332,TIGER MART #32|101 L R CAMPBELL RD|ITALY,TIGER MART #32,101 L R CAMPBELL RD,ITALY,TX,76651-3780,32.19706,-96.900754,5.38,3.199,4.199,4.999,5.259,EXXONMOBIL,9724837600,True,True,2026-03-17T04:41:34.359000,1773722494359,No,,
"Road Ranger #323 - Canton, TX",32.5820887,-95.8741616,BUC-EES|506 I-20|TERRELL,BUC-EES,506 I-20,TERRELL,TX,,32.71663486,-96.3212819,27.62,,,,,Wex,,,,,,No,,
"Road Ranger #323 - Canton, TX",32.5820887,-95.8741616,CIRCLEK# 2706340|2256 N TRADE DAYS BLVD|CANTON,CIRCLEK# 2706340,2256 N TRADE DAYS BLVD,CANTON,TX,75103-9795,32.576095,-95.855318,1.17,3.329,3.929,4.329,4.599,CIRCLE K,9035675041,,,2026-03-15 12:15:00.0,,Yes,2026-03-17T05:40:56.623884+00:00,2706340
"Road Ranger #323 - Canton, TX",32.5820887,-95.8741616,"Love's Travel Stop in Van, TX. Store #287|1221 S. Oak St|Van","Love's Travel Stop in Van, TX. Store #287",1221 S. Oak St,Van,TX,75790,32.50828,-95.642465,14.43,3.339,3.839,4.189,5.089,Love's,(903) 502-6008,,,2026-03-17T05:41:53.175609+00:00,,Yes,2026-03-17T05:41:53.175619+00:00,
"Road Ranger #323 - Canton, TX",32.5820887,-95.8741616,Valero - 17169|17169 INTERSTATE 20|CANTON,Valero - 17169,17169 INTERSTATE 20,CANTON,TX,75103-3550,32.577919,-95.855664,1.11,3.329,4.699,4.399,4.599,VALERO,9999999999,,,2026-03-17T05:43:26.996021+00:00,,Yes,2026-03-17T05:43:26.996050+00:00,1b292a4a-dfdd-41ba-a337-23142dd8b882
"Road Ranger #323 - Canton, TX",32.5820887,-95.8741616,QUIKTRIP 0993|1619 STATE HIGHWAY 34 S|TERRELL,QUIKTRIP 0993,1619 STATE HIGHWAY 34 S,TERRELL,TX,75160-5408,32.70526,-96.27667,24.84,3.699,4.099,4.399,4.899,QUIKTRIP,8002473452,,,,,Yes,2026-03-17T05:42:35.579119+00:00,
"Road Ranger #323 - Canton, TX",32.5820887,-95.8741616,DUKES|21620 INTERSTATE 20|CANTON,DUKES,21620 INTERSTATE 20,CANTON,TX,75150-1149,32.6006342,-95.9212522,3.02,3.599,3.999,4.399,4.999,SHELL,9728036046,False,True,2026-03-17T01:35:09.836000,1773711309836,No,,
"Road Ranger #323 - Canton, TX",32.5820887,-95.8741616,Pilot|9800 I-20 Frontage Rd|CANTON,Pilot,9800 I-20 Frontage Rd,CANTON,TX,75103,32.5428959,-95.7551831,7.41,,,,5.099,Pilot,,,,2026-03-17T05:40:29.902547+00:00,,Yes,2026-03-17T05:40:29.902557+00:00,883
"Road Ranger #323 - Canton, TX",32.5820887,-95.8741616,TA Terrell|1700 Wilson Road|TERRELL,TA Terrell,1700 Wilson Road,TERRELL,TX,75161,32.6907383,-96.24401692,22.8,3.459,3.919,4.419,5.099,TA-Petro,,,,2026-03-17T05:42:49.403831+00:00,,Yes,2026-03-17T05:42:49.403861+00:00,
"Road Ranger #324 - Blytheville, AR",35.88813107,-89.91935756,"Love's Travel Stop in Blytheville, AR. Store #671|3910 South Division Street|Blytheville","Love's Travel Stop in Blytheville, AR. Store #671",3910 South Division Street,Blytheville,AR,72315,35.88484145,-89.91744608,,3.299,3.749,4.099,5.139,Love's,,,,2026-03-17T05:41:54.078418+00:00,,Yes,2026-03-17T05:41:54.078429+00:00,
"Road Ranger #324 - Blytheville, AR",35.88813107,-89.91935756,DODGE STORE 6201|3605 S DIVISION ST|BLYTHEVILLE,DODGE STORE 6201,3605 S DIVISION ST,BLYTHEVILLE,AR,72315-5129,35.88970323,-89.91903432,,3.299,3.399,4.099,4.799,UNBRANDED,,False,True,2026-03-16T20:35:58.865000,1773693358865,No,,
"Road Ranger #324 - Blytheville, AR",35.88813107,-89.91935756,SUNOCO SRVC STATION|3702 S DIVISION ST|BLYTHEVILLE,SUNOCO SRVC STATION,3702 S DIVISION ST,BLYTHEVILLE,AR,72315-8105,35.88876439,-89.91814975,,3.299,,,,SUNOCO,,False,False,2026-03-14T17:43:29.711000,1773510209711,No,,
"Road Ranger #324 - Blytheville, AR",35.88813107,-89.91935756,BLYTHEVILLE TRAVEL C|3701 S DIVISION ST|BLYTHEVILLE,BLYTHEVILLE TRAVEL C,3701 S DIVISION ST,BLYTHEVILLE,AR,72315,35.88909328,-89.9192999,,3.299,,,,UNBRANDED,,False,True,2026-03-16T21:26:45.201000,1773696405201,No,,
"Road Ranger #324 - Blytheville, AR",35.88813107,-89.91935756,MURPHY 2588 ATWALMRT|3714 East Main St.|Blytheville,MURPHY 2588 ATWALMRT,3714 East Main St.,Blytheville,AR,72315,35.92929475,-89.86972704,,3.399,3.749,,4.599,MURPHY USA,,,,2026-03-16T22:12:19.477Z,,Yes,2026-03-17T05:42:17.506476+00:00,
"Road Ranger #324 - Blytheville, AR",35.88813107,-89.91935756,Phillips - 1511|1511 E Main St|Blythville,Phillips - 1511,1511 E Main St,Blytheville,AR,72315,35.92862514,-89.87783459,,3.339,3.629,4.229,4.699,PHILLIPS 66,,,,2026-03-17T05:43:06.503333+00:00,,Yes,2026-03-17T05:43:06.503360+00:00,b2e820e9-0665-4b4c-a545-69cffbd36c3f
"Road Ranger #324 - Blytheville, AR",35.88813107,-89.91935756,BRUCE W GIBSON|241 N SERVICE RD|Blytheville,BRUCE W GIBSON,241 N SERVICE RD,Blytheville,AR,72315,35.93065706,-89.87536115,,3.599,4.099,4.399,,UNBRANDED,,False,True,2026-03-16T21:40:46.586000,1773697246586,No,,
"Road Ranger #325 - Midland, TX",31.90916031,-102.213528,DK #11823|4408 S FM 1788|MIDLAND,DK #11823,4408 S FM 1788,MIDLAND,TX,79706,31.90762671,-102.2149399,,3.599,4.049,4.499,4.398,UNBRANDED,,False,True,2026-03-17T04:50:00.853000,1773723000853,No,,
"Road Ranger #325 - Midland, TX",31.90916031,-102.213528,PILOT #257|4015 S FM 1788|MIDLAND,PILOT #257,4015 S FM 1788,MIDLAND,TX,79706,31.9148086,-102.2155254,,3.599,4.109,4.489,5.199,Pilot,,,,2026-03-17T05:40:31.511326+00:00,,Yes,2026-03-17T05:40:31.511333+00:00,257
"Road Ranger #325 - Midland, TX",31.90916031,-102.213528,"SHELL SERVICE STATIO|10400 W Interstate 20 E, FM1788|MIDLAND",SHELL SERVICE STATIO,"10400 W Interstate 20 E, FM1788",MIDLAND,TX,79706,31.91387466,-102.2167337,,,,,,SHELL,,,,,,No,,
"Road Ranger #325 - Midland, TX",31.90916031,-102.213528,Phillips - 4001|4001 S FM 1788|MIDLAND,Phillips - 4001,4001 S FM 1788,MIDLAND,TX,79706,31.9154457,-102.2162389,,,,,,PHILLIPS 66,,,,,,No,,7b7ab28b-a1ba-4983-b605-f78f02f8730f
"Road Ranger #325 - Midland, TX",31.90916031,-102.213528,SUNOCO SRVC STATION|4001 S FM 1788|MIDLAND,SUNOCO SRVC STATION,4001 S FM 1788,MIDLAND,TX,79706-2603,31.91546294,-102.215958,,3.798,3.999,4.299,4.899,SUNOCO,,False,True,2026-03-17T01:20:19.912000,1773710419912,No,,
"Road Ranger #325 - Midland, TX",31.90916031,-102.213528,"Love's Travel Stop in Midland, TX. Store #623|5200 Cholla Rd|Midland","Love's Travel Stop in Midland, TX. Store #623",5200 Cholla Rd,Midland,TX,79706,31.94735993,-102.1406436,,3.619,4.119,4.469,5.189,Love's,,,,2026-03-17T05:41:54.969729+00:00,,Yes,2026-03-17T05:41:54.969743+00:00,
"Road Ranger #326 - El Paso, TX",31.68030806,-106.3112999,MURPHY 1740 ATWALMRT|9431 Alameda Rd.|El Paso,MURPHY 1740 ATWALMRT,9431 Alameda Rd.,El Paso,TX,79907,31.68235967,-106.3139344,,3.699,4.199,4.499,4.899,MURPHY USA,,,,2026-03-16T18:27:23.013Z,,Yes,2026-03-17T05:42:20.605234+00:00,
"Road Ranger #326 - El Paso, TX",31.68030806,-106.3112999,Valero - 230|230 S AMERICAS AVE|EL PASO,Valero - 230,230 S AMERICAS AVE,EL PASO,TX,79907,31.677805,-106.315661,,3.719,4.309,4.679,4.799,VALERO,,,,2026-03-17T05:43:28.653462+00:00,,Yes,2026-03-17T05:43:28.653492+00:00,9a498525-d9e0-4d1d-ae81-ec0be2ab9afb
"Road Ranger #326 - El Paso, TX",31.68030806,-106.3112999,ALON - 320|320 S Americas Ave|EL PASO,ALON - 320,320 S Americas Ave,EL PASO,TX,79907,31.67746728,-106.3163545,,3.699,4.049,4.499,4.799,ALON,,True,True,2026-03-17T04:03:01.513000,1773720181513,No,,
"Road Ranger #326 - El Paso, TX",31.68030806,-106.3112999,Circle K - 700|700 N Americas Ave|EL PASO,Circle K -700,700 N Americas Ave,EL PASO,TX,79907,31.68661605,-106.2974065,,3.769,4.369,4.669,4.859,CIRCLE K,,,,2026-03-16 14:54:00.0,,Yes,2026-03-17T05:40:58.695905+00:00,2706333
"Road Ranger #326 - El Paso, TX",31.68030806,-106.3112999,Speedway 9802|1350 Joe Battle Blvd|EL PASO,Speedway 9802,1350 Joe Battle Blvd,EL PASO,TX,79928,31.72560098,-106.2663326,,3.839,4.339,4.639,4.899,Speedway,,,,11 hours ago,,Yes,2026-03-17T05:42:07.619653+00:00,
"Road Ranger #326 - El Paso, TX",31.68030806,-106.3112999,Flying J 728|1301 Horizon Blvd|EL PASO,Flying J 728,1301 Horizon Blvd,EL PASO,TX,79928,31.6620526,-106.2380879,,3.899,4.409,4.839,5.099,Pilot,,,,2026-03-17T05:40:33.131703+00:00,,Yes,2026-03-17T05:40:33.131711+00:00,728
"Road Ranger #324 - Blytheville, AR",35.88813107,-89.91935756,ROAD_RANGER_324,"Road Ranger #324 - Blytheville, AR",3900 S Division St,Blytheville,AR,72315,35.88813107,-89.91935756,0,,,,,ROAD RANGER,,,,,,No,,
"Road Ranger #325 - Midland, TX",31.90916031,-102.213528,ROAD_RANGER_325,"Road Ranger #325 - Midland, TX",4015 S FM 1788,Midland,TX,79706,31.90916031,-102.213528,0,,,,,ROAD RANGER,,,,,,No,,
"Road Ranger #326 - El Paso, TX",31.68030806,-106.3112999,ROAD_RANGER_326,"Road Ranger #326 - El Paso, TX",9431 Alameda Rd,El Paso,TX,79907,31.68030806,-106.3112999,0,,,,,ROAD RANGER,,,,,,No,,
