timestamp,location,fuel_type,city,state,total_gallons_sold,delivery_count,delivery_volume,tank_count
2026-04-15 00:14:12,"0118 - Springfield, IL",Diesel,Springfield,IL,0.0,0,0.0,3
2026-04-15 00:14:12,"0118 - Springfield, IL",Unlead,Springfield,IL,10.0,0,0.0,1
2026-04-15 00:14:12,"0132 - Champaign, IL",Diesel,Champaign,IL,0.0,0,0.0,3
2026-04-15 00:14:12,"0132 - Champaign, IL",Unlead,Champaign,IL,13.180999999998676,0,0.0,1
2026-04-15 00:14:12,"0136 - Cottage Grove, WI",Diesel,Cottage Grove,WI,0.0,0,0.0,2
2026-04-15 00:14:12,"0136 - Cottage Grove, WI",Unlead,Cottage Grove,WI,0.0,0,0.0,1
2026-04-15 00:14:12,"0139 - Tuscola, IL",Diesel,Tuscola,IL,0.0,0,0.0,1
2026-04-15 00:14:12,"0139 - Tuscola, IL",Unlead,Tuscola,IL,0.0,0,0.0,2
2026-04-15 00:14:12,"0140 - Mendota, IL",Diesel,Mendota,IL,0.0,0,0.0,2
2026-04-15 00:14:12,"0140 - Mendota, IL",Unlead,Mendota,IL,0.0,0,0.0,2
2026-04-15 00:14:12,"0141 - Brazil, IN",Diesel,Brazil,IN,90.07830000000013,0,0.0,4
2026-04-15 00:14:12,"0141 - Brazil, IN",Unlead,Brazil,IN,0.0,0,0.0,1
2026-04-15 00:14:12,"0144 - Elk Run Height, IA",Diesel,Elk Run Height,IA,0.0,0,0.0,4
2026-04-15 00:14:12,"0144 - Elk Run Height, IA",Unlead,Elk Run Height,IA,0.0,0,0.0,2
2026-04-15 00:14:12,"0145 - Fenton, MO",Diesel,Fenton,MO,50.0,0,0.0,2
2026-04-15 00:14:12,"0145 - Fenton, MO",Unlead,Fenton,MO,0.0,0,0.0,1
2026-04-15 00:14:12,"0157 - Okawville, IL",Diesel,Okawville,IL,0.0,0,0.0,3
2026-04-15 00:14:12,"0157 - Okawville, IL",Unlead,Okawville,IL,0.0,0,0.0,1
2026-04-15 00:14:12,"0181 - Springfield, IL",Diesel,Springfield,IL,0.0,0,0.0,3
2026-04-15 00:14:12,"0181 - Springfield, IL",Unlead,Springfield,IL,0.0,0,0.0,1
2026-04-15 00:14:12,"0185 - McLean, IL",Diesel,McLean,IL,172.90500000000065,0,0.0,4
2026-04-15 00:14:12,"0185 - McLean, IL",Unlead,McLean,IL,15.55540000000019,0,0.0,1
2026-04-15 00:14:12,"0186 - Minonk, IL",Diesel,Minonk,IL,0.0,1,4214.536599999999,3
2026-04-15 00:14:12,"0186 - Minonk, IL",Unlead,Minonk,IL,10.751000000000204,0,0.0,1
2026-04-15 00:14:12,"0187 - Chicago, IL",Diesel,Chicago,IL,0.0,0,0.0,3
2026-04-15 00:14:12,"0187 - Chicago, IL",Unlead,Chicago,IL,9.524999999999636,0,0.0,1
2026-04-15 00:14:12,"0203 - Rockford, IL",Diesel,Rockford,IL,0.0,0,0.0,1
2026-04-15 00:14:12,"0203 - Rockford, IL",Unlead,Rockford,IL,5.3770000000004075,0,0.0,1
2026-04-15 00:14:12,"0205 - South Beloit, IL",Diesel,South Beloit,IL,103.0,0,0.0,3
2026-04-15 00:14:12,"0205 - South Beloit, IL",Unlead,South Beloit,IL,0.0,0,0.0,1
2026-04-15 00:14:12,"0206 - Winnebago, IL",Diesel,Winnebago,IL,0.0,0,0.0,1
2026-04-15 00:14:12,"0206 - Winnebago, IL",Unlead,Winnebago,IL,0.0,0,0.0,1
2026-04-15 00:14:12,"0209 - Oakdale, WI",Diesel,Oakdale,WI,0.0,0,0.0,3
2026-04-15 00:14:12,"0209 - Oakdale, WI",Unlead,Oakdale,WI,0.0,0,0.0,1
2026-04-15 00:14:12,"0210 - Rochelle, IL",Diesel,Rochelle,IL,0.0,0,0.0,3
2026-04-15 00:14:12,"0210 - Rochelle, IL",Unlead,Rochelle,IL,9.0,0,0.0,1
2026-04-15 00:14:12,"0211 - Loves Park, IL",Diesel,Loves Park,IL,0.0,0,0.0,1
2026-04-15 00:14:12,"0211 - Loves Park, IL",Unlead,Loves Park,IL,0.0,0,0.0,1
2026-04-15 00:14:12,"0225 - Princeton, IL",Diesel,Princeton,IL,0.0,0,0.0,4
2026-04-15 00:14:12,"0225 - Princeton, IL",Unlead,Princeton,IL,0.0,0,0.0,2
2026-04-15 00:14:12,"0226 - Greenwood, IN",Diesel,Greenwood,IN,0.0,0,0.0,2
2026-04-15 00:14:12,"0226 - Greenwood, IN",Unlead,Greenwood,IN,0.0,0,0.0,2
2026-04-15 00:14:12,"0235 - Hampshire, IL",Diesel,Hampshire,IL,0.0,0,0.0,2
2026-04-15 00:14:12,"0235 - Hampshire, IL",Unlead,Hampshire,IL,0.0,0,0.0,2
2026-04-15 00:14:12,"0236 - East Troy, WI",Diesel,East Troy,WI,0.0,0,0.0,2
2026-04-15 00:14:12,"0236 - East Troy, WI",Unlead,East Troy,WI,0.0,0,0.0,1
2026-04-15 00:14:12,"0240 - Lake Station, IN",Diesel,Lake Station,IN,0.0,0,0.0,5
2026-04-15 00:14:12,"0240 - Lake Station, IN",Unlead,Lake Station,IN,26.0,0,0.0,2
2026-04-15 00:14:12,"0242 - St Robert, MO",Diesel,St Robert,MO,0.0,0,0.0,4
2026-04-15 00:14:12,"0263 - Ottawa, IL",Diesel,Ottawa,IL,0.0,0,0.0,3
2026-04-15 00:14:12,"0263 - Ottawa, IL",Unlead,Ottawa,IL,0.0,0,0.0,1
2026-04-15 00:14:12,"0265 - Dixon, IL",Diesel,Dixon,IL,0.0,0,0.0,3
2026-04-15 00:14:12,"0265 - Dixon, IL",Unlead,Dixon,IL,6.487999999999829,0,0.0,1
2026-04-15 00:14:12,"0266 - New Berlin, IL",Diesel,New Berlin,IL,0.0,0,0.0,3
2026-04-15 00:14:12,"0266 - New Berlin, IL",Unlead,New Berlin,IL,8.016999999999825,0,0.0,1
2026-04-15 00:14:12,"0267 - Pharr, TX",Diesel,Pharr,TX,0.0,0,0.0,4
2026-04-15 00:14:12,"0267 - Pharr, TX",Unlead,Pharr,TX,0.0,0,0.0,1
2026-04-15 00:14:12,"0268 - Grayville, IL",Diesel,Grayville,IL,0.0,0,0.0,3
2026-04-15 00:14:12,"0268 - Grayville, IL",Unlead,Grayville,IL,9.0,0,0.0,1
2026-04-15 00:14:12,"0269 - Marshall, IL",Diesel,Marshall,IL,0.0,0,0.0,3
2026-04-15 00:14:12,"0269 - Marshall, IL",Unlead,Marshall,IL,0.0,0,0.0,1
2026-04-15 00:14:12,"0270 - Moore, TX",Diesel,Moore,TX,289.0,0,0.0,3
2026-04-15 00:14:12,"0270 - Moore, TX",Unlead,Moore,TX,9.0,0,0.0,1
2026-04-15 00:14:12,"0271 - Odessa, TX",Diesel,Odessa,TX,0.0,0,0.0,3
2026-04-15 00:14:12,"0271 - Odessa, TX",Unlead,Odessa,TX,0.0,0,0.0,1
2026-04-15 00:14:12,"0272 - Encinal, TX",Diesel,Encinal,TX,10.06499999999869,0,0.0,3
2026-04-15 00:14:12,"0272 - Encinal, TX",Unlead,Encinal,TX,0.0,0,0.0,1
2026-04-15 00:14:12,"0273 - Combes, TX",Diesel,Combes,TX,0.0,0,0.0,3
2026-04-15 00:14:12,"0273 - Combes, TX",Unlead,Combes,TX,9.981999999999971,0,0.0,1
2026-04-15 00:14:12,"0275 - Sonora, TX",Diesel,Sonora,TX,136.4248000000025,0,0.0,3
2026-04-15 00:14:12,"0275 - Sonora, TX",Unlead,Sonora,TX,0.0,0,0.0,1
2026-04-15 00:14:12,"0276 - Waco, TX",Diesel,Waco,TX,162.12880000000132,0,0.0,3
2026-04-15 00:14:12,"0276 - Waco, TX",Unlead,Waco,TX,0.0,0,0.0,1
2026-04-15 00:14:12,"0277 - New Boston, TX",Diesel,New Boston,TX,0.0,0,0.0,3
2026-04-15 00:14:12,"0277 - New Boston, TX",Unlead,New Boston,TX,0.0,0,0.0,1
2026-04-15 00:14:12,"0278 - Brinkley, AR",Diesel,Brinkley,AR,18.023000000001048,0,0.0,3
2026-04-15 00:14:12,"0278 - Brinkley, AR",Unlead,Brinkley,AR,0.0,0,0.0,1
2026-04-15 00:14:12,"0279 - Marion, IL",Diesel,Marion,IL,0.0,0,0.0,3
2026-04-15 00:14:12,"0279 - Marion, IL",Unlead,Marion,IL,0.0,0,0.0,1
2026-04-15 00:14:12,"0280 - Monahans, TX",Diesel,Monahans,TX,0.0,0,0.0,3
2026-04-15 00:14:12,"0280 - Monahans, TX",Unlead,Monahans,TX,9.13299999999981,0,0.0,1
2026-04-15 00:14:12,"0281 - Cisco, TX",Diesel,Cisco,TX,29.529500000000553,0,0.0,3
2026-04-15 00:14:12,"0281 - Cisco, TX",Unlead,Cisco,TX,0.0,0,0.0,1
2026-04-15 00:14:12,"0282 - Gainesville, TX",Diesel,Gainesville,TX,40.32499999999709,0,0.0,3
2026-04-15 00:14:12,"0282 - Gainesville, TX",Unlead,Gainesville,TX,4.890000000001237,0,0.0,1
2026-04-15 00:14:12,"0283 - Sealy, TX",Diesel,Sealy,TX,177.41199999999844,0,0.0,3
2026-04-15 00:14:12,"0283 - Sealy, TX",Unlead,Sealy,TX,0.0,0,0.0,1
2026-04-15 00:14:12,"0284 - New Deal, TX",Diesel,New Deal,TX,0.0,0,0.0,3
2026-04-15 00:14:12,"0284 - New Deal, TX",Unlead,New Deal,TX,8.195000000001528,0,0.0,1
2026-04-15 00:14:12,"0285 - Seguin, TX",Diesel,Seguin,TX,213.94540000000052,0,0.0,3
2026-04-15 00:14:12,"0285 - Seguin, TX",Unlead,Seguin,TX,0.0,0,0.0,1
2026-04-15 00:14:12,"0286 - Amarillo, TX",Diesel,Amarillo,TX,0.0,0,0.0,3
2026-04-15 00:14:12,"0286 - Amarillo, TX",Unlead,Amarillo,TX,0.0,0,0.0,1
2026-04-15 00:14:12,"0287 - Burbonnais, IL",Diesel,Burbonnais,IL,52.00000000000182,0,0.0,3
2026-04-15 00:14:12,"0287 - Burbonnais, IL",Unlead,Burbonnais,IL,0.0,0,0.0,1
2026-04-15 00:14:12,"0289 - Teague, TX",Diesel,Teague,TX,67.88900000000103,0,0.0,3
2026-04-15 00:14:12,"0289 - Teague, TX",Unlead,Teague,TX,0.0,0,0.0,1
2026-04-15 00:14:12,"0290 - Joplin, MO",Diesel,Joplin,MO,0.0,0,0.0,3
2026-04-15 00:14:12,"0290 - Joplin, MO",Unlead,Joplin,MO,0.0,0,0.0,1
2026-04-15 00:14:12,"0312 - Vidor, TX",Diesel,Vidor,TX,242.59759999999915,0,0.0,3
2026-04-15 00:14:12,"0312 - Vidor, TX",Unlead,Vidor,TX,0.0,0,0.0,1
2026-04-15 00:14:12,"0315 - Laredo, TX",Diesel,Laredo,TX,0.0,0,0.0,3
2026-04-15 00:14:12,"0315 - Laredo, TX",Unlead,Laredo,TX,16.514999999999418,0,0.0,1
2026-04-15 00:14:12,"0319 - Milford, TX",Diesel,Milford,TX,0.0,0,0.0,3
2026-04-15 00:14:12,"0319 - Milford, TX",Unlead,Milford,TX,18.79199999999946,0,0.0,1
2026-04-15 00:14:12,"0323 - Canton, TX",Diesel,Canton,TX,0.0,0,0.0,3
2026-04-15 00:14:12,"0323 - Canton, TX",Unlead,Canton,TX,0.0,0,0.0,1
2026-04-15 00:29:13,"0118 - Springfield, IL",Diesel,Springfield,IL,0.0,0,0.0,3
2026-04-15 00:29:13,"0118 - Springfield, IL",Unlead,Springfield,IL,0.0,0,0.0,1
2026-04-15 00:29:13,"0132 - Champaign, IL",Diesel,Champaign,IL,0.0,0,0.0,3
2026-04-15 00:29:13,"0132 - Champaign, IL",Unlead,Champaign,IL,7.256000000001222,0,0.0,1
2026-04-15 00:29:13,"0136 - Cottage Grove, WI",Diesel,Cottage Grove,WI,0.0,0,0.0,2
2026-04-15 00:29:13,"0136 - Cottage Grove, WI",Unlead,Cottage Grove,WI,0.0,0,0.0,1
2026-04-15 00:29:13,"0139 - Tuscola, IL",Diesel,Tuscola,IL,0.0,0,0.0,1
2026-04-15 00:29:13,"0139 - Tuscola, IL",Unlead,Tuscola,IL,0.0,0,0.0,2
2026-04-15 00:29:13,"0140 - Mendota, IL",Diesel,Mendota,IL,0.0,0,0.0,2
2026-04-15 00:29:13,"0140 - Mendota, IL",Unlead,Mendota,IL,0.0,0,0.0,2
2026-04-15 00:29:13,"0141 - Brazil, IN",Diesel,Brazil,IN,28.876100000000406,0,0.0,4
2026-04-15 00:29:13,"0141 - Brazil, IN",Unlead,Brazil,IN,0.0,0,0.0,1
2026-04-15 00:29:13,"0144 - Elk Run Height, IA",Diesel,Elk Run Height,IA,0.0,0,0.0,4
2026-04-15 00:29:13,"0144 - Elk Run Height, IA",Unlead,Elk Run Height,IA,0.0,0,0.0,2
2026-04-15 00:29:13,"0145 - Fenton, MO",Diesel,Fenton,MO,0.0,0,0.0,2
2026-04-15 00:29:13,"0145 - Fenton, MO",Unlead,Fenton,MO,0.0,0,0.0,1
2026-04-15 00:29:13,"0157 - Okawville, IL",Diesel,Okawville,IL,25.0,0,0.0,3
2026-04-15 00:29:13,"0157 - Okawville, IL",Unlead,Okawville,IL,0.0,0,0.0,1
2026-04-15 00:29:13,"0181 - Springfield, IL",Diesel,Springfield,IL,0.0,0,0.0,3
2026-04-15 00:29:13,"0181 - Springfield, IL",Unlead,Springfield,IL,29.450700000000325,0,0.0,1
2026-04-15 00:29:13,"0185 - McLean, IL",Diesel,McLean,IL,53.62300000000141,0,0.0,4
2026-04-15 00:29:13,"0185 - McLean, IL",Unlead,McLean,IL,0.0,0,0.0,1
2026-04-15 00:29:13,"0186 - Minonk, IL",Diesel,Minonk,IL,0.0,1,3126.9320000000007,3
2026-04-15 00:29:13,"0186 - Minonk, IL",Unlead,Minonk,IL,15.239199999999983,0,0.0,1
2026-04-15 00:29:13,"0187 - Chicago, IL",Diesel,Chicago,IL,0.0,0,0.0,3
2026-04-15 00:29:13,"0187 - Chicago, IL",Unlead,Chicago,IL,0.0,0,0.0,1
2026-04-15 00:29:13,"0203 - Rockford, IL",Diesel,Rockford,IL,0.0,0,0.0,1
2026-04-15 00:29:13,"0203 - Rockford, IL",Unlead,Rockford,IL,5.799999999999272,0,0.0,1
2026-04-15 00:29:13,"0205 - South Beloit, IL",Diesel,South Beloit,IL,61.0,0,0.0,3
2026-04-15 00:29:13,"0205 - South Beloit, IL",Unlead,South Beloit,IL,0.0,0,0.0,1
2026-04-15 00:29:13,"0206 - Winnebago, IL",Diesel,Winnebago,IL,89.0,0,0.0,1
2026-04-15 00:29:13,"0206 - Winnebago, IL",Unlead,Winnebago,IL,9.0,0,0.0,1
2026-04-15 00:29:13,"0209 - Oakdale, WI",Diesel,Oakdale,WI,105.0,0,0.0,3
2026-04-15 00:29:13,"0209 - Oakdale, WI",Unlead,Oakdale,WI,0.0,0,0.0,1
2026-04-15 00:29:13,"0210 - Rochelle, IL",Diesel,Rochelle,IL,0.0,0,0.0,3
2026-04-15 00:29:13,"0210 - Rochelle, IL",Unlead,Rochelle,IL,0.0,0,0.0,1
2026-04-15 00:29:13,"0211 - Loves Park, IL",Diesel,Loves Park,IL,0.0,0,0.0,1
2026-04-15 00:29:13,"0211 - Loves Park, IL",Unlead,Loves Park,IL,0.0,0,0.0,1
2026-04-15 00:29:13,"0225 - Princeton, IL",Diesel,Princeton,IL,0.0,0,0.0,4
2026-04-15 00:29:13,"0225 - Princeton, IL",Unlead,Princeton,IL,0.0,0,0.0,2
2026-04-15 00:29:13,"0226 - Greenwood, IN",Diesel,Greenwood,IN,86.0,0,0.0,2
2026-04-15 00:29:13,"0226 - Greenwood, IN",Unlead,Greenwood,IN,0.0,0,0.0,2
2026-04-15 00:29:13,"0235 - Hampshire, IL",Diesel,Hampshire,IL,0.0,0,0.0,2
2026-04-15 00:29:13,"0235 - Hampshire, IL",Unlead,Hampshire,IL,0.0,0,0.0,2
2026-04-15 00:29:13,"0236 - East Troy, WI",Diesel,East Troy,WI,0.0,0,0.0,2
2026-04-15 00:29:13,"0236 - East Troy, WI",Unlead,East Troy,WI,0.0,0,0.0,1
2026-04-15 00:29:13,"0240 - Lake Station, IN",Diesel,Lake Station,IN,0.0,0,0.0,5
2026-04-15 00:29:13,"0240 - Lake Station, IN",Unlead,Lake Station,IN,0.0,0,0.0,2
2026-04-15 00:29:13,"0242 - St Robert, MO",Diesel,St Robert,MO,200.13600000000042,0,0.0,4
2026-04-15 00:29:13,"0263 - Ottawa, IL",Diesel,Ottawa,IL,0.0,0,0.0,3
2026-04-15 00:29:13,"0263 - Ottawa, IL",Unlead,Ottawa,IL,0.0,0,0.0,1
2026-04-15 00:29:13,"0265 - Dixon, IL",Diesel,Dixon,IL,0.0,0,0.0,3
2026-04-15 00:29:13,"0265 - Dixon, IL",Unlead,Dixon,IL,0.0,0,0.0,1
2026-04-15 00:29:13,"0266 - New Berlin, IL",Diesel,New Berlin,IL,70.0,0,0.0,3
2026-04-15 00:29:13,"0266 - New Berlin, IL",Unlead,New Berlin,IL,0.0,0,0.0,1
2026-04-15 00:29:13,"0267 - Pharr, TX",Diesel,Pharr,TX,0.0,0,0.0,4
2026-04-15 00:29:13,"0267 - Pharr, TX",Unlead,Pharr,TX,0.0,0,0.0,1
2026-04-15 00:29:13,"0268 - Grayville, IL",Diesel,Grayville,IL,17.0,0,0.0,3
2026-04-15 00:29:13,"0268 - Grayville, IL",Unlead,Grayville,IL,4.0,0,0.0,1
2026-04-15 00:29:13,"0269 - Marshall, IL",Diesel,Marshall,IL,0.0,0,0.0,3
2026-04-15 00:29:13,"0269 - Marshall, IL",Unlead,Marshall,IL,0.0,0,0.0,1
2026-04-15 00:29:13,"0270 - Moore, TX",Diesel,Moore,TX,101.0,1,2951.0,3
2026-04-15 00:29:13,"0270 - Moore, TX",Unlead,Moore,TX,30.0,0,0.0,1
2026-04-15 00:29:13,"0271 - Odessa, TX",Diesel,Odessa,TX,290.45730000000003,0,0.0,3
2026-04-15 00:29:13,"0271 - Odessa, TX",Unlead,Odessa,TX,6.387000000000626,0,0.0,1
2026-04-15 00:29:13,"0272 - Encinal, TX",Diesel,Encinal,TX,0.0,0,0.0,3
2026-04-15 00:29:13,"0272 - Encinal, TX",Unlead,Encinal,TX,21.153000000000247,0,0.0,1
2026-04-15 00:29:13,"0273 - Combes, TX",Diesel,Combes,TX,69.93949999999859,0,0.0,3
2026-04-15 00:29:13,"0273 - Combes, TX",Unlead,Combes,TX,25.25500000000102,0,0.0,1
2026-04-15 00:29:13,"0275 - Sonora, TX",Diesel,Sonora,TX,0.0,0,0.0,3
2026-04-15 00:29:13,"0275 - Sonora, TX",Unlead,Sonora,TX,7.751000000000204,0,0.0,1
2026-04-15 00:29:13,"0276 - Waco, TX",Diesel,Waco,TX,336.90470000000005,0,0.0,3
2026-04-15 00:29:13,"0276 - Waco, TX",Unlead,Waco,TX,17.32300000000032,0,0.0,1
2026-04-15 00:29:13,"0277 - New Boston, TX",Diesel,New Boston,TX,0.0,0,0.0,3
2026-04-15 00:29:13,"0277 - New Boston, TX",Unlead,New Boston,TX,0.0,0,0.0,1
2026-04-15 00:29:13,"0278 - Brinkley, AR",Diesel,Brinkley,AR,0.0,0,0.0,3
2026-04-15 00:29:13,"0278 - Brinkley, AR",Unlead,Brinkley,AR,0.0,0,0.0,1
2026-04-15 00:29:13,"0279 - Marion, IL",Diesel,Marion,IL,0.0,0,0.0,3
2026-04-15 00:29:13,"0279 - Marion, IL",Unlead,Marion,IL,0.0,0,0.0,1
2026-04-15 00:29:13,"0280 - Monahans, TX",Diesel,Monahans,TX,296.72430000000077,0,0.0,3
2026-04-15 00:29:13,"0280 - Monahans, TX",Unlead,Monahans,TX,0.0,0,0.0,1
2026-04-15 00:29:13,"0281 - Cisco, TX",Diesel,Cisco,TX,64.07899999999972,0,0.0,3
2026-04-15 00:29:13,"0281 - Cisco, TX",Unlead,Cisco,TX,17.05199999999968,0,0.0,1
2026-04-15 00:29:13,"0282 - Gainesville, TX",Diesel,Gainesville,TX,0.0,0,0.0,3
2026-04-15 00:29:13,"0282 - Gainesville, TX",Unlead,Gainesville,TX,0.0,0,0.0,1
2026-04-15 00:29:13,"0283 - Sealy, TX",Diesel,Sealy,TX,113.96900000000096,0,0.0,3
2026-04-15 00:29:13,"0283 - Sealy, TX",Unlead,Sealy,TX,0.0,0,0.0,1
2026-04-15 00:29:13,"0284 - New Deal, TX",Diesel,New Deal,TX,20.81999999999789,0,0.0,3
2026-04-15 00:29:13,"0284 - New Deal, TX",Unlead,New Deal,TX,0.0,0,0.0,1
2026-04-15 00:29:13,"0285 - Seguin, TX",Diesel,Seguin,TX,296.4196000000002,0,0.0,3
2026-04-15 00:29:13,"0285 - Seguin, TX",Unlead,Seguin,TX,0.0,0,0.0,1
2026-04-15 00:29:13,"0286 - Amarillo, TX",Diesel,Amarillo,TX,0.0,0,0.0,3
2026-04-15 00:29:13,"0286 - Amarillo, TX",Unlead,Amarillo,TX,0.0,0,0.0,1
2026-04-15 00:29:13,"0287 - Burbonnais, IL",Diesel,Burbonnais,IL,73.21099999999933,0,0.0,3
2026-04-15 00:29:13,"0287 - Burbonnais, IL",Unlead,Burbonnais,IL,0.0,0,0.0,1
2026-04-15 00:29:13,"0289 - Teague, TX",Diesel,Teague,TX,100.45999999999913,0,0.0,3
2026-04-15 00:29:13,"0289 - Teague, TX",Unlead,Teague,TX,0.0,0,0.0,1
2026-04-15 00:29:13,"0290 - Joplin, MO",Diesel,Joplin,MO,0.0,0,0.0,3
2026-04-15 00:29:13,"0290 - Joplin, MO",Unlead,Joplin,MO,0.0,0,0.0,1
2026-04-15 00:29:13,"0312 - Vidor, TX",Diesel,Vidor,TX,0.0,0,0.0,3
2026-04-15 00:29:13,"0312 - Vidor, TX",Unlead,Vidor,TX,25.443999999999505,0,0.0,1
2026-04-15 00:29:13,"0315 - Laredo, TX",Diesel,Laredo,TX,0.0,0,0.0,3
2026-04-15 00:29:13,"0315 - Laredo, TX",Unlead,Laredo,TX,0.0,0,0.0,1
2026-04-15 00:29:13,"0319 - Milford, TX",Diesel,Milford,TX,18.63500000000022,1,317.6209999999992,3
2026-04-15 00:29:13,"0319 - Milford, TX",Unlead,Milford,TX,27.434000000001106,0,0.0,1
2026-04-15 00:29:13,"0323 - Canton, TX",Diesel,Canton,TX,71.3060000000005,0,0.0,3
2026-04-15 00:29:13,"0323 - Canton, TX",Unlead,Canton,TX,0.0,0,0.0,1
2026-04-15 00:44:16,"0118 - Springfield, IL",Diesel,Springfield,IL,0.0,0,0.0,3
2026-04-15 00:44:16,"0118 - Springfield, IL",Unlead,Springfield,IL,0.0,0,0.0,1
2026-04-15 00:44:16,"0132 - Champaign, IL",Diesel,Champaign,IL,0.0,0,0.0,3
2026-04-15 00:44:16,"0132 - Champaign, IL",Unlead,Champaign,IL,31.958999999998923,0,0.0,1
2026-04-15 00:44:16,"0136 - Cottage Grove, WI",Diesel,Cottage Grove,WI,0.0,0,0.0,2
2026-04-15 00:44:16,"0136 - Cottage Grove, WI",Unlead,Cottage Grove,WI,0.0,0,0.0,1
2026-04-15 00:44:16,"0139 - Tuscola, IL",Diesel,Tuscola,IL,0.0,0,0.0,1
2026-04-15 00:44:16,"0139 - Tuscola, IL",Unlead,Tuscola,IL,0.0,0,0.0,2
2026-04-15 00:44:16,"0140 - Mendota, IL",Diesel,Mendota,IL,0.0,0,0.0,2
2026-04-15 00:44:16,"0140 - Mendota, IL",Unlead,Mendota,IL,0.0,0,0.0,2
2026-04-15 00:44:16,"0141 - Brazil, IN",Diesel,Brazil,IN,74.0029999999997,0,0.0,4
2026-04-15 00:44:16,"0141 - Brazil, IN",Unlead,Brazil,IN,0.0,0,0.0,1
2026-04-15 00:44:16,"0144 - Elk Run Height, IA",Diesel,Elk Run Height,IA,0.0,0,0.0,4
2026-04-15 00:44:16,"0144 - Elk Run Height, IA",Unlead,Elk Run Height,IA,0.0,0,0.0,2
2026-04-15 00:44:16,"0145 - Fenton, MO",Diesel,Fenton,MO,38.0,0,0.0,2
2026-04-15 00:44:16,"0145 - Fenton, MO",Unlead,Fenton,MO,5.0,0,0.0,1
2026-04-15 00:44:16,"0157 - Okawville, IL",Diesel,Okawville,IL,0.0,0,0.0,3
2026-04-15 00:44:16,"0157 - Okawville, IL",Unlead,Okawville,IL,0.0,0,0.0,1
2026-04-15 00:44:16,"0181 - Springfield, IL",Diesel,Springfield,IL,0.0,0,0.0,3
2026-04-15 00:44:16,"0181 - Springfield, IL",Unlead,Springfield,IL,0.0,0,0.0,1
2026-04-15 00:44:16,"0185 - McLean, IL",Diesel,McLean,IL,0.0,0,0.0,4
2026-04-15 00:44:16,"0185 - McLean, IL",Unlead,McLean,IL,19.001000000000204,0,0.0,1
2026-04-15 00:44:16,"0186 - Minonk, IL",Diesel,Minonk,IL,0.0,0,0.0,3
2026-04-15 00:44:16,"0186 - Minonk, IL",Unlead,Minonk,IL,0.0,0,0.0,1
2026-04-15 00:44:16,"0187 - Chicago, IL",Diesel,Chicago,IL,0.0,0,0.0,3
2026-04-15 00:44:16,"0187 - Chicago, IL",Unlead,Chicago,IL,0.0,0,0.0,1
2026-04-15 00:44:16,"0203 - Rockford, IL",Diesel,Rockford,IL,0.0,0,0.0,1
2026-04-15 00:44:16,"0203 - Rockford, IL",Unlead,Rockford,IL,0.0,0,0.0,1
2026-04-15 00:44:16,"0205 - South Beloit, IL",Diesel,South Beloit,IL,0.0,0,0.0,3
2026-04-15 00:44:16,"0205 - South Beloit, IL",Unlead,South Beloit,IL,0.0,0,0.0,1
2026-04-15 00:44:16,"0206 - Winnebago, IL",Diesel,Winnebago,IL,0.0,0,0.0,1
2026-04-15 00:44:16,"0206 - Winnebago, IL",Unlead,Winnebago,IL,12.0,0,0.0,1
2026-04-15 00:44:16,"0209 - Oakdale, WI",Diesel,Oakdale,WI,29.0,0,0.0,3
2026-04-15 00:44:16,"0209 - Oakdale, WI",Unlead,Oakdale,WI,0.0,0,0.0,1
2026-04-15 00:44:16,"0210 - Rochelle, IL",Diesel,Rochelle,IL,0.0,0,0.0,3
2026-04-15 00:44:16,"0210 - Rochelle, IL",Unlead,Rochelle,IL,0.0,0,0.0,1
2026-04-15 00:44:16,"0211 - Loves Park, IL",Diesel,Loves Park,IL,0.0,0,0.0,1
2026-04-15 00:44:16,"0211 - Loves Park, IL",Unlead,Loves Park,IL,0.0,0,0.0,1
2026-04-15 00:44:16,"0225 - Princeton, IL",Diesel,Princeton,IL,45.0,0,0.0,4
2026-04-15 00:44:16,"0225 - Princeton, IL",Unlead,Princeton,IL,0.0,0,0.0,2
2026-04-15 00:44:16,"0226 - Greenwood, IN",Diesel,Greenwood,IN,0.0,0,0.0,2
2026-04-15 00:44:16,"0226 - Greenwood, IN",Unlead,Greenwood,IN,0.0,0,0.0,2
2026-04-15 00:44:16,"0235 - Hampshire, IL",Diesel,Hampshire,IL,0.0,0,0.0,2
2026-04-15 00:44:16,"0235 - Hampshire, IL",Unlead,Hampshire,IL,0.0,0,0.0,2
2026-04-15 00:44:16,"0236 - East Troy, WI",Diesel,East Troy,WI,0.0,0,0.0,2
2026-04-15 00:44:16,"0236 - East Troy, WI",Unlead,East Troy,WI,0.0,0,0.0,1
2026-04-15 00:44:16,"0240 - Lake Station, IN",Diesel,Lake Station,IN,0.0,0,0.0,5
2026-04-15 00:44:16,"0240 - Lake Station, IN",Unlead,Lake Station,IN,0.0,0,0.0,2
2026-04-15 00:44:16,"0242 - St Robert, MO",Diesel,St Robert,MO,47.78299999999945,0,0.0,4
2026-04-15 00:44:16,"0263 - Ottawa, IL",Diesel,Ottawa,IL,0.0,0,0.0,3
2026-04-15 00:44:16,"0263 - Ottawa, IL",Unlead,Ottawa,IL,0.0,0,0.0,1
2026-04-15 00:44:16,"0265 - Dixon, IL",Diesel,Dixon,IL,0.0,0,0.0,3
2026-04-15 00:44:16,"0265 - Dixon, IL",Unlead,Dixon,IL,0.0,0,0.0,1
2026-04-15 00:44:16,"0266 - New Berlin, IL",Diesel,New Berlin,IL,26.0,0,0.0,3
2026-04-15 00:44:16,"0266 - New Berlin, IL",Unlead,New Berlin,IL,5.390999999999622,0,0.0,1
2026-04-15 00:44:16,"0267 - Pharr, TX",Diesel,Pharr,TX,0.0,0,0.0,4
2026-04-15 00:44:16,"0267 - Pharr, TX",Unlead,Pharr,TX,0.0,0,0.0,1
2026-04-15 00:44:16,"0268 - Grayville, IL",Diesel,Grayville,IL,94.0,0,0.0,3
2026-04-15 00:44:16,"0268 - Grayville, IL",Unlead,Grayville,IL,24.0,0,0.0,1
2026-04-15 00:44:16,"0269 - Marshall, IL",Diesel,Marshall,IL,0.0,0,0.0,3
2026-04-15 00:44:16,"0269 - Marshall, IL",Unlead,Marshall,IL,0.0,0,0.0,1
2026-04-15 00:44:16,"0270 - Moore, TX",Diesel,Moore,TX,72.0,2,2666.0,3
2026-04-15 00:44:16,"0270 - Moore, TX",Unlead,Moore,TX,7.0,0,0.0,1
2026-04-15 00:44:16,"0271 - Odessa, TX",Diesel,Odessa,TX,0.0,0,0.0,3
2026-04-15 00:44:16,"0271 - Odessa, TX",Unlead,Odessa,TX,22.615999999999985,0,0.0,1
2026-04-15 00:44:16,"0272 - Encinal, TX",Diesel,Encinal,TX,0.0,0,0.0,3
2026-04-15 00:44:16,"0272 - Encinal, TX",Unlead,Encinal,TX,3.877999999998792,0,0.0,1
2026-04-15 00:44:16,"0273 - Combes, TX",Diesel,Combes,TX,0.0,0,0.0,3
2026-04-15 00:44:16,"0273 - Combes, TX",Unlead,Combes,TX,10.381999999999607,0,0.0,1
2026-04-15 00:44:16,"0275 - Sonora, TX",Diesel,Sonora,TX,0.0,0,0.0,3
2026-04-15 00:44:16,"0275 - Sonora, TX",Unlead,Sonora,TX,24.70300000000134,0,0.0,1
2026-04-15 00:44:16,"0276 - Waco, TX",Diesel,Waco,TX,59.602999999999156,0,0.0,3
2026-04-15 00:44:16,"0276 - Waco, TX",Unlead,Waco,TX,0.0,0,0.0,1
2026-04-15 00:44:16,"0277 - New Boston, TX",Diesel,New Boston,TX,0.0,0,0.0,3
2026-04-15 00:44:16,"0277 - New Boston, TX",Unlead,New Boston,TX,0.0,0,0.0,1
2026-04-15 00:44:16,"0278 - Brinkley, AR",Diesel,Brinkley,AR,63.97400000000016,0,0.0,3
2026-04-15 00:44:16,"0278 - Brinkley, AR",Unlead,Brinkley,AR,6.096499999999651,0,0.0,1
2026-04-15 00:44:16,"0279 - Marion, IL",Diesel,Marion,IL,0.0,0,0.0,3
2026-04-15 00:44:16,"0279 - Marion, IL",Unlead,Marion,IL,38.673000000000684,0,0.0,1
2026-04-15 00:44:16,"0280 - Monahans, TX",Diesel,Monahans,TX,37.09549999999945,0,0.0,3
2026-04-15 00:44:16,"0280 - Monahans, TX",Unlead,Monahans,TX,0.0,0,0.0,1
2026-04-15 00:44:16,"0281 - Cisco, TX",Diesel,Cisco,TX,0.0,0,0.0,3
2026-04-15 00:44:16,"0281 - Cisco, TX",Unlead,Cisco,TX,29.00300000000061,0,0.0,1
2026-04-15 00:44:16,"0282 - Gainesville, TX",Diesel,Gainesville,TX,0.0,0,0.0,3
2026-04-15 00:44:16,"0282 - Gainesville, TX",Unlead,Gainesville,TX,21.735999999998967,0,0.0,1
2026-04-15 00:44:16,"0283 - Sealy, TX",Diesel,Sealy,TX,315.14900000000125,0,0.0,3
2026-04-15 00:44:16,"0283 - Sealy, TX",Unlead,Sealy,TX,0.0,0,0.0,1
2026-04-15 00:44:16,"0284 - New Deal, TX",Diesel,New Deal,TX,0.0,0,0.0,3
2026-04-15 00:44:16,"0284 - New Deal, TX",Unlead,New Deal,TX,13.047500000000582,0,0.0,1
2026-04-15 00:44:16,"0285 - Seguin, TX",Diesel,Seguin,TX,145.83149999999932,0,0.0,3
2026-04-15 00:44:16,"0285 - Seguin, TX",Unlead,Seguin,TX,0.0,0,0.0,1
2026-04-15 00:44:16,"0286 - Amarillo, TX",Diesel,Amarillo,TX,0.0,0,0.0,3
2026-04-15 00:44:16,"0286 - Amarillo, TX",Unlead,Amarillo,TX,0.0,0,0.0,1
2026-04-15 00:44:16,"0287 - Burbonnais, IL",Diesel,Burbonnais,IL,38.45399999999972,0,0.0,3
2026-04-15 00:44:16,"0287 - Burbonnais, IL",Unlead,Burbonnais,IL,6.863000000001193,0,0.0,1
2026-04-15 00:44:16,"0289 - Teague, TX",Diesel,Teague,TX,168.21100000000115,0,0.0,3
2026-04-15 00:44:16,"0289 - Teague, TX",Unlead,Teague,TX,0.0,0,0.0,1
2026-04-15 00:44:16,"0290 - Joplin, MO",Diesel,Joplin,MO,0.0,0,0.0,3
2026-04-15 00:44:16,"0290 - Joplin, MO",Unlead,Joplin,MO,9.742699999999786,0,0.0,1
2026-04-15 00:44:16,"0312 - Vidor, TX",Diesel,Vidor,TX,43.90560000000005,0,0.0,3
2026-04-15 00:44:16,"0312 - Vidor, TX",Unlead,Vidor,TX,15.679000000000087,0,0.0,1
2026-04-15 00:44:16,"0315 - Laredo, TX",Diesel,Laredo,TX,0.0,0,0.0,3
2026-04-15 00:44:16,"0315 - Laredo, TX",Unlead,Laredo,TX,2.644000000000233,0,0.0,1
2026-04-15 00:44:16,"0319 - Milford, TX",Diesel,Milford,TX,12.61199999999917,1,5278.1900000000005,3
2026-04-15 00:44:16,"0319 - Milford, TX",Unlead,Milford,TX,17.068999999999505,0,0.0,1
2026-04-15 00:44:16,"0323 - Canton, TX",Diesel,Canton,TX,0.0,0,0.0,3
2026-04-15 00:44:16,"0323 - Canton, TX",Unlead,Canton,TX,0.0,0,0.0,1
2026-04-15 00:59:17,"0118 - Springfield, IL",Diesel,Springfield,IL,0.0,0,0.0,3
2026-04-15 00:59:17,"0118 - Springfield, IL",Unlead,Springfield,IL,6.0,0,0.0,1
2026-04-15 00:59:17,"0132 - Champaign, IL",Diesel,Champaign,IL,67.34000000000015,0,0.0,3
2026-04-15 00:59:17,"0132 - Champaign, IL",Unlead,Champaign,IL,17.39300000000003,0,0.0,1
2026-04-15 00:59:17,"0136 - Cottage Grove, WI",Diesel,Cottage Grove,WI,0.0,0,0.0,2
2026-04-15 00:59:17,"0136 - Cottage Grove, WI",Unlead,Cottage Grove,WI,0.0,0,0.0,1
2026-04-15 00:59:17,"0139 - Tuscola, IL",Diesel,Tuscola,IL,10.0,0,0.0,1
2026-04-15 00:59:17,"0139 - Tuscola, IL",Unlead,Tuscola,IL,0.0,0,0.0,2
2026-04-15 00:59:17,"0140 - Mendota, IL",Diesel,Mendota,IL,58.0,0,0.0,2
2026-04-15 00:59:17,"0140 - Mendota, IL",Unlead,Mendota,IL,0.0,0,0.0,2
2026-04-15 00:59:17,"0141 - Brazil, IN",Diesel,Brazil,IN,39.498499999999694,0,0.0,4
2026-04-15 00:59:17,"0141 - Brazil, IN",Unlead,Brazil,IN,0.0,0,0.0,1
2026-04-15 00:59:17,"0144 - Elk Run Height, IA",Diesel,Elk Run Height,IA,0.0,0,0.0,4
2026-04-15 00:59:17,"0144 - Elk Run Height, IA",Unlead,Elk Run Height,IA,0.0,0,0.0,2
2026-04-15 00:59:17,"0145 - Fenton, MO",Diesel,Fenton,MO,0.0,0,0.0,2
2026-04-15 00:59:17,"0145 - Fenton, MO",Unlead,Fenton,MO,12.0,0,0.0,1
2026-04-15 00:59:17,"0157 - Okawville, IL",Diesel,Okawville,IL,0.0,0,0.0,3
2026-04-15 00:59:17,"0157 - Okawville, IL",Unlead,Okawville,IL,0.0,0,0.0,1
2026-04-15 00:59:17,"0181 - Springfield, IL",Diesel,Springfield,IL,0.0,0,0.0,3
2026-04-15 00:59:17,"0181 - Springfield, IL",Unlead,Springfield,IL,0.0,0,0.0,1
2026-04-15 00:59:17,"0185 - McLean, IL",Diesel,McLean,IL,0.0,0,0.0,4
2026-04-15 00:59:17,"0185 - McLean, IL",Unlead,McLean,IL,0.0,0,0.0,1
2026-04-15 00:59:17,"0186 - Minonk, IL",Diesel,Minonk,IL,0.0,0,0.0,3
2026-04-15 00:59:17,"0186 - Minonk, IL",Unlead,Minonk,IL,0.0,0,0.0,1
2026-04-15 00:59:17,"0187 - Chicago, IL",Diesel,Chicago,IL,0.0,0,0.0,3
2026-04-15 00:59:17,"0187 - Chicago, IL",Unlead,Chicago,IL,0.0,0,0.0,1
2026-04-15 00:59:17,"0203 - Rockford, IL",Diesel,Rockford,IL,0.0,0,0.0,1
2026-04-15 00:59:17,"0203 - Rockford, IL",Unlead,Rockford,IL,0.0,0,0.0,1
2026-04-15 00:59:17,"0205 - South Beloit, IL",Diesel,South Beloit,IL,0.0,0,0.0,3
2026-04-15 00:59:17,"0205 - South Beloit, IL",Unlead,South Beloit,IL,0.0,0,0.0,1
2026-04-15 00:59:17,"0206 - Winnebago, IL",Diesel,Winnebago,IL,0.0,0,0.0,1
2026-04-15 00:59:17,"0206 - Winnebago, IL",Unlead,Winnebago,IL,0.0,0,0.0,1
2026-04-15 00:59:17,"0209 - Oakdale, WI",Diesel,Oakdale,WI,107.0,0,0.0,3
2026-04-15 00:59:17,"0209 - Oakdale, WI",Unlead,Oakdale,WI,0.0,0,0.0,1
2026-04-15 00:59:17,"0210 - Rochelle, IL",Diesel,Rochelle,IL,0.0,0,0.0,3
2026-04-15 00:59:17,"0210 - Rochelle, IL",Unlead,Rochelle,IL,0.0,0,0.0,1
2026-04-15 00:59:17,"0211 - Loves Park, IL",Diesel,Loves Park,IL,44.0,0,0.0,1
2026-04-15 00:59:17,"0211 - Loves Park, IL",Unlead,Loves Park,IL,0.0,0,0.0,1
2026-04-15 00:59:17,"0225 - Princeton, IL",Diesel,Princeton,IL,0.0,0,0.0,4
2026-04-15 00:59:17,"0225 - Princeton, IL",Unlead,Princeton,IL,0.0,0,0.0,2
2026-04-15 00:59:17,"0226 - Greenwood, IN",Diesel,Greenwood,IN,0.0,0,0.0,2
2026-04-15 00:59:17,"0226 - Greenwood, IN",Unlead,Greenwood,IN,0.0,0,0.0,2
2026-04-15 00:59:17,"0235 - Hampshire, IL",Diesel,Hampshire,IL,0.0,0,0.0,2
2026-04-15 00:59:17,"0235 - Hampshire, IL",Unlead,Hampshire,IL,10.0,0,0.0,2
2026-04-15 00:59:17,"0236 - East Troy, WI",Diesel,East Troy,WI,0.0,0,0.0,2
2026-04-15 00:59:17,"0236 - East Troy, WI",Unlead,East Troy,WI,0.0,0,0.0,1
2026-04-15 00:59:17,"0240 - Lake Station, IN",Diesel,Lake Station,IN,0.0,0,0.0,5
2026-04-15 00:59:17,"0240 - Lake Station, IN",Unlead,Lake Station,IN,0.0,0,0.0,2
2026-04-15 00:59:17,"0242 - St Robert, MO",Diesel,St Robert,MO,0.0,0,0.0,4
2026-04-15 00:59:17,"0263 - Ottawa, IL",Diesel,Ottawa,IL,0.0,0,0.0,3
2026-04-15 00:59:17,"0263 - Ottawa, IL",Unlead,Ottawa,IL,7.0,0,0.0,1
2026-04-15 00:59:17,"0265 - Dixon, IL",Diesel,Dixon,IL,0.0,0,0.0,3
2026-04-15 00:59:17,"0265 - Dixon, IL",Unlead,Dixon,IL,0.0,0,0.0,1
2026-04-15 00:59:17,"0266 - New Berlin, IL",Diesel,New Berlin,IL,0.0,0,0.0,3
2026-04-15 00:59:17,"0266 - New Berlin, IL",Unlead,New Berlin,IL,0.0,0,0.0,1
2026-04-15 00:59:17,"0267 - Pharr, TX",Diesel,Pharr,TX,0.0,0,0.0,4
2026-04-15 00:59:17,"0267 - Pharr, TX",Unlead,Pharr,TX,0.0,0,0.0,1
2026-04-15 00:59:17,"0268 - Grayville, IL",Diesel,Grayville,IL,0.0,0,0.0,3
2026-04-15 00:59:17,"0268 - Grayville, IL",Unlead,Grayville,IL,19.0,0,0.0,1
2026-04-15 00:59:17,"0269 - Marshall, IL",Diesel,Marshall,IL,61.0,0,0.0,3
2026-04-15 00:59:17,"0269 - Marshall, IL",Unlead,Marshall,IL,0.0,0,0.0,1
2026-04-15 00:59:17,"0270 - Moore, TX",Diesel,Moore,TX,17.0,1,1731.0,3
2026-04-15 00:59:17,"0270 - Moore, TX",Unlead,Moore,TX,15.0,0,0.0,1
2026-04-15 00:59:17,"0271 - Odessa, TX",Diesel,Odessa,TX,209.3689999999997,0,0.0,3
2026-04-15 00:59:17,"0271 - Odessa, TX",Unlead,Odessa,TX,7.6119999999991705,0,0.0,1
2026-04-15 00:59:17,"0272 - Encinal, TX",Diesel,Encinal,TX,0.0,0,0.0,3
2026-04-15 00:59:17,"0272 - Encinal, TX",Unlead,Encinal,TX,0.0,0,0.0,1
2026-04-15 00:59:17,"0273 - Combes, TX",Diesel,Combes,TX,32.14599999999882,0,0.0,3
2026-04-15 00:59:17,"0273 - Combes, TX",Unlead,Combes,TX,22.412000000000262,0,0.0,1
2026-04-15 00:59:17,"0275 - Sonora, TX",Diesel,Sonora,TX,0.0,0,0.0,3
2026-04-15 00:59:17,"0275 - Sonora, TX",Unlead,Sonora,TX,7.929999999998472,0,0.0,1
2026-04-15 00:59:17,"0276 - Waco, TX",Diesel,Waco,TX,202.8666000000012,0,0.0,3
2026-04-15 00:59:17,"0276 - Waco, TX",Unlead,Waco,TX,0.0,0,0.0,1
2026-04-15 00:59:17,"0277 - New Boston, TX",Diesel,New Boston,TX,0.0,0,0.0,3
2026-04-15 00:59:17,"0277 - New Boston, TX",Unlead,New Boston,TX,30.890000000001237,0,0.0,1
2026-04-15 00:59:17,"0278 - Brinkley, AR",Diesel,Brinkley,AR,0.0,0,0.0,3
2026-04-15 00:59:17,"0278 - Brinkley, AR",Unlead,Brinkley,AR,0.0,0,0.0,1
2026-04-15 00:59:17,"0279 - Marion, IL",Diesel,Marion,IL,0.0,0,0.0,3
2026-04-15 00:59:17,"0279 - Marion, IL",Unlead,Marion,IL,4.225000000000364,0,0.0,1
2026-04-15 00:59:17,"0280 - Monahans, TX",Diesel,Monahans,TX,10.047999999999774,0,0.0,3
2026-04-15 00:59:17,"0280 - Monahans, TX",Unlead,Monahans,TX,17.17199999999866,0,0.0,1
2026-04-15 00:59:17,"0281 - Cisco, TX",Diesel,Cisco,TX,0.0,0,0.0,3
2026-04-15 00:59:17,"0281 - Cisco, TX",Unlead,Cisco,TX,0.0,0,0.0,1
2026-04-15 00:59:17,"0282 - Gainesville, TX",Diesel,Gainesville,TX,0.0,0,0.0,3
2026-04-15 00:59:17,"0282 - Gainesville, TX",Unlead,Gainesville,TX,0.0,0,0.0,1
2026-04-15 00:59:17,"0283 - Sealy, TX",Diesel,Sealy,TX,245.1989999999987,0,0.0,3
2026-04-15 00:59:17,"0283 - Sealy, TX",Unlead,Sealy,TX,0.0,0,0.0,1
2026-04-15 00:59:17,"0284 - New Deal, TX",Diesel,New Deal,TX,14.901999999998225,0,0.0,3
2026-04-15 00:59:17,"0284 - New Deal, TX",Unlead,New Deal,TX,0.0,0,0.0,1
2026-04-15 00:59:17,"0285 - Seguin, TX",Diesel,Seguin,TX,61.506499999999505,0,0.0,3
2026-04-15 00:59:17,"0285 - Seguin, TX",Unlead,Seguin,TX,0.0,0,0.0,1
2026-04-15 00:59:17,"0286 - Amarillo, TX",Diesel,Amarillo,TX,127.51800000000185,0,0.0,3
2026-04-15 00:59:17,"0286 - Amarillo, TX",Unlead,Amarillo,TX,0.0,0,0.0,1
2026-04-15 00:59:17,"0287 - Burbonnais, IL",Diesel,Burbonnais,IL,0.0,0,0.0,3
2026-04-15 00:59:17,"0287 - Burbonnais, IL",Unlead,Burbonnais,IL,0.0,0,0.0,1
2026-04-15 00:59:17,"0289 - Teague, TX",Diesel,Teague,TX,146.90799999999945,0,0.0,3
2026-04-15 00:59:17,"0289 - Teague, TX",Unlead,Teague,TX,16.377000000000407,0,0.0,1
2026-04-15 00:59:17,"0290 - Joplin, MO",Diesel,Joplin,MO,0.0,0,0.0,3
2026-04-15 00:59:17,"0290 - Joplin, MO",Unlead,Joplin,MO,4.505900000000111,0,0.0,1
2026-04-15 00:59:17,"0312 - Vidor, TX",Diesel,Vidor,TX,118.5689999999986,0,0.0,3
2026-04-15 00:59:17,"0312 - Vidor, TX",Unlead,Vidor,TX,17.811999999999898,0,0.0,1
2026-04-15 00:59:17,"0315 - Laredo, TX",Diesel,Laredo,TX,0.0,0,0.0,3
2026-04-15 00:59:17,"0315 - Laredo, TX",Unlead,Laredo,TX,6.8619999999991705,0,0.0,1
2026-04-15 00:59:17,"0319 - Milford, TX",Diesel,Milford,TX,0.0,2,2085.2119999999995,3
2026-04-15 00:59:17,"0319 - Milford, TX",Unlead,Milford,TX,4.824000000000524,0,0.0,1
2026-04-15 00:59:17,"0323 - Canton, TX",Diesel,Canton,TX,0.0,0,0.0,3
2026-04-15 00:59:17,"0323 - Canton, TX",Unlead,Canton,TX,0.0,0,0.0,1
2026-04-15 01:14:18,"0118 - Springfield, IL",Diesel,Springfield,IL,0.0,0,0.0,3
2026-04-15 01:14:18,"0118 - Springfield, IL",Unlead,Springfield,IL,11.0,0,0.0,1
2026-04-15 01:14:18,"0132 - Champaign, IL",Diesel,Champaign,IL,137.78700000000026,0,0.0,3
2026-04-15 01:14:18,"0132 - Champaign, IL",Unlead,Champaign,IL,8.152000000000044,0,0.0,1
2026-04-15 01:14:18,"0136 - Cottage Grove, WI",Diesel,Cottage Grove,WI,0.0,0,0.0,2
2026-04-15 01:14:18,"0136 - Cottage Grove, WI",Unlead,Cottage Grove,WI,0.0,0,0.0,1
2026-04-15 01:14:18,"0139 - Tuscola, IL",Diesel,Tuscola,IL,0.0,0,0.0,1
2026-04-15 01:14:18,"0139 - Tuscola, IL",Unlead,Tuscola,IL,0.0,0,0.0,2
2026-04-15 01:14:18,"0140 - Mendota, IL",Diesel,Mendota,IL,79.0,0,0.0,2
2026-04-15 01:14:18,"0140 - Mendota, IL",Unlead,Mendota,IL,0.0,0,0.0,2
2026-04-15 01:14:18,"0141 - Brazil, IN",Diesel,Brazil,IN,27.10859999999957,0,0.0,4
2026-04-15 01:14:18,"0141 - Brazil, IN",Unlead,Brazil,IN,0.0,0,0.0,1
2026-04-15 01:14:18,"0144 - Elk Run Height, IA",Diesel,Elk Run Height,IA,0.0,0,0.0,4
2026-04-15 01:14:18,"0144 - Elk Run Height, IA",Unlead,Elk Run Height,IA,0.0,0,0.0,2
2026-04-15 01:14:18,"0145 - Fenton, MO",Diesel,Fenton,MO,0.0,0,0.0,2
2026-04-15 01:14:18,"0145 - Fenton, MO",Unlead,Fenton,MO,0.0,0,0.0,1
2026-04-15 01:14:18,"0157 - Okawville, IL",Diesel,Okawville,IL,0.0,0,0.0,3
2026-04-15 01:14:18,"0157 - Okawville, IL",Unlead,Okawville,IL,0.0,0,0.0,1
2026-04-15 01:14:18,"0181 - Springfield, IL",Diesel,Springfield,IL,58.931000000000495,0,0.0,3
2026-04-15 01:14:18,"0181 - Springfield, IL",Unlead,Springfield,IL,0.0,0,0.0,1
2026-04-15 01:14:18,"0185 - McLean, IL",Diesel,McLean,IL,0.0,0,0.0,4
2026-04-15 01:14:18,"0185 - McLean, IL",Unlead,McLean,IL,0.0,0,0.0,1
2026-04-15 01:14:18,"0186 - Minonk, IL",Diesel,Minonk,IL,0.0,0,0.0,3
2026-04-15 01:14:18,"0186 - Minonk, IL",Unlead,Minonk,IL,0.0,0,0.0,1
2026-04-15 01:14:18,"0187 - Chicago, IL",Diesel,Chicago,IL,0.0,0,0.0,3
2026-04-15 01:14:18,"0187 - Chicago, IL",Unlead,Chicago,IL,0.0,0,0.0,1
2026-04-15 01:14:18,"0203 - Rockford, IL",Diesel,Rockford,IL,92.41300000000047,0,0.0,1
2026-04-15 01:14:18,"0203 - Rockford, IL",Unlead,Rockford,IL,0.0,0,0.0,1
2026-04-15 01:14:18,"0205 - South Beloit, IL",Diesel,South Beloit,IL,0.0,0,0.0,3
2026-04-15 01:14:18,"0205 - South Beloit, IL",Unlead,South Beloit,IL,0.0,0,0.0,1
2026-04-15 01:14:18,"0206 - Winnebago, IL",Diesel,Winnebago,IL,0.0,0,0.0,1
2026-04-15 01:14:18,"0206 - Winnebago, IL",Unlead,Winnebago,IL,0.0,0,0.0,1
2026-04-15 01:14:18,"0209 - Oakdale, WI",Diesel,Oakdale,WI,0.0,0,0.0,3
2026-04-15 01:14:18,"0209 - Oakdale, WI",Unlead,Oakdale,WI,3.0,0,0.0,1
2026-04-15 01:14:18,"0210 - Rochelle, IL",Diesel,Rochelle,IL,0.0,0,0.0,3
2026-04-15 01:14:18,"0210 - Rochelle, IL",Unlead,Rochelle,IL,0.0,0,0.0,1
2026-04-15 01:14:18,"0211 - Loves Park, IL",Diesel,Loves Park,IL,0.0,0,0.0,1
2026-04-15 01:14:18,"0211 - Loves Park, IL",Unlead,Loves Park,IL,0.0,0,0.0,1
2026-04-15 01:14:18,"0225 - Princeton, IL",Diesel,Princeton,IL,0.0,0,0.0,4
2026-04-15 01:14:18,"0225 - Princeton, IL",Unlead,Princeton,IL,0.0,0,0.0,2
2026-04-15 01:14:18,"0226 - Greenwood, IN",Diesel,Greenwood,IN,159.0,0,0.0,2
2026-04-15 01:14:18,"0226 - Greenwood, IN",Unlead,Greenwood,IN,0.0,0,0.0,2
2026-04-15 01:14:18,"0235 - Hampshire, IL",Diesel,Hampshire,IL,0.0,0,0.0,2
2026-04-15 01:14:18,"0235 - Hampshire, IL",Unlead,Hampshire,IL,15.0,0,0.0,2
2026-04-15 01:14:18,"0236 - East Troy, WI",Diesel,East Troy,WI,0.0,0,0.0,2
2026-04-15 01:14:18,"0236 - East Troy, WI",Unlead,East Troy,WI,0.0,0,0.0,1
2026-04-15 01:14:18,"0240 - Lake Station, IN",Diesel,Lake Station,IN,225.0,0,0.0,5
2026-04-15 01:14:18,"0240 - Lake Station, IN",Unlead,Lake Station,IN,13.0,0,0.0,2
2026-04-15 01:14:18,"0242 - St Robert, MO",Diesel,St Robert,MO,34.38900000000103,0,0.0,4
2026-04-15 01:14:18,"0263 - Ottawa, IL",Diesel,Ottawa,IL,0.0,0,0.0,3
2026-04-15 01:14:18,"0263 - Ottawa, IL",Unlead,Ottawa,IL,5.0,0,0.0,1
2026-04-15 01:14:18,"0265 - Dixon, IL",Diesel,Dixon,IL,0.0,0,0.0,3
2026-04-15 01:14:18,"0265 - Dixon, IL",Unlead,Dixon,IL,0.0,0,0.0,1
2026-04-15 01:14:18,"0266 - New Berlin, IL",Diesel,New Berlin,IL,0.0,0,0.0,3
2026-04-15 01:14:18,"0266 - New Berlin, IL",Unlead,New Berlin,IL,0.0,0,0.0,1
2026-04-15 01:14:18,"0267 - Pharr, TX",Diesel,Pharr,TX,0.0,0,0.0,4
2026-04-15 01:14:18,"0267 - Pharr, TX",Unlead,Pharr,TX,0.0,0,0.0,1
2026-04-15 01:14:18,"0268 - Grayville, IL",Diesel,Grayville,IL,0.0,0,0.0,3
2026-04-15 01:14:18,"0268 - Grayville, IL",Unlead,Grayville,IL,0.0,0,0.0,1
2026-04-15 01:14:18,"0269 - Marshall, IL",Diesel,Marshall,IL,0.0,0,0.0,3
2026-04-15 01:14:18,"0269 - Marshall, IL",Unlead,Marshall,IL,0.0,0,0.0,1
2026-04-15 01:14:18,"0270 - Moore, TX",Diesel,Moore,TX,441.0,0,0.0,3
2026-04-15 01:14:18,"0270 - Moore, TX",Unlead,Moore,TX,16.0,0,0.0,1
2026-04-15 01:14:18,"0271 - Odessa, TX",Diesel,Odessa,TX,325.6340000000009,0,0.0,3
2026-04-15 01:14:18,"0271 - Odessa, TX",Unlead,Odessa,TX,24.351000000000568,0,0.0,1
2026-04-15 01:14:18,"0272 - Encinal, TX",Diesel,Encinal,TX,0.0,0,0.0,3
2026-04-15 01:14:18,"0272 - Encinal, TX",Unlead,Encinal,TX,0.0,0,0.0,1
2026-04-15 01:14:18,"0273 - Combes, TX",Diesel,Combes,TX,47.7970000000023,0,0.0,3
2026-04-15 01:14:18,"0273 - Combes, TX",Unlead,Combes,TX,0.0,0,0.0,1
2026-04-15 01:14:18,"0275 - Sonora, TX",Diesel,Sonora,TX,0.0,0,0.0,3
2026-04-15 01:14:18,"0275 - Sonora, TX",Unlead,Sonora,TX,10.248000000001412,0,0.0,1
2026-04-15 01:14:18,"0276 - Waco, TX",Diesel,Waco,TX,0.0,0,0.0,3
2026-04-15 01:14:18,"0276 - Waco, TX",Unlead,Waco,TX,0.0,0,0.0,1
2026-04-15 01:14:18,"0277 - New Boston, TX",Diesel,New Boston,TX,0.0,0,0.0,3
2026-04-15 01:14:18,"0277 - New Boston, TX",Unlead,New Boston,TX,0.0,0,0.0,1
2026-04-15 01:14:18,"0278 - Brinkley, AR",Diesel,Brinkley,AR,188.22950000000128,0,0.0,3
2026-04-15 01:14:18,"0278 - Brinkley, AR",Unlead,Brinkley,AR,0.0,0,0.0,1
2026-04-15 01:14:18,"0279 - Marion, IL",Diesel,Marion,IL,0.0,0,0.0,3
2026-04-15 01:14:18,"0279 - Marion, IL",Unlead,Marion,IL,12.010000000000218,0,0.0,1
2026-04-15 01:14:18,"0280 - Monahans, TX",Diesel,Monahans,TX,252.76630000000023,0,0.0,3
2026-04-15 01:14:18,"0280 - Monahans, TX",Unlead,Monahans,TX,7.820000000001528,0,0.0,1
2026-04-15 01:14:18,"0281 - Cisco, TX",Diesel,Cisco,TX,0.0,0,0.0,3
2026-04-15 01:14:18,"0281 - Cisco, TX",Unlead,Cisco,TX,0.0,0,0.0,1
2026-04-15 01:14:18,"0282 - Gainesville, TX",Diesel,Gainesville,TX,43.514499999999316,0,0.0,3
2026-04-15 01:14:18,"0282 - Gainesville, TX",Unlead,Gainesville,TX,0.0,0,0.0,1
2026-04-15 01:14:18,"0283 - Sealy, TX",Diesel,Sealy,TX,163.23400000000038,0,0.0,3
2026-04-15 01:14:18,"0283 - Sealy, TX",Unlead,Sealy,TX,0.0,0,0.0,1
2026-04-15 01:14:18,"0284 - New Deal, TX",Diesel,New Deal,TX,0.0,0,0.0,3
2026-04-15 01:14:18,"0284 - New Deal, TX",Unlead,New Deal,TX,0.0,0,0.0,1
2026-04-15 01:14:18,"0285 - Seguin, TX",Diesel,Seguin,TX,67.27999999999975,0,0.0,3
2026-04-15 01:14:18,"0285 - Seguin, TX",Unlead,Seguin,TX,0.0,0,0.0,1
2026-04-15 01:14:18,"0286 - Amarillo, TX",Diesel,Amarillo,TX,0.0,0,0.0,3
2026-04-15 01:14:18,"0286 - Amarillo, TX",Unlead,Amarillo,TX,0.0,0,0.0,1
2026-04-15 01:14:18,"0287 - Burbonnais, IL",Diesel,Burbonnais,IL,168.86000000000058,0,0.0,3
2026-04-15 01:14:18,"0287 - Burbonnais, IL",Unlead,Burbonnais,IL,0.0,0,0.0,1
2026-04-15 01:14:18,"0289 - Teague, TX",Diesel,Teague,TX,0.0,0,0.0,3
2026-04-15 01:14:18,"0289 - Teague, TX",Unlead,Teague,TX,10.596999999999753,0,0.0,1
2026-04-15 01:14:18,"0290 - Joplin, MO",Diesel,Joplin,MO,0.0,0,0.0,3
2026-04-15 01:14:18,"0290 - Joplin, MO",Unlead,Joplin,MO,0.0,0,0.0,1
2026-04-15 01:14:18,"0312 - Vidor, TX",Diesel,Vidor,TX,11.637000000000626,0,0.0,3
2026-04-15 01:14:18,"0312 - Vidor, TX",Unlead,Vidor,TX,0.0,0,0.0,1
2026-04-15 01:14:18,"0315 - Laredo, TX",Diesel,Laredo,TX,0.0,0,0.0,3
2026-04-15 01:14:18,"0315 - Laredo, TX",Unlead,Laredo,TX,0.0,0,0.0,1
2026-04-15 01:14:18,"0319 - Milford, TX",Diesel,Milford,TX,0.0,0,0.0,3
2026-04-15 01:14:18,"0319 - Milford, TX",Unlead,Milford,TX,0.0,0,0.0,1
2026-04-15 01:14:18,"0323 - Canton, TX",Diesel,Canton,TX,0.0,0,0.0,3
2026-04-15 01:14:18,"0323 - Canton, TX",Unlead,Canton,TX,14.715000000000146,0,0.0,1
2026-04-15 01:29:19,"0118 - Springfield, IL",Diesel,Springfield,IL,0.0,0,0.0,3
2026-04-15 01:29:19,"0118 - Springfield, IL",Unlead,Springfield,IL,0.0,0,0.0,1
2026-04-15 01:29:19,"0132 - Champaign, IL",Diesel,Champaign,IL,0.0,0,0.0,3
2026-04-15 01:29:19,"0132 - Champaign, IL",Unlead,Champaign,IL,22.26800000000003,0,0.0,1
2026-04-15 01:29:19,"0136 - Cottage Grove, WI",Diesel,Cottage Grove,WI,0.0,0,0.0,2
2026-04-15 01:29:19,"0136 - Cottage Grove, WI",Unlead,Cottage Grove,WI,0.0,0,0.0,1
2026-04-15 01:29:19,"0139 - Tuscola, IL",Diesel,Tuscola,IL,0.0,0,0.0,1
2026-04-15 01:29:19,"0139 - Tuscola, IL",Unlead,Tuscola,IL,0.0,0,0.0,2
2026-04-15 01:29:19,"0140 - Mendota, IL",Diesel,Mendota,IL,0.0,0,0.0,2
2026-04-15 01:29:19,"0140 - Mendota, IL",Unlead,Mendota,IL,0.0,0,0.0,2
2026-04-15 01:29:19,"0141 - Brazil, IN",Diesel,Brazil,IN,37.155400000000554,0,0.0,4
2026-04-15 01:29:19,"0141 - Brazil, IN",Unlead,Brazil,IN,0.0,0,0.0,1
2026-04-15 01:29:19,"0144 - Elk Run Height, IA",Diesel,Elk Run Height,IA,0.0,0,0.0,4
2026-04-15 01:29:19,"0144 - Elk Run Height, IA",Unlead,Elk Run Height,IA,11.834999999999127,0,0.0,2
2026-04-15 01:29:19,"0145 - Fenton, MO",Diesel,Fenton,MO,161.0,0,0.0,2
2026-04-15 01:29:19,"0145 - Fenton, MO",Unlead,Fenton,MO,0.0,0,0.0,1
2026-04-15 01:29:19,"0157 - Okawville, IL",Diesel,Okawville,IL,0.0,0,0.0,3
2026-04-15 01:29:19,"0157 - Okawville, IL",Unlead,Okawville,IL,0.0,0,0.0,1
2026-04-15 01:29:19,"0181 - Springfield, IL",Diesel,Springfield,IL,0.0,0,0.0,3
2026-04-15 01:29:19,"0181 - Springfield, IL",Unlead,Springfield,IL,0.0,0,0.0,1
2026-04-15 01:29:19,"0185 - McLean, IL",Diesel,McLean,IL,0.0,0,0.0,4
2026-04-15 01:29:19,"0185 - McLean, IL",Unlead,McLean,IL,0.0,0,0.0,1
2026-04-15 01:29:19,"0186 - Minonk, IL",Diesel,Minonk,IL,0.0,0,0.0,3
2026-04-15 01:29:19,"0186 - Minonk, IL",Unlead,Minonk,IL,0.0,0,0.0,1
2026-04-15 01:29:19,"0187 - Chicago, IL",Diesel,Chicago,IL,0.0,0,0.0,3
2026-04-15 01:29:19,"0187 - Chicago, IL",Unlead,Chicago,IL,0.0,0,0.0,1
2026-04-15 01:29:19,"0203 - Rockford, IL",Diesel,Rockford,IL,0.0,0,0.0,1
2026-04-15 01:29:19,"0203 - Rockford, IL",Unlead,Rockford,IL,0.0,0,0.0,1
2026-04-15 01:29:19,"0205 - South Beloit, IL",Diesel,South Beloit,IL,0.0,0,0.0,3
2026-04-15 01:29:19,"0205 - South Beloit, IL",Unlead,South Beloit,IL,0.0,0,0.0,1
2026-04-15 01:29:19,"0206 - Winnebago, IL",Diesel,Winnebago,IL,0.0,0,0.0,1
2026-04-15 01:29:19,"0206 - Winnebago, IL",Unlead,Winnebago,IL,0.0,0,0.0,1
2026-04-15 01:29:19,"0209 - Oakdale, WI",Diesel,Oakdale,WI,0.0,0,0.0,3
2026-04-15 01:29:19,"0209 - Oakdale, WI",Unlead,Oakdale,WI,0.0,0,0.0,1
2026-04-15 01:29:19,"0210 - Rochelle, IL",Diesel,Rochelle,IL,0.0,0,0.0,3
2026-04-15 01:29:19,"0210 - Rochelle, IL",Unlead,Rochelle,IL,0.0,0,0.0,1
2026-04-15 01:29:19,"0211 - Loves Park, IL",Diesel,Loves Park,IL,0.0,0,0.0,1
2026-04-15 01:29:19,"0211 - Loves Park, IL",Unlead,Loves Park,IL,0.0,0,0.0,1
2026-04-15 01:29:19,"0225 - Princeton, IL",Diesel,Princeton,IL,0.0,0,0.0,4
2026-04-15 01:29:19,"0225 - Princeton, IL",Unlead,Princeton,IL,3.0,0,0.0,2
2026-04-15 01:29:19,"0226 - Greenwood, IN",Diesel,Greenwood,IN,0.0,0,0.0,2
2026-04-15 01:29:19,"0226 - Greenwood, IN",Unlead,Greenwood,IN,3.0,0,0.0,2
2026-04-15 01:29:19,"0235 - Hampshire, IL",Diesel,Hampshire,IL,0.0,0,0.0,2
2026-04-15 01:29:19,"0235 - Hampshire, IL",Unlead,Hampshire,IL,28.0,0,0.0,2
2026-04-15 01:29:19,"0236 - East Troy, WI",Diesel,East Troy,WI,0.0,0,0.0,2
2026-04-15 01:29:19,"0236 - East Troy, WI",Unlead,East Troy,WI,0.0,0,0.0,1
2026-04-15 01:29:19,"0240 - Lake Station, IN",Diesel,Lake Station,IN,0.0,0,0.0,5
2026-04-15 01:29:19,"0240 - Lake Station, IN",Unlead,Lake Station,IN,0.0,0,0.0,2
2026-04-15 01:29:19,"0242 - St Robert, MO",Diesel,St Robert,MO,6.484999999998763,0,0.0,4
2026-04-15 01:29:19,"0263 - Ottawa, IL",Diesel,Ottawa,IL,61.0,0,0.0,3
2026-04-15 01:29:19,"0263 - Ottawa, IL",Unlead,Ottawa,IL,10.0,0,0.0,1
2026-04-15 01:29:19,"0265 - Dixon, IL",Diesel,Dixon,IL,0.0,0,0.0,3
2026-04-15 01:29:19,"0265 - Dixon, IL",Unlead,Dixon,IL,0.0,0,0.0,1
2026-04-15 01:29:19,"0266 - New Berlin, IL",Diesel,New Berlin,IL,111.0,0,0.0,3
2026-04-15 01:29:19,"0266 - New Berlin, IL",Unlead,New Berlin,IL,0.0,0,0.0,1
2026-04-15 01:29:19,"0267 - Pharr, TX",Diesel,Pharr,TX,0.0,0,0.0,4
2026-04-15 01:29:19,"0267 - Pharr, TX",Unlead,Pharr,TX,0.0,0,0.0,1
2026-04-15 01:29:19,"0268 - Grayville, IL",Diesel,Grayville,IL,0.0,0,0.0,3
2026-04-15 01:29:19,"0268 - Grayville, IL",Unlead,Grayville,IL,5.0,0,0.0,1
2026-04-15 01:29:19,"0269 - Marshall, IL",Diesel,Marshall,IL,0.0,0,0.0,3
2026-04-15 01:29:19,"0269 - Marshall, IL",Unlead,Marshall,IL,0.0,0,0.0,1
2026-04-15 01:29:19,"0270 - Moore, TX",Diesel,Moore,TX,228.0,0,0.0,3
2026-04-15 01:29:19,"0270 - Moore, TX",Unlead,Moore,TX,0.0,0,0.0,1
2026-04-15 01:29:19,"0271 - Odessa, TX",Diesel,Odessa,TX,512.4797000000008,0,0.0,3
2026-04-15 01:29:19,"0271 - Odessa, TX",Unlead,Odessa,TX,0.0,0,0.0,1
2026-04-15 01:29:19,"0272 - Encinal, TX",Diesel,Encinal,TX,0.0,0,0.0,3
2026-04-15 01:29:19,"0272 - Encinal, TX",Unlead,Encinal,TX,0.0,0,0.0,1
2026-04-15 01:29:19,"0273 - Combes, TX",Diesel,Combes,TX,57.172499999996944,0,0.0,3
2026-04-15 01:29:19,"0273 - Combes, TX",Unlead,Combes,TX,0.0,0,0.0,1
2026-04-15 01:29:19,"0275 - Sonora, TX",Diesel,Sonora,TX,0.0,0,0.0,3
2026-04-15 01:29:19,"0275 - Sonora, TX",Unlead,Sonora,TX,13.807999999999083,0,0.0,1
2026-04-15 01:29:19,"0276 - Waco, TX",Diesel,Waco,TX,317.6814999999997,0,0.0,3
2026-04-15 01:29:19,"0276 - Waco, TX",Unlead,Waco,TX,5.96100000000115,0,0.0,1
2026-04-15 01:29:19,"0277 - New Boston, TX",Diesel,New Boston,TX,0.0,0,0.0,3
2026-04-15 01:29:19,"0277 - New Boston, TX",Unlead,New Boston,TX,0.0,0,0.0,1
2026-04-15 01:29:19,"0278 - Brinkley, AR",Diesel,Brinkley,AR,102.59850000000006,0,0.0,3
2026-04-15 01:29:19,"0278 - Brinkley, AR",Unlead,Brinkley,AR,15.800000000001091,0,0.0,1
2026-04-15 01:29:19,"0279 - Marion, IL",Diesel,Marion,IL,0.0,0,0.0,3
2026-04-15 01:29:19,"0279 - Marion, IL",Unlead,Marion,IL,13.331000000000131,0,0.0,1
2026-04-15 01:29:19,"0280 - Monahans, TX",Diesel,Monahans,TX,100.56829999999991,0,0.0,3
2026-04-15 01:29:19,"0280 - Monahans, TX",Unlead,Monahans,TX,0.0,0,0.0,1
2026-04-15 01:29:19,"0281 - Cisco, TX",Diesel,Cisco,TX,49.884000000000015,0,0.0,3
2026-04-15 01:29:19,"0281 - Cisco, TX",Unlead,Cisco,TX,19.49499999999898,0,0.0,1
2026-04-15 01:29:19,"0282 - Gainesville, TX",Diesel,Gainesville,TX,76.48699999999917,0,0.0,3
2026-04-15 01:29:19,"0282 - Gainesville, TX",Unlead,Gainesville,TX,0.0,0,0.0,1
2026-04-15 01:29:19,"0283 - Sealy, TX",Diesel,Sealy,TX,43.626000000000204,0,0.0,3
2026-04-15 01:29:19,"0283 - Sealy, TX",Unlead,Sealy,TX,0.0,0,0.0,1
2026-04-15 01:29:19,"0284 - New Deal, TX",Diesel,New Deal,TX,0.0,0,0.0,3
2026-04-15 01:29:19,"0284 - New Deal, TX",Unlead,New Deal,TX,0.0,0,0.0,1
2026-04-15 01:29:19,"0285 - Seguin, TX",Diesel,Seguin,TX,338.08910000000105,0,0.0,3
2026-04-15 01:29:19,"0285 - Seguin, TX",Unlead,Seguin,TX,0.0,0,0.0,1
2026-04-15 01:29:19,"0286 - Amarillo, TX",Diesel,Amarillo,TX,119.98399999999856,0,0.0,3
2026-04-15 01:29:19,"0286 - Amarillo, TX",Unlead,Amarillo,TX,0.0,0,0.0,1
2026-04-15 01:29:19,"0287 - Burbonnais, IL",Diesel,Burbonnais,IL,0.0,0,0.0,3
2026-04-15 01:29:19,"0287 - Burbonnais, IL",Unlead,Burbonnais,IL,0.0,0,0.0,1
2026-04-15 01:29:19,"0289 - Teague, TX",Diesel,Teague,TX,0.0,0,0.0,3
2026-04-15 01:29:19,"0289 - Teague, TX",Unlead,Teague,TX,0.0,0,0.0,1
2026-04-15 01:29:19,"0290 - Joplin, MO",Diesel,Joplin,MO,0.0,0,0.0,3
2026-04-15 01:29:19,"0290 - Joplin, MO",Unlead,Joplin,MO,0.0,0,0.0,1
2026-04-15 01:29:19,"0312 - Vidor, TX",Diesel,Vidor,TX,0.0,0,0.0,3
2026-04-15 01:29:19,"0312 - Vidor, TX",Unlead,Vidor,TX,0.0,0,0.0,1
2026-04-15 01:29:19,"0315 - Laredo, TX",Diesel,Laredo,TX,0.0,0,0.0,3
2026-04-15 01:29:19,"0315 - Laredo, TX",Unlead,Laredo,TX,0.0,0,0.0,1
2026-04-15 01:29:19,"0319 - Milford, TX",Diesel,Milford,TX,0.0,0,0.0,3
2026-04-15 01:29:19,"0319 - Milford, TX",Unlead,Milford,TX,6.6270000000004075,0,0.0,1
2026-04-15 01:29:19,"0323 - Canton, TX",Diesel,Canton,TX,0.0,0,0.0,3
2026-04-15 01:29:19,"0323 - Canton, TX",Unlead,Canton,TX,10.709999999999127,0,0.0,1
2026-04-15 01:44:23,"0118 - Springfield, IL",Diesel,Springfield,IL,143.0,0,0.0,3
2026-04-15 01:44:23,"0118 - Springfield, IL",Unlead,Springfield,IL,0.0,0,0.0,1
2026-04-15 01:44:23,"0132 - Champaign, IL",Diesel,Champaign,IL,0.0,0,0.0,3
2026-04-15 01:44:23,"0132 - Champaign, IL",Unlead,Champaign,IL,11.507000000001426,0,0.0,1
2026-04-15 01:44:23,"0136 - Cottage Grove, WI",Diesel,Cottage Grove,WI,0.0,0,0.0,2
2026-04-15 01:44:23,"0136 - Cottage Grove, WI",Unlead,Cottage Grove,WI,0.0,0,0.0,1
2026-04-15 01:44:23,"0139 - Tuscola, IL",Diesel,Tuscola,IL,0.0,0,0.0,1
2026-04-15 01:44:23,"0139 - Tuscola, IL",Unlead,Tuscola,IL,0.0,0,0.0,2
2026-04-15 01:44:23,"0140 - Mendota, IL",Diesel,Mendota,IL,0.0,0,0.0,2
2026-04-15 01:44:23,"0140 - Mendota, IL",Unlead,Mendota,IL,0.0,0,0.0,2
2026-04-15 01:44:23,"0141 - Brazil, IN",Diesel,Brazil,IN,0.0,0,0.0,4
2026-04-15 01:44:23,"0141 - Brazil, IN",Unlead,Brazil,IN,0.0,0,0.0,1
2026-04-15 01:44:23,"0144 - Elk Run Height, IA",Diesel,Elk Run Height,IA,0.0,0,0.0,4
2026-04-15 01:44:23,"0144 - Elk Run Height, IA",Unlead,Elk Run Height,IA,0.0,0,0.0,2
2026-04-15 01:44:23,"0145 - Fenton, MO",Diesel,Fenton,MO,0.0,0,0.0,2
2026-04-15 01:44:23,"0145 - Fenton, MO",Unlead,Fenton,MO,0.0,0,0.0,1
2026-04-15 01:44:23,"0157 - Okawville, IL",Diesel,Okawville,IL,0.0,0,0.0,3
2026-04-15 01:44:23,"0157 - Okawville, IL",Unlead,Okawville,IL,0.0,0,0.0,1
2026-04-15 01:44:23,"0181 - Springfield, IL",Diesel,Springfield,IL,0.0,0,0.0,3
2026-04-15 01:44:23,"0181 - Springfield, IL",Unlead,Springfield,IL,0.0,0,0.0,1
2026-04-15 01:44:23,"0185 - McLean, IL",Diesel,McLean,IL,0.0,0,0.0,4
2026-04-15 01:44:23,"0185 - McLean, IL",Unlead,McLean,IL,0.0,0,0.0,1
2026-04-15 01:44:23,"0186 - Minonk, IL",Diesel,Minonk,IL,0.0,0,0.0,3
2026-04-15 01:44:23,"0186 - Minonk, IL",Unlead,Minonk,IL,0.0,0,0.0,1
2026-04-15 01:44:23,"0187 - Chicago, IL",Diesel,Chicago,IL,0.0,0,0.0,3
2026-04-15 01:44:23,"0187 - Chicago, IL",Unlead,Chicago,IL,0.0,0,0.0,1
2026-04-15 01:44:23,"0203 - Rockford, IL",Diesel,Rockford,IL,0.0,0,0.0,1
2026-04-15 01:44:23,"0203 - Rockford, IL",Unlead,Rockford,IL,0.0,0,0.0,1
2026-04-15 01:44:23,"0205 - South Beloit, IL",Diesel,South Beloit,IL,0.0,0,0.0,3
2026-04-15 01:44:23,"0205 - South Beloit, IL",Unlead,South Beloit,IL,0.0,0,0.0,1
2026-04-15 01:44:23,"0206 - Winnebago, IL",Diesel,Winnebago,IL,0.0,0,0.0,1
2026-04-15 01:44:23,"0206 - Winnebago, IL",Unlead,Winnebago,IL,0.0,0,0.0,1
2026-04-15 01:44:23,"0209 - Oakdale, WI",Diesel,Oakdale,WI,0.0,0,0.0,3
2026-04-15 01:44:23,"0209 - Oakdale, WI",Unlead,Oakdale,WI,0.0,0,0.0,1
2026-04-15 01:44:23,"0210 - Rochelle, IL",Diesel,Rochelle,IL,0.0,0,0.0,3
2026-04-15 01:44:23,"0210 - Rochelle, IL",Unlead,Rochelle,IL,0.0,0,0.0,1
2026-04-15 01:44:23,"0211 - Loves Park, IL",Diesel,Loves Park,IL,0.0,0,0.0,1
2026-04-15 01:44:23,"0211 - Loves Park, IL",Unlead,Loves Park,IL,0.0,0,0.0,1
2026-04-15 01:44:23,"0225 - Princeton, IL",Diesel,Princeton,IL,0.0,0,0.0,4
2026-04-15 01:44:23,"0225 - Princeton, IL",Unlead,Princeton,IL,0.0,0,0.0,2
2026-04-15 01:44:23,"0226 - Greenwood, IN",Diesel,Greenwood,IN,0.0,0,0.0,2
2026-04-15 01:44:23,"0226 - Greenwood, IN",Unlead,Greenwood,IN,7.0,0,0.0,2
2026-04-15 01:44:23,"0235 - Hampshire, IL",Diesel,Hampshire,IL,19.0,0,0.0,2
2026-04-15 01:44:23,"0235 - Hampshire, IL",Unlead,Hampshire,IL,0.0,0,0.0,2
2026-04-15 01:44:23,"0236 - East Troy, WI",Diesel,East Troy,WI,0.0,0,0.0,2
2026-04-15 01:44:23,"0236 - East Troy, WI",Unlead,East Troy,WI,0.0,0,0.0,1
2026-04-15 01:44:23,"0240 - Lake Station, IN",Diesel,Lake Station,IN,0.0,0,0.0,5
2026-04-15 01:44:23,"0240 - Lake Station, IN",Unlead,Lake Station,IN,0.0,0,0.0,2
2026-04-15 01:44:23,"0242 - St Robert, MO",Diesel,St Robert,MO,0.0,0,0.0,4
2026-04-15 01:44:23,"0263 - Ottawa, IL",Diesel,Ottawa,IL,0.0,0,0.0,3
2026-04-15 01:44:23,"0263 - Ottawa, IL",Unlead,Ottawa,IL,0.0,0,0.0,1
2026-04-15 01:44:23,"0265 - Dixon, IL",Diesel,Dixon,IL,0.0,0,0.0,3
2026-04-15 01:44:23,"0265 - Dixon, IL",Unlead,Dixon,IL,11.35739999999987,0,0.0,1
2026-04-15 01:44:23,"0266 - New Berlin, IL",Diesel,New Berlin,IL,0.0,0,0.0,3
2026-04-15 01:44:23,"0266 - New Berlin, IL",Unlead,New Berlin,IL,0.0,0,0.0,1
2026-04-15 01:44:23,"0267 - Pharr, TX",Diesel,Pharr,TX,0.0,0,0.0,4
2026-04-15 01:44:23,"0267 - Pharr, TX",Unlead,Pharr,TX,0.0,0,0.0,1
2026-04-15 01:44:23,"0268 - Grayville, IL",Diesel,Grayville,IL,0.0,0,0.0,3
2026-04-15 01:44:23,"0268 - Grayville, IL",Unlead,Grayville,IL,0.0,0,0.0,1
2026-04-15 01:44:23,"0269 - Marshall, IL",Diesel,Marshall,IL,0.0,0,0.0,3
2026-04-15 01:44:23,"0269 - Marshall, IL",Unlead,Marshall,IL,9.0,0,0.0,1
2026-04-15 01:44:23,"0270 - Moore, TX",Diesel,Moore,TX,117.0,0,0.0,3
2026-04-15 01:44:23,"0270 - Moore, TX",Unlead,Moore,TX,9.0,0,0.0,1
2026-04-15 01:44:23,"0271 - Odessa, TX",Diesel,Odessa,TX,373.97330000000056,0,0.0,3
2026-04-15 01:44:23,"0271 - Odessa, TX",Unlead,Odessa,TX,42.72900000000118,0,0.0,1
2026-04-15 01:44:23,"0272 - Encinal, TX",Diesel,Encinal,TX,0.0,0,0.0,3
2026-04-15 01:44:23,"0272 - Encinal, TX",Unlead,Encinal,TX,0.0,0,0.0,1
2026-04-15 01:44:23,"0273 - Combes, TX",Diesel,Combes,TX,0.0,0,0.0,3
2026-04-15 01:44:23,"0273 - Combes, TX",Unlead,Combes,TX,2.7554999999993015,0,0.0,1
2026-04-15 01:44:23,"0275 - Sonora, TX",Diesel,Sonora,TX,0.0,0,0.0,3
2026-04-15 01:44:23,"0275 - Sonora, TX",Unlead,Sonora,TX,0.0,0,0.0,1
2026-04-15 01:44:23,"0276 - Waco, TX",Diesel,Waco,TX,146.9964000000009,0,0.0,3
2026-04-15 01:44:23,"0276 - Waco, TX",Unlead,Waco,TX,0.0,0,0.0,1
2026-04-15 01:44:23,"0277 - New Boston, TX",Diesel,New Boston,TX,131.97999999999956,0,0.0,3
2026-04-15 01:44:23,"0277 - New Boston, TX",Unlead,New Boston,TX,0.0,0,0.0,1
2026-04-15 01:44:23,"0278 - Brinkley, AR",Diesel,Brinkley,AR,20.079999999999927,0,0.0,3
2026-04-15 01:44:23,"0278 - Brinkley, AR",Unlead,Brinkley,AR,0.0,0,0.0,1
2026-04-15 01:44:23,"0279 - Marion, IL",Diesel,Marion,IL,0.0,0,0.0,3
2026-04-15 01:44:23,"0279 - Marion, IL",Unlead,Marion,IL,0.0,0,0.0,1
2026-04-15 01:44:23,"0280 - Monahans, TX",Diesel,Monahans,TX,154.39969999999994,0,0.0,3
2026-04-15 01:44:23,"0280 - Monahans, TX",Unlead,Monahans,TX,0.0,0,0.0,1
2026-04-15 01:44:23,"0281 - Cisco, TX",Diesel,Cisco,TX,0.0,0,0.0,3
2026-04-15 01:44:23,"0281 - Cisco, TX",Unlead,Cisco,TX,8.397000000000844,0,0.0,1
2026-04-15 01:44:23,"0282 - Gainesville, TX",Diesel,Gainesville,TX,50.90600000000086,0,0.0,3
2026-04-15 01:44:23,"0282 - Gainesville, TX",Unlead,Gainesville,TX,4.430000000000291,0,0.0,1
2026-04-15 01:44:23,"0283 - Sealy, TX",Diesel,Sealy,TX,0.0,0,0.0,3
2026-04-15 01:44:23,"0283 - Sealy, TX",Unlead,Sealy,TX,0.0,0,0.0,1
2026-04-15 01:44:23,"0284 - New Deal, TX",Diesel,New Deal,TX,0.0,0,0.0,3
2026-04-15 01:44:23,"0284 - New Deal, TX",Unlead,New Deal,TX,5.7369999999991705,0,0.0,1
2026-04-15 01:44:23,"0285 - Seguin, TX",Diesel,Seguin,TX,0.0,0,0.0,3
2026-04-15 01:44:23,"0285 - Seguin, TX",Unlead,Seguin,TX,20.743000000000393,0,0.0,1
2026-04-15 01:44:23,"0286 - Amarillo, TX",Diesel,Amarillo,TX,60.740999999999985,0,0.0,3
2026-04-15 01:44:23,"0286 - Amarillo, TX",Unlead,Amarillo,TX,0.0,0,0.0,1
2026-04-15 01:44:23,"0287 - Burbonnais, IL",Diesel,Burbonnais,IL,0.0,0,0.0,3
2026-04-15 01:44:23,"0287 - Burbonnais, IL",Unlead,Burbonnais,IL,10.989999999999782,0,0.0,1
2026-04-15 01:44:23,"0289 - Teague, TX",Diesel,Teague,TX,142.4359999999997,0,0.0,3
2026-04-15 01:44:23,"0289 - Teague, TX",Unlead,Teague,TX,0.0,0,0.0,1
2026-04-15 01:44:23,"0290 - Joplin, MO",Diesel,Joplin,MO,0.0,0,0.0,3
2026-04-15 01:44:23,"0290 - Joplin, MO",Unlead,Joplin,MO,0.0,0,0.0,1
2026-04-15 01:44:23,"0312 - Vidor, TX",Diesel,Vidor,TX,0.0,0,0.0,3
2026-04-15 01:44:23,"0312 - Vidor, TX",Unlead,Vidor,TX,0.0,0,0.0,1
2026-04-15 01:44:23,"0315 - Laredo, TX",Diesel,Laredo,TX,0.0,0,0.0,3
2026-04-15 01:44:23,"0315 - Laredo, TX",Unlead,Laredo,TX,0.0,0,0.0,1
2026-04-15 01:44:23,"0319 - Milford, TX",Diesel,Milford,TX,0.0,0,0.0,3
2026-04-15 01:44:23,"0319 - Milford, TX",Unlead,Milford,TX,5.394000000000233,0,0.0,1
2026-04-15 01:44:23,"0323 - Canton, TX",Diesel,Canton,TX,74.70910000000094,0,0.0,3
2026-04-15 01:44:23,"0323 - Canton, TX",Unlead,Canton,TX,0.0,0,0.0,1
2026-04-15 01:59:25,"0118 - Springfield, IL",Diesel,Springfield,IL,0.0,0,0.0,3
2026-04-15 01:59:25,"0118 - Springfield, IL",Unlead,Springfield,IL,5.0,0,0.0,1
2026-04-15 01:59:25,"0132 - Champaign, IL",Diesel,Champaign,IL,0.0,0,0.0,3
2026-04-15 01:59:25,"0132 - Champaign, IL",Unlead,Champaign,IL,0.0,0,0.0,1
2026-04-15 01:59:25,"0136 - Cottage Grove, WI",Diesel,Cottage Grove,WI,0.0,0,0.0,2
2026-04-15 01:59:25,"0136 - Cottage Grove, WI",Unlead,Cottage Grove,WI,0.0,0,0.0,1
2026-04-15 01:59:25,"0139 - Tuscola, IL",Diesel,Tuscola,IL,0.0,0,0.0,1
2026-04-15 01:59:25,"0139 - Tuscola, IL",Unlead,Tuscola,IL,0.0,0,0.0,2
2026-04-15 01:59:25,"0140 - Mendota, IL",Diesel,Mendota,IL,0.0,0,0.0,2
2026-04-15 01:59:25,"0140 - Mendota, IL",Unlead,Mendota,IL,0.0,0,0.0,2
2026-04-15 01:59:25,"0141 - Brazil, IN",Diesel,Brazil,IN,0.0,0,0.0,4
2026-04-15 01:59:25,"0141 - Brazil, IN",Unlead,Brazil,IN,0.0,0,0.0,1
2026-04-15 01:59:25,"0144 - Elk Run Height, IA",Diesel,Elk Run Height,IA,0.0,0,0.0,4
2026-04-15 01:59:25,"0144 - Elk Run Height, IA",Unlead,Elk Run Height,IA,0.0,0,0.0,2
2026-04-15 01:59:25,"0145 - Fenton, MO",Diesel,Fenton,MO,24.0,0,0.0,2
2026-04-15 01:59:25,"0145 - Fenton, MO",Unlead,Fenton,MO,0.0,0,0.0,1
2026-04-15 01:59:25,"0157 - Okawville, IL",Diesel,Okawville,IL,0.0,0,0.0,3
2026-04-15 01:59:25,"0157 - Okawville, IL",Unlead,Okawville,IL,0.0,0,0.0,1
2026-04-15 01:59:25,"0181 - Springfield, IL",Diesel,Springfield,IL,0.0,0,0.0,3
2026-04-15 01:59:25,"0181 - Springfield, IL",Unlead,Springfield,IL,0.0,0,0.0,1
2026-04-15 01:59:25,"0185 - McLean, IL",Diesel,McLean,IL,0.0,0,0.0,4
2026-04-15 01:59:25,"0185 - McLean, IL",Unlead,McLean,IL,0.0,0,0.0,1
2026-04-15 01:59:25,"0186 - Minonk, IL",Diesel,Minonk,IL,0.0,0,0.0,3
2026-04-15 01:59:25,"0186 - Minonk, IL",Unlead,Minonk,IL,0.0,0,0.0,1
2026-04-15 01:59:25,"0187 - Chicago, IL",Diesel,Chicago,IL,0.0,0,0.0,3
2026-04-15 01:59:25,"0187 - Chicago, IL",Unlead,Chicago,IL,0.0,0,0.0,1
2026-04-15 01:59:25,"0203 - Rockford, IL",Diesel,Rockford,IL,0.0,0,0.0,1
2026-04-15 01:59:25,"0203 - Rockford, IL",Unlead,Rockford,IL,6.177999999999884,0,0.0,1
2026-04-15 01:59:25,"0205 - South Beloit, IL",Diesel,South Beloit,IL,0.0,0,0.0,3
2026-04-15 01:59:25,"0205 - South Beloit, IL",Unlead,South Beloit,IL,0.0,0,0.0,1
2026-04-15 01:59:25,"0206 - Winnebago, IL",Diesel,Winnebago,IL,0.0,0,0.0,1
2026-04-15 01:59:25,"0206 - Winnebago, IL",Unlead,Winnebago,IL,0.0,0,0.0,1
2026-04-15 01:59:25,"0209 - Oakdale, WI",Diesel,Oakdale,WI,0.0,0,0.0,3
2026-04-15 01:59:25,"0209 - Oakdale, WI",Unlead,Oakdale,WI,0.0,0,0.0,1
2026-04-15 01:59:25,"0210 - Rochelle, IL",Diesel,Rochelle,IL,0.0,0,0.0,3
2026-04-15 01:59:25,"0210 - Rochelle, IL",Unlead,Rochelle,IL,0.0,0,0.0,1
2026-04-15 01:59:25,"0211 - Loves Park, IL",Diesel,Loves Park,IL,0.0,0,0.0,1
2026-04-15 01:59:25,"0211 - Loves Park, IL",Unlead,Loves Park,IL,0.0,0,0.0,1
2026-04-15 01:59:25,"0225 - Princeton, IL",Diesel,Princeton,IL,0.0,0,0.0,4
2026-04-15 01:59:25,"0225 - Princeton, IL",Unlead,Princeton,IL,0.0,0,0.0,2
2026-04-15 01:59:25,"0226 - Greenwood, IN",Diesel,Greenwood,IN,0.0,0,0.0,2
2026-04-15 01:59:25,"0226 - Greenwood, IN",Unlead,Greenwood,IN,0.0,0,0.0,2
2026-04-15 01:59:25,"0235 - Hampshire, IL",Diesel,Hampshire,IL,87.0,0,0.0,2
2026-04-15 01:59:25,"0235 - Hampshire, IL",Unlead,Hampshire,IL,0.0,0,0.0,2
2026-04-15 01:59:25,"0236 - East Troy, WI",Diesel,East Troy,WI,0.0,0,0.0,2
2026-04-15 01:59:25,"0236 - East Troy, WI",Unlead,East Troy,WI,0.0,0,0.0,1
2026-04-15 01:59:25,"0240 - Lake Station, IN",Diesel,Lake Station,IN,0.0,0,0.0,5
2026-04-15 01:59:25,"0240 - Lake Station, IN",Unlead,Lake Station,IN,2.0,0,0.0,2
2026-04-15 01:59:25,"0242 - St Robert, MO",Diesel,St Robert,MO,0.0,0,0.0,4
2026-04-15 01:59:25,"0263 - Ottawa, IL",Diesel,Ottawa,IL,0.0,0,0.0,3
2026-04-15 01:59:25,"0263 - Ottawa, IL",Unlead,Ottawa,IL,0.0,0,0.0,1
2026-04-15 01:59:25,"0265 - Dixon, IL",Diesel,Dixon,IL,0.0,0,0.0,3
2026-04-15 01:59:25,"0265 - Dixon, IL",Unlead,Dixon,IL,0.0,0,0.0,1
2026-04-15 01:59:25,"0266 - New Berlin, IL",Diesel,New Berlin,IL,0.0,0,0.0,3
2026-04-15 01:59:25,"0266 - New Berlin, IL",Unlead,New Berlin,IL,5.456000000000131,0,0.0,1
2026-04-15 01:59:25,"0267 - Pharr, TX",Diesel,Pharr,TX,0.0,0,0.0,4
2026-04-15 01:59:25,"0267 - Pharr, TX",Unlead,Pharr,TX,0.0,0,0.0,1
2026-04-15 01:59:25,"0268 - Grayville, IL",Diesel,Grayville,IL,0.0,0,0.0,3
2026-04-15 01:59:25,"0268 - Grayville, IL",Unlead,Grayville,IL,0.0,0,0.0,1
2026-04-15 01:59:25,"0269 - Marshall, IL",Diesel,Marshall,IL,0.0,0,0.0,3
2026-04-15 01:59:25,"0269 - Marshall, IL",Unlead,Marshall,IL,24.0,0,0.0,1
2026-04-15 01:59:25,"0270 - Moore, TX",Diesel,Moore,TX,428.0,0,0.0,3
2026-04-15 01:59:25,"0270 - Moore, TX",Unlead,Moore,TX,43.0,0,0.0,1
2026-04-15 01:59:25,"0271 - Odessa, TX",Diesel,Odessa,TX,206.10429999999906,0,0.0,3
2026-04-15 01:59:25,"0271 - Odessa, TX",Unlead,Odessa,TX,0.0,0,0.0,1
2026-04-15 01:59:25,"0272 - Encinal, TX",Diesel,Encinal,TX,48.46900000000278,0,0.0,3
2026-04-15 01:59:25,"0272 - Encinal, TX",Unlead,Encinal,TX,7.956000000000131,0,0.0,1
2026-04-15 01:59:25,"0273 - Combes, TX",Diesel,Combes,TX,9.703000000001339,0,0.0,3
2026-04-15 01:59:25,"0273 - Combes, TX",Unlead,Combes,TX,13.811499999999796,0,0.0,1
2026-04-15 01:59:25,"0275 - Sonora, TX",Diesel,Sonora,TX,0.0,0,0.0,3
2026-04-15 01:59:25,"0275 - Sonora, TX",Unlead,Sonora,TX,6.891999999999825,0,0.0,1
2026-04-15 01:59:25,"0276 - Waco, TX",Diesel,Waco,TX,148.72729999999865,0,0.0,3
2026-04-15 01:59:25,"0276 - Waco, TX",Unlead,Waco,TX,0.0,0,0.0,1
2026-04-15 01:59:25,"0277 - New Boston, TX",Diesel,New Boston,TX,0.0,0,0.0,3
2026-04-15 01:59:25,"0277 - New Boston, TX",Unlead,New Boston,TX,0.0,0,0.0,1
2026-04-15 01:59:25,"0278 - Brinkley, AR",Diesel,Brinkley,AR,81.72500000000036,0,0.0,3
2026-04-15 01:59:25,"0278 - Brinkley, AR",Unlead,Brinkley,AR,0.0,0,0.0,1
2026-04-15 01:59:25,"0279 - Marion, IL",Diesel,Marion,IL,0.0,0,0.0,3
2026-04-15 01:59:25,"0279 - Marion, IL",Unlead,Marion,IL,18.88799999999901,0,0.0,1
2026-04-15 01:59:25,"0280 - Monahans, TX",Diesel,Monahans,TX,0.0,0,0.0,3
2026-04-15 01:59:25,"0280 - Monahans, TX",Unlead,Monahans,TX,7.072999999998501,0,0.0,1
2026-04-15 01:59:25,"0281 - Cisco, TX",Diesel,Cisco,TX,33.777000000000044,0,0.0,3
2026-04-15 01:59:25,"0281 - Cisco, TX",Unlead,Cisco,TX,0.0,0,0.0,1
2026-04-15 01:59:25,"0282 - Gainesville, TX",Diesel,Gainesville,TX,6.885000000000218,2,1653.8779999999988,3
2026-04-15 01:59:25,"0282 - Gainesville, TX",Unlead,Gainesville,TX,0.0,0,0.0,1
2026-04-15 01:59:25,"0283 - Sealy, TX",Diesel,Sealy,TX,289.2484999999997,0,0.0,3
2026-04-15 01:59:25,"0283 - Sealy, TX",Unlead,Sealy,TX,0.0,0,0.0,1
2026-04-15 01:59:25,"0284 - New Deal, TX",Diesel,New Deal,TX,0.0,0,0.0,3
2026-04-15 01:59:25,"0284 - New Deal, TX",Unlead,New Deal,TX,0.0,0,0.0,1
2026-04-15 01:59:25,"0285 - Seguin, TX",Diesel,Seguin,TX,161.58639999999923,0,0.0,3
2026-04-15 01:59:25,"0285 - Seguin, TX",Unlead,Seguin,TX,0.0,0,0.0,1
2026-04-15 01:59:25,"0286 - Amarillo, TX",Diesel,Amarillo,TX,0.0,0,0.0,3
2026-04-15 01:59:25,"0286 - Amarillo, TX",Unlead,Amarillo,TX,14.587000000001353,0,0.0,1
2026-04-15 01:59:25,"0287 - Burbonnais, IL",Diesel,Burbonnais,IL,0.0,0,0.0,3
2026-04-15 01:59:25,"0287 - Burbonnais, IL",Unlead,Burbonnais,IL,0.0,0,0.0,1
2026-04-15 01:59:25,"0289 - Teague, TX",Diesel,Teague,TX,82.22599999999875,0,0.0,3
2026-04-15 01:59:25,"0289 - Teague, TX",Unlead,Teague,TX,0.0,0,0.0,1
2026-04-15 01:59:25,"0290 - Joplin, MO",Diesel,Joplin,MO,0.0,0,0.0,3
2026-04-15 01:59:25,"0290 - Joplin, MO",Unlead,Joplin,MO,5.625299999999697,0,0.0,1
2026-04-15 01:59:25,"0312 - Vidor, TX",Diesel,Vidor,TX,228.64400000000114,0,0.0,3
2026-04-15 01:59:25,"0312 - Vidor, TX",Unlead,Vidor,TX,0.0,0,0.0,1
2026-04-15 01:59:25,"0315 - Laredo, TX",Diesel,Laredo,TX,0.0,0,0.0,3
2026-04-15 01:59:25,"0315 - Laredo, TX",Unlead,Laredo,TX,0.0,0,0.0,1
2026-04-15 01:59:25,"0319 - Milford, TX",Diesel,Milford,TX,46.872999999995955,0,0.0,3
2026-04-15 01:59:25,"0319 - Milford, TX",Unlead,Milford,TX,0.0,0,0.0,1
2026-04-15 01:59:25,"0323 - Canton, TX",Diesel,Canton,TX,32.62449999999899,0,0.0,3
2026-04-15 01:59:25,"0323 - Canton, TX",Unlead,Canton,TX,3.9789999999993597,0,0.0,1
2026-04-15 02:14:26,"0118 - Springfield, IL",Diesel,Springfield,IL,0.0,0,0.0,3
2026-04-15 02:14:26,"0118 - Springfield, IL",Unlead,Springfield,IL,0.0,0,0.0,1
2026-04-15 02:14:26,"0132 - Champaign, IL",Diesel,Champaign,IL,76.96849999999995,0,0.0,3
2026-04-15 02:14:26,"0132 - Champaign, IL",Unlead,Champaign,IL,10.201000000000931,0,0.0,1
2026-04-15 02:14:26,"0136 - Cottage Grove, WI",Diesel,Cottage Grove,WI,0.0,0,0.0,2
2026-04-15 02:14:26,"0136 - Cottage Grove, WI",Unlead,Cottage Grove,WI,0.0,0,0.0,1
2026-04-15 02:14:26,"0139 - Tuscola, IL",Diesel,Tuscola,IL,0.0,0,0.0,1
2026-04-15 02:14:26,"0139 - Tuscola, IL",Unlead,Tuscola,IL,0.0,0,0.0,2
2026-04-15 02:14:26,"0140 - Mendota, IL",Diesel,Mendota,IL,0.0,0,0.0,2
2026-04-15 02:14:26,"0140 - Mendota, IL",Unlead,Mendota,IL,0.0,0,0.0,2
2026-04-15 02:14:26,"0141 - Brazil, IN",Diesel,Brazil,IN,0.0,0,0.0,4
2026-04-15 02:14:26,"0141 - Brazil, IN",Unlead,Brazil,IN,0.0,0,0.0,1
2026-04-15 02:14:26,"0144 - Elk Run Height, IA",Diesel,Elk Run Height,IA,111.0,0,0.0,4
2026-04-15 02:14:26,"0144 - Elk Run Height, IA",Unlead,Elk Run Height,IA,0.0,0,0.0,2
2026-04-15 02:14:26,"0145 - Fenton, MO",Diesel,Fenton,MO,84.0,0,0.0,2
2026-04-15 02:14:26,"0145 - Fenton, MO",Unlead,Fenton,MO,0.0,0,0.0,1
2026-04-15 02:14:26,"0157 - Okawville, IL",Diesel,Okawville,IL,55.0,0,0.0,3
2026-04-15 02:14:26,"0157 - Okawville, IL",Unlead,Okawville,IL,0.0,0,0.0,1
2026-04-15 02:14:26,"0181 - Springfield, IL",Diesel,Springfield,IL,51.04600000000028,0,0.0,3
2026-04-15 02:14:26,"0181 - Springfield, IL",Unlead,Springfield,IL,0.0,0,0.0,1
2026-04-15 02:14:26,"0185 - McLean, IL",Diesel,McLean,IL,86.75299999999879,0,0.0,4
2026-04-15 02:14:26,"0185 - McLean, IL",Unlead,McLean,IL,0.0,0,0.0,1
2026-04-15 02:14:26,"0186 - Minonk, IL",Diesel,Minonk,IL,0.0,0,0.0,3
2026-04-15 02:14:26,"0186 - Minonk, IL",Unlead,Minonk,IL,0.0,0,0.0,1
2026-04-15 02:14:26,"0187 - Chicago, IL",Diesel,Chicago,IL,0.0,0,0.0,3
2026-04-15 02:14:26,"0187 - Chicago, IL",Unlead,Chicago,IL,0.0,0,0.0,1
2026-04-15 02:14:26,"0203 - Rockford, IL",Diesel,Rockford,IL,0.0,0,0.0,1
2026-04-15 02:14:26,"0203 - Rockford, IL",Unlead,Rockford,IL,8.054000000000087,0,0.0,1
2026-04-15 02:14:26,"0205 - South Beloit, IL",Diesel,South Beloit,IL,0.0,0,0.0,3
2026-04-15 02:14:26,"0205 - South Beloit, IL",Unlead,South Beloit,IL,0.0,0,0.0,1
2026-04-15 02:14:26,"0206 - Winnebago, IL",Diesel,Winnebago,IL,0.0,0,0.0,1
2026-04-15 02:14:26,"0206 - Winnebago, IL",Unlead,Winnebago,IL,3.0,0,0.0,1
2026-04-15 02:14:26,"0209 - Oakdale, WI",Diesel,Oakdale,WI,0.0,0,0.0,3
2026-04-15 02:14:26,"0209 - Oakdale, WI",Unlead,Oakdale,WI,0.0,0,0.0,1
2026-04-15 02:14:26,"0210 - Rochelle, IL",Diesel,Rochelle,IL,0.0,0,0.0,3
2026-04-15 02:14:26,"0210 - Rochelle, IL",Unlead,Rochelle,IL,0.0,0,0.0,1
2026-04-15 02:14:26,"0211 - Loves Park, IL",Diesel,Loves Park,IL,40.0,0,0.0,1
2026-04-15 02:14:26,"0211 - Loves Park, IL",Unlead,Loves Park,IL,20.0,0,0.0,1
2026-04-15 02:14:26,"0225 - Princeton, IL",Diesel,Princeton,IL,0.0,0,0.0,4
2026-04-15 02:14:26,"0225 - Princeton, IL",Unlead,Princeton,IL,0.0,0,0.0,2
2026-04-15 02:14:26,"0226 - Greenwood, IN",Diesel,Greenwood,IN,0.0,0,0.0,2
2026-04-15 02:14:26,"0226 - Greenwood, IN",Unlead,Greenwood,IN,9.0,0,0.0,2
2026-04-15 02:14:26,"0235 - Hampshire, IL",Diesel,Hampshire,IL,0.0,0,0.0,2
2026-04-15 02:14:26,"0235 - Hampshire, IL",Unlead,Hampshire,IL,0.0,0,0.0,2
2026-04-15 02:14:26,"0236 - East Troy, WI",Diesel,East Troy,WI,0.0,0,0.0,2
2026-04-15 02:14:26,"0236 - East Troy, WI",Unlead,East Troy,WI,0.0,0,0.0,1
2026-04-15 02:14:26,"0240 - Lake Station, IN",Diesel,Lake Station,IN,0.0,0,0.0,5
2026-04-15 02:14:26,"0240 - Lake Station, IN",Unlead,Lake Station,IN,0.0,0,0.0,2
2026-04-15 02:14:26,"0242 - St Robert, MO",Diesel,St Robert,MO,0.0,0,0.0,4
2026-04-15 02:14:26,"0263 - Ottawa, IL",Diesel,Ottawa,IL,0.0,0,0.0,3
2026-04-15 02:14:26,"0263 - Ottawa, IL",Unlead,Ottawa,IL,0.0,0,0.0,1
2026-04-15 02:14:26,"0265 - Dixon, IL",Diesel,Dixon,IL,0.0,0,0.0,3
2026-04-15 02:14:26,"0265 - Dixon, IL",Unlead,Dixon,IL,0.0,0,0.0,1
2026-04-15 02:14:26,"0266 - New Berlin, IL",Diesel,New Berlin,IL,0.0,0,0.0,3
2026-04-15 02:14:26,"0266 - New Berlin, IL",Unlead,New Berlin,IL,0.0,0,0.0,1
2026-04-15 02:14:26,"0267 - Pharr, TX",Diesel,Pharr,TX,0.0,0,0.0,4
2026-04-15 02:14:26,"0267 - Pharr, TX",Unlead,Pharr,TX,0.0,0,0.0,1
2026-04-15 02:14:26,"0268 - Grayville, IL",Diesel,Grayville,IL,0.0,0,0.0,3
2026-04-15 02:14:26,"0268 - Grayville, IL",Unlead,Grayville,IL,0.0,0,0.0,1
2026-04-15 02:14:26,"0269 - Marshall, IL",Diesel,Marshall,IL,0.0,0,0.0,3
2026-04-15 02:14:26,"0269 - Marshall, IL",Unlead,Marshall,IL,0.0,0,0.0,1
2026-04-15 02:14:26,"0270 - Moore, TX",Diesel,Moore,TX,94.0,0,0.0,3
2026-04-15 02:14:26,"0270 - Moore, TX",Unlead,Moore,TX,21.0,0,0.0,1
2026-04-15 02:14:26,"0271 - Odessa, TX",Diesel,Odessa,TX,11.130999999999403,0,0.0,3
2026-04-15 02:14:26,"0271 - Odessa, TX",Unlead,Odessa,TX,42.34700000000157,0,0.0,1
2026-04-15 02:14:26,"0272 - Encinal, TX",Diesel,Encinal,TX,0.0,0,0.0,3
2026-04-15 02:14:26,"0272 - Encinal, TX",Unlead,Encinal,TX,0.0,0,0.0,1
2026-04-15 02:14:26,"0273 - Combes, TX",Diesel,Combes,TX,0.0,0,0.0,3
2026-04-15 02:14:26,"0273 - Combes, TX",Unlead,Combes,TX,0.0,0,0.0,1
2026-04-15 02:14:26,"0275 - Sonora, TX",Diesel,Sonora,TX,80.23239999999987,0,0.0,3
2026-04-15 02:14:26,"0275 - Sonora, TX",Unlead,Sonora,TX,0.0,0,0.0,1
2026-04-15 02:14:26,"0276 - Waco, TX",Diesel,Waco,TX,0.0,0,0.0,3
2026-04-15 02:14:26,"0276 - Waco, TX",Unlead,Waco,TX,0.0,0,0.0,1
2026-04-15 02:14:26,"0277 - New Boston, TX",Diesel,New Boston,TX,0.0,0,0.0,3
2026-04-15 02:14:26,"0277 - New Boston, TX",Unlead,New Boston,TX,0.0,0,0.0,1
2026-04-15 02:14:26,"0278 - Brinkley, AR",Diesel,Brinkley,AR,0.0,0,0.0,3
2026-04-15 02:14:26,"0278 - Brinkley, AR",Unlead,Brinkley,AR,0.0,0,0.0,1
2026-04-15 02:14:26,"0279 - Marion, IL",Diesel,Marion,IL,0.0,0,0.0,3
2026-04-15 02:14:26,"0279 - Marion, IL",Unlead,Marion,IL,0.0,0,0.0,1
2026-04-15 02:14:26,"0280 - Monahans, TX",Diesel,Monahans,TX,133.17619999999988,0,0.0,3
2026-04-15 02:14:26,"0280 - Monahans, TX",Unlead,Monahans,TX,0.0,0,0.0,1
2026-04-15 02:14:26,"0281 - Cisco, TX",Diesel,Cisco,TX,176.5589999999993,0,0.0,3
2026-04-15 02:14:26,"0281 - Cisco, TX",Unlead,Cisco,TX,0.0,0,0.0,1
2026-04-15 02:14:26,"0282 - Gainesville, TX",Diesel,Gainesville,TX,16.068999999999505,2,6187.3409999999985,3
2026-04-15 02:14:26,"0282 - Gainesville, TX",Unlead,Gainesville,TX,0.0,0,0.0,1
2026-04-15 02:14:26,"0283 - Sealy, TX",Diesel,Sealy,TX,134.24799999999777,0,0.0,3
2026-04-15 02:14:26,"0283 - Sealy, TX",Unlead,Sealy,TX,0.0,0,0.0,1
2026-04-15 02:14:26,"0284 - New Deal, TX",Diesel,New Deal,TX,0.0,0,0.0,3
2026-04-15 02:14:26,"0284 - New Deal, TX",Unlead,New Deal,TX,0.0,0,0.0,1
2026-04-15 02:14:26,"0285 - Seguin, TX",Diesel,Seguin,TX,0.0,0,0.0,3
2026-04-15 02:14:26,"0285 - Seguin, TX",Unlead,Seguin,TX,0.0,0,0.0,1
2026-04-15 02:14:26,"0286 - Amarillo, TX",Diesel,Amarillo,TX,99.34099999999853,0,0.0,3
2026-04-15 02:14:26,"0286 - Amarillo, TX",Unlead,Amarillo,TX,0.0,0,0.0,1
2026-04-15 02:14:26,"0287 - Burbonnais, IL",Diesel,Burbonnais,IL,0.0,0,0.0,3
2026-04-15 02:14:26,"0287 - Burbonnais, IL",Unlead,Burbonnais,IL,0.0,0,0.0,1
2026-04-15 02:14:26,"0289 - Teague, TX",Diesel,Teague,TX,220.38700000000063,0,0.0,3
2026-04-15 02:14:26,"0289 - Teague, TX",Unlead,Teague,TX,8.923000000000684,0,0.0,1
2026-04-15 02:14:26,"0290 - Joplin, MO",Diesel,Joplin,MO,0.0,0,0.0,3
2026-04-15 02:14:26,"0290 - Joplin, MO",Unlead,Joplin,MO,0.0,0,0.0,1
2026-04-15 02:14:26,"0312 - Vidor, TX",Diesel,Vidor,TX,140.7679999999982,0,0.0,3
2026-04-15 02:14:26,"0312 - Vidor, TX",Unlead,Vidor,TX,5.347999999999956,0,0.0,1
2026-04-15 02:14:26,"0315 - Laredo, TX",Diesel,Laredo,TX,0.0,0,0.0,3
2026-04-15 02:14:26,"0315 - Laredo, TX",Unlead,Laredo,TX,0.0,0,0.0,1
2026-04-15 02:14:26,"0319 - Milford, TX",Diesel,Milford,TX,0.0,0,0.0,3
2026-04-15 02:14:26,"0319 - Milford, TX",Unlead,Milford,TX,9.869000000000597,0,0.0,1
2026-04-15 02:14:26,"0323 - Canton, TX",Diesel,Canton,TX,83.1259999999993,0,0.0,3
2026-04-15 02:14:26,"0323 - Canton, TX",Unlead,Canton,TX,27.48400000000038,0,0.0,1
2026-04-15 02:29:27,"0118 - Springfield, IL",Diesel,Springfield,IL,57.0,0,0.0,3
2026-04-15 02:29:27,"0118 - Springfield, IL",Unlead,Springfield,IL,30.0,0,0.0,1
2026-04-15 02:29:27,"0132 - Champaign, IL",Diesel,Champaign,IL,0.0,0,0.0,3
2026-04-15 02:29:27,"0132 - Champaign, IL",Unlead,Champaign,IL,0.0,0,0.0,1
2026-04-15 02:29:27,"0136 - Cottage Grove, WI",Diesel,Cottage Grove,WI,0.0,0,0.0,2
2026-04-15 02:29:27,"0136 - Cottage Grove, WI",Unlead,Cottage Grove,WI,0.0,0,0.0,1
2026-04-15 02:29:27,"0139 - Tuscola, IL",Diesel,Tuscola,IL,0.0,0,0.0,1
2026-04-15 02:29:27,"0139 - Tuscola, IL",Unlead,Tuscola,IL,0.0,0,0.0,2
2026-04-15 02:29:27,"0140 - Mendota, IL",Diesel,Mendota,IL,0.0,0,0.0,2
2026-04-15 02:29:27,"0140 - Mendota, IL",Unlead,Mendota,IL,0.0,0,0.0,2
2026-04-15 02:29:27,"0141 - Brazil, IN",Diesel,Brazil,IN,77.51319999999942,0,0.0,4
2026-04-15 02:29:27,"0141 - Brazil, IN",Unlead,Brazil,IN,0.0,0,0.0,1
2026-04-15 02:29:27,"0144 - Elk Run Height, IA",Diesel,Elk Run Height,IA,26.0,0,0.0,4
2026-04-15 02:29:27,"0144 - Elk Run Height, IA",Unlead,Elk Run Height,IA,0.0,0,0.0,2
2026-04-15 02:29:27,"0145 - Fenton, MO",Diesel,Fenton,MO,0.0,0,0.0,2
2026-04-15 02:29:27,"0145 - Fenton, MO",Unlead,Fenton,MO,0.0,0,0.0,1
2026-04-15 02:29:27,"0157 - Okawville, IL",Diesel,Okawville,IL,0.0,0,0.0,3
2026-04-15 02:29:27,"0157 - Okawville, IL",Unlead,Okawville,IL,0.0,0,0.0,1
2026-04-15 02:29:27,"0181 - Springfield, IL",Diesel,Springfield,IL,43.78899999999885,0,0.0,3
2026-04-15 02:29:27,"0181 - Springfield, IL",Unlead,Springfield,IL,0.0,0,0.0,1
2026-04-15 02:29:27,"0185 - McLean, IL",Diesel,McLean,IL,0.0,0,0.0,4
2026-04-15 02:29:27,"0185 - McLean, IL",Unlead,McLean,IL,12.1899999999996,0,0.0,1
2026-04-15 02:29:27,"0186 - Minonk, IL",Diesel,Minonk,IL,0.0,0,0.0,3
2026-04-15 02:29:27,"0186 - Minonk, IL",Unlead,Minonk,IL,0.0,0,0.0,1
2026-04-15 02:29:27,"0187 - Chicago, IL",Diesel,Chicago,IL,0.0,0,0.0,3
2026-04-15 02:29:27,"0187 - Chicago, IL",Unlead,Chicago,IL,0.0,0,0.0,1
2026-04-15 02:29:27,"0203 - Rockford, IL",Diesel,Rockford,IL,0.0,0,0.0,1
2026-04-15 02:29:27,"0203 - Rockford, IL",Unlead,Rockford,IL,8.52599999999984,0,0.0,1
2026-04-15 02:29:27,"0205 - South Beloit, IL",Diesel,South Beloit,IL,0.0,0,0.0,3
2026-04-15 02:29:27,"0205 - South Beloit, IL",Unlead,South Beloit,IL,0.0,0,0.0,1
2026-04-15 02:29:27,"0206 - Winnebago, IL",Diesel,Winnebago,IL,0.0,0,0.0,1
2026-04-15 02:29:27,"0206 - Winnebago, IL",Unlead,Winnebago,IL,0.0,0,0.0,1
2026-04-15 02:29:27,"0209 - Oakdale, WI",Diesel,Oakdale,WI,0.0,0,0.0,3
2026-04-15 02:29:27,"0209 - Oakdale, WI",Unlead,Oakdale,WI,0.0,0,0.0,1
2026-04-15 02:29:27,"0210 - Rochelle, IL",Diesel,Rochelle,IL,0.0,0,0.0,3
2026-04-15 02:29:27,"0210 - Rochelle, IL",Unlead,Rochelle,IL,8.0,0,0.0,1
2026-04-15 02:29:27,"0211 - Loves Park, IL",Diesel,Loves Park,IL,0.0,0,0.0,1
2026-04-15 02:29:27,"0211 - Loves Park, IL",Unlead,Loves Park,IL,8.0,0,0.0,1
2026-04-15 02:29:27,"0225 - Princeton, IL",Diesel,Princeton,IL,80.0,0,0.0,4
2026-04-15 02:29:27,"0225 - Princeton, IL",Unlead,Princeton,IL,0.0,0,0.0,2
2026-04-15 02:29:27,"0226 - Greenwood, IN",Diesel,Greenwood,IN,0.0,0,0.0,2
2026-04-15 02:29:27,"0226 - Greenwood, IN",Unlead,Greenwood,IN,0.0,0,0.0,2
2026-04-15 02:29:27,"0235 - Hampshire, IL",Diesel,Hampshire,IL,0.0,0,0.0,2
2026-04-15 02:29:27,"0235 - Hampshire, IL",Unlead,Hampshire,IL,2.0,0,0.0,2
2026-04-15 02:29:27,"0236 - East Troy, WI",Diesel,East Troy,WI,0.0,0,0.0,2
2026-04-15 02:29:27,"0236 - East Troy, WI",Unlead,East Troy,WI,0.0,0,0.0,1
2026-04-15 02:29:27,"0240 - Lake Station, IN",Diesel,Lake Station,IN,72.0,0,0.0,5
2026-04-15 02:29:27,"0240 - Lake Station, IN",Unlead,Lake Station,IN,0.0,0,0.0,2
2026-04-15 02:29:27,"0242 - St Robert, MO",Diesel,St Robert,MO,0.0,0,0.0,4
2026-04-15 02:29:27,"0263 - Ottawa, IL",Diesel,Ottawa,IL,0.0,0,0.0,3
2026-04-15 02:29:27,"0263 - Ottawa, IL",Unlead,Ottawa,IL,11.0,0,0.0,1
2026-04-15 02:29:27,"0265 - Dixon, IL",Diesel,Dixon,IL,120.58100000000013,0,0.0,3
2026-04-15 02:29:27,"0265 - Dixon, IL",Unlead,Dixon,IL,0.0,0,0.0,1
2026-04-15 02:29:27,"0266 - New Berlin, IL",Diesel,New Berlin,IL,0.0,0,0.0,3
2026-04-15 02:29:27,"0266 - New Berlin, IL",Unlead,New Berlin,IL,0.0,0,0.0,1
2026-04-15 02:29:27,"0267 - Pharr, TX",Diesel,Pharr,TX,0.0,0,0.0,4
2026-04-15 02:29:27,"0267 - Pharr, TX",Unlead,Pharr,TX,0.0,0,0.0,1
2026-04-15 02:29:27,"0268 - Grayville, IL",Diesel,Grayville,IL,0.0,0,0.0,3
2026-04-15 02:29:27,"0268 - Grayville, IL",Unlead,Grayville,IL,0.0,0,0.0,1
2026-04-15 02:29:27,"0269 - Marshall, IL",Diesel,Marshall,IL,0.0,0,0.0,3
2026-04-15 02:29:27,"0269 - Marshall, IL",Unlead,Marshall,IL,0.0,0,0.0,1
2026-04-15 02:29:27,"0270 - Moore, TX",Diesel,Moore,TX,63.0,0,0.0,3
2026-04-15 02:29:27,"0270 - Moore, TX",Unlead,Moore,TX,0.0,0,0.0,1
2026-04-15 02:29:27,"0271 - Odessa, TX",Diesel,Odessa,TX,218.4434000000001,0,0.0,3
2026-04-15 02:29:27,"0271 - Odessa, TX",Unlead,Odessa,TX,5.8879999999990105,0,0.0,1
2026-04-15 02:29:27,"0272 - Encinal, TX",Diesel,Encinal,TX,140.97999999999956,0,0.0,3
2026-04-15 02:29:27,"0272 - Encinal, TX",Unlead,Encinal,TX,0.0,0,0.0,1
2026-04-15 02:29:27,"0273 - Combes, TX",Diesel,Combes,TX,0.0,0,0.0,3
2026-04-15 02:29:27,"0273 - Combes, TX",Unlead,Combes,TX,31.811999999999898,0,0.0,1
2026-04-15 02:29:27,"0275 - Sonora, TX",Diesel,Sonora,TX,51.263200000000325,0,0.0,3
2026-04-15 02:29:27,"0275 - Sonora, TX",Unlead,Sonora,TX,7.200000000000728,0,0.0,1
2026-04-15 02:29:27,"0276 - Waco, TX",Diesel,Waco,TX,548.0388000000003,0,0.0,3
2026-04-15 02:29:27,"0276 - Waco, TX",Unlead,Waco,TX,18.141999999999825,0,0.0,1
2026-04-15 02:29:27,"0277 - New Boston, TX",Diesel,New Boston,TX,0.0,0,0.0,3
2026-04-15 02:29:27,"0277 - New Boston, TX",Unlead,New Boston,TX,0.0,0,0.0,1
2026-04-15 02:29:27,"0278 - Brinkley, AR",Diesel,Brinkley,AR,110.79500000000007,0,0.0,3
2026-04-15 02:29:27,"0278 - Brinkley, AR",Unlead,Brinkley,AR,30.8229999999985,0,0.0,1
2026-04-15 02:29:27,"0279 - Marion, IL",Diesel,Marion,IL,0.0,0,0.0,3
2026-04-15 02:29:27,"0279 - Marion, IL",Unlead,Marion,IL,0.0,0,0.0,1
2026-04-15 02:29:27,"0280 - Monahans, TX",Diesel,Monahans,TX,85.47430000000077,0,0.0,3
2026-04-15 02:29:27,"0280 - Monahans, TX",Unlead,Monahans,TX,0.0,0,0.0,1
2026-04-15 02:29:27,"0281 - Cisco, TX",Diesel,Cisco,TX,0.0,0,0.0,3
2026-04-15 02:29:27,"0281 - Cisco, TX",Unlead,Cisco,TX,11.756999999999607,0,0.0,1
2026-04-15 02:29:27,"0282 - Gainesville, TX",Diesel,Gainesville,TX,0.0,0,0.0,3
2026-04-15 02:29:27,"0282 - Gainesville, TX",Unlead,Gainesville,TX,0.0,0,0.0,1
2026-04-15 02:29:27,"0283 - Sealy, TX",Diesel,Sealy,TX,42.97100000000137,0,0.0,3
2026-04-15 02:29:27,"0283 - Sealy, TX",Unlead,Sealy,TX,0.0,0,0.0,1
2026-04-15 02:29:27,"0284 - New Deal, TX",Diesel,New Deal,TX,0.0,0,0.0,3
2026-04-15 02:29:27,"0284 - New Deal, TX",Unlead,New Deal,TX,11.142000000001644,0,0.0,1
2026-04-15 02:29:27,"0285 - Seguin, TX",Diesel,Seguin,TX,220.71429999999964,0,0.0,3
2026-04-15 02:29:27,"0285 - Seguin, TX",Unlead,Seguin,TX,8.759399999999914,0,0.0,1
2026-04-15 02:29:27,"0286 - Amarillo, TX",Diesel,Amarillo,TX,224.4350000000013,0,0.0,3
2026-04-15 02:29:27,"0286 - Amarillo, TX",Unlead,Amarillo,TX,0.0,0,0.0,1
2026-04-15 02:29:27,"0287 - Burbonnais, IL",Diesel,Burbonnais,IL,0.0,0,0.0,3
2026-04-15 02:29:27,"0287 - Burbonnais, IL",Unlead,Burbonnais,IL,18.890000000001237,0,0.0,1
2026-04-15 02:29:27,"0289 - Teague, TX",Diesel,Teague,TX,111.89499999999862,0,0.0,3
2026-04-15 02:29:27,"0289 - Teague, TX",Unlead,Teague,TX,0.0,0,0.0,1
2026-04-15 02:29:27,"0290 - Joplin, MO",Diesel,Joplin,MO,0.0,0,0.0,3
2026-04-15 02:29:27,"0290 - Joplin, MO",Unlead,Joplin,MO,0.0,0,0.0,1
2026-04-15 02:29:27,"0312 - Vidor, TX",Diesel,Vidor,TX,176.23300000000108,0,0.0,3
2026-04-15 02:29:27,"0312 - Vidor, TX",Unlead,Vidor,TX,5.754000000000815,0,0.0,1
2026-04-15 02:29:27,"0315 - Laredo, TX",Diesel,Laredo,TX,0.0,0,0.0,3
2026-04-15 02:29:27,"0315 - Laredo, TX",Unlead,Laredo,TX,0.0,0,0.0,1
2026-04-15 02:29:27,"0319 - Milford, TX",Diesel,Milford,TX,136.08200000000215,0,0.0,3
2026-04-15 02:29:27,"0319 - Milford, TX",Unlead,Milford,TX,0.0,0,0.0,1
2026-04-15 02:29:27,"0323 - Canton, TX",Diesel,Canton,TX,0.0,0,0.0,3
2026-04-15 02:29:27,"0323 - Canton, TX",Unlead,Canton,TX,0.0,0,0.0,1
2026-04-15 02:44:31,"0118 - Springfield, IL",Diesel,Springfield,IL,0.0,0,0.0,3
2026-04-15 02:44:31,"0118 - Springfield, IL",Unlead,Springfield,IL,0.0,0,0.0,1
2026-04-15 02:44:31,"0132 - Champaign, IL",Diesel,Champaign,IL,0.0,0,0.0,3
2026-04-15 02:44:31,"0132 - Champaign, IL",Unlead,Champaign,IL,0.0,0,0.0,1
2026-04-15 02:44:31,"0136 - Cottage Grove, WI",Diesel,Cottage Grove,WI,0.0,0,0.0,2
2026-04-15 02:44:31,"0136 - Cottage Grove, WI",Unlead,Cottage Grove,WI,0.0,0,0.0,1
2026-04-15 02:44:31,"0139 - Tuscola, IL",Diesel,Tuscola,IL,0.0,0,0.0,1
2026-04-15 02:44:31,"0139 - Tuscola, IL",Unlead,Tuscola,IL,0.0,0,0.0,2
2026-04-15 02:44:31,"0140 - Mendota, IL",Diesel,Mendota,IL,0.0,0,0.0,2
2026-04-15 02:44:31,"0140 - Mendota, IL",Unlead,Mendota,IL,0.0,0,0.0,2
2026-04-15 02:44:31,"0141 - Brazil, IN",Diesel,Brazil,IN,9.243400000000292,0,0.0,4
2026-04-15 02:44:31,"0141 - Brazil, IN",Unlead,Brazil,IN,0.0,0,0.0,1
2026-04-15 02:44:31,"0144 - Elk Run Height, IA",Diesel,Elk Run Height,IA,5.0,0,0.0,4
2026-04-15 02:44:31,"0144 - Elk Run Height, IA",Unlead,Elk Run Height,IA,0.0,0,0.0,2
2026-04-15 02:44:31,"0145 - Fenton, MO",Diesel,Fenton,MO,44.0,0,0.0,2
2026-04-15 02:44:31,"0145 - Fenton, MO",Unlead,Fenton,MO,0.0,0,0.0,1
2026-04-15 02:44:31,"0157 - Okawville, IL",Diesel,Okawville,IL,0.0,0,0.0,3
2026-04-15 02:44:31,"0157 - Okawville, IL",Unlead,Okawville,IL,0.0,0,0.0,1
2026-04-15 02:44:31,"0181 - Springfield, IL",Diesel,Springfield,IL,0.0,0,0.0,3
2026-04-15 02:44:31,"0181 - Springfield, IL",Unlead,Springfield,IL,0.0,1,1187.5375000000004,1
2026-04-15 02:44:31,"0185 - McLean, IL",Diesel,McLean,IL,0.0,0,0.0,4
2026-04-15 02:44:31,"0185 - McLean, IL",Unlead,McLean,IL,5.7137000000002445,0,0.0,1
2026-04-15 02:44:31,"0186 - Minonk, IL",Diesel,Minonk,IL,0.0,0,0.0,3
2026-04-15 02:44:31,"0186 - Minonk, IL",Unlead,Minonk,IL,5.257999999999811,0,0.0,1
2026-04-15 02:44:31,"0187 - Chicago, IL",Diesel,Chicago,IL,48.0,0,0.0,3
2026-04-15 02:44:31,"0187 - Chicago, IL",Unlead,Chicago,IL,0.0,0,0.0,1
2026-04-15 02:44:31,"0203 - Rockford, IL",Diesel,Rockford,IL,0.0,0,0.0,1
2026-04-15 02:44:31,"0203 - Rockford, IL",Unlead,Rockford,IL,5.718999999999141,0,0.0,1
2026-04-15 02:44:31,"0205 - South Beloit, IL",Diesel,South Beloit,IL,0.0,0,0.0,3
2026-04-15 02:44:31,"0205 - South Beloit, IL",Unlead,South Beloit,IL,0.0,0,0.0,1
2026-04-15 02:44:31,"0206 - Winnebago, IL",Diesel,Winnebago,IL,0.0,0,0.0,1
2026-04-15 02:44:31,"0206 - Winnebago, IL",Unlead,Winnebago,IL,0.0,0,0.0,1
2026-04-15 02:44:31,"0209 - Oakdale, WI",Diesel,Oakdale,WI,0.0,0,0.0,3
2026-04-15 02:44:31,"0209 - Oakdale, WI",Unlead,Oakdale,WI,0.0,0,0.0,1
2026-04-15 02:44:31,"0210 - Rochelle, IL",Diesel,Rochelle,IL,59.0,0,0.0,3
2026-04-15 02:44:31,"0210 - Rochelle, IL",Unlead,Rochelle,IL,0.0,0,0.0,1
2026-04-15 02:44:31,"0211 - Loves Park, IL",Diesel,Loves Park,IL,0.0,0,0.0,1
2026-04-15 02:44:31,"0211 - Loves Park, IL",Unlead,Loves Park,IL,0.0,0,0.0,1
2026-04-15 02:44:31,"0225 - Princeton, IL",Diesel,Princeton,IL,0.0,0,0.0,4
2026-04-15 02:44:31,"0225 - Princeton, IL",Unlead,Princeton,IL,0.0,0,0.0,2
2026-04-15 02:44:31,"0226 - Greenwood, IN",Diesel,Greenwood,IN,0.0,0,0.0,2
2026-04-15 02:44:31,"0226 - Greenwood, IN",Unlead,Greenwood,IN,0.0,0,0.0,2
2026-04-15 02:44:31,"0235 - Hampshire, IL",Diesel,Hampshire,IL,0.0,0,0.0,2
2026-04-15 02:44:31,"0235 - Hampshire, IL",Unlead,Hampshire,IL,0.0,0,0.0,2
2026-04-15 02:44:31,"0236 - East Troy, WI",Diesel,East Troy,WI,57.0,0,0.0,2
2026-04-15 02:44:31,"0236 - East Troy, WI",Unlead,East Troy,WI,0.0,0,0.0,1
2026-04-15 02:44:31,"0240 - Lake Station, IN",Diesel,Lake Station,IN,0.0,0,0.0,5
2026-04-15 02:44:31,"0240 - Lake Station, IN",Unlead,Lake Station,IN,0.0,0,0.0,2
2026-04-15 02:44:31,"0242 - St Robert, MO",Diesel,St Robert,MO,0.0,0,0.0,4
2026-04-15 02:44:31,"0263 - Ottawa, IL",Diesel,Ottawa,IL,0.0,0,0.0,3
2026-04-15 02:44:31,"0263 - Ottawa, IL",Unlead,Ottawa,IL,7.0,0,0.0,1
2026-04-15 02:44:31,"0265 - Dixon, IL",Diesel,Dixon,IL,0.0,0,0.0,3
2026-04-15 02:44:31,"0265 - Dixon, IL",Unlead,Dixon,IL,0.0,0,0.0,1
2026-04-15 02:44:31,"0266 - New Berlin, IL",Diesel,New Berlin,IL,0.0,0,0.0,3
2026-04-15 02:44:31,"0266 - New Berlin, IL",Unlead,New Berlin,IL,0.0,0,0.0,1
2026-04-15 02:44:31,"0267 - Pharr, TX",Diesel,Pharr,TX,0.0,0,0.0,4
2026-04-15 02:44:31,"0267 - Pharr, TX",Unlead,Pharr,TX,0.0,0,0.0,1
2026-04-15 02:44:31,"0268 - Grayville, IL",Diesel,Grayville,IL,0.0,0,0.0,3
2026-04-15 02:44:31,"0268 - Grayville, IL",Unlead,Grayville,IL,18.0,0,0.0,1
2026-04-15 02:44:31,"0269 - Marshall, IL",Diesel,Marshall,IL,68.0,0,0.0,3
2026-04-15 02:44:31,"0269 - Marshall, IL",Unlead,Marshall,IL,0.0,0,0.0,1
2026-04-15 02:44:31,"0270 - Moore, TX",Diesel,Moore,TX,171.0,0,0.0,3
2026-04-15 02:44:31,"0270 - Moore, TX",Unlead,Moore,TX,9.0,0,0.0,1
2026-04-15 02:44:31,"0271 - Odessa, TX",Diesel,Odessa,TX,145.7538999999988,0,0.0,3
2026-04-15 02:44:31,"0271 - Odessa, TX",Unlead,Odessa,TX,10.072000000000116,0,0.0,1
2026-04-15 02:44:31,"0272 - Encinal, TX",Diesel,Encinal,TX,0.0,0,0.0,3
2026-04-15 02:44:31,"0272 - Encinal, TX",Unlead,Encinal,TX,0.0,0,0.0,1
2026-04-15 02:44:31,"0273 - Combes, TX",Diesel,Combes,TX,0.0,0,0.0,3
2026-04-15 02:44:31,"0273 - Combes, TX",Unlead,Combes,TX,10.823999999998705,0,0.0,1
2026-04-15 02:44:31,"0275 - Sonora, TX",Diesel,Sonora,TX,68.35090000000127,0,0.0,3
2026-04-15 02:44:31,"0275 - Sonora, TX",Unlead,Sonora,TX,0.0,0,0.0,1
2026-04-15 02:44:31,"0276 - Waco, TX",Diesel,Waco,TX,183.10709999999835,0,0.0,3
2026-04-15 02:44:31,"0276 - Waco, TX",Unlead,Waco,TX,0.0,0,0.0,1
2026-04-15 02:44:31,"0277 - New Boston, TX",Diesel,New Boston,TX,0.0,0,0.0,3
2026-04-15 02:44:31,"0277 - New Boston, TX",Unlead,New Boston,TX,0.0,0,0.0,1
2026-04-15 02:44:31,"0278 - Brinkley, AR",Diesel,Brinkley,AR,0.0,0,0.0,3
2026-04-15 02:44:31,"0278 - Brinkley, AR",Unlead,Brinkley,AR,0.0,0,0.0,1
2026-04-15 02:44:31,"0279 - Marion, IL",Diesel,Marion,IL,0.0,0,0.0,3
2026-04-15 02:44:31,"0279 - Marion, IL",Unlead,Marion,IL,10.938000000000102,0,0.0,1
2026-04-15 02:44:31,"0280 - Monahans, TX",Diesel,Monahans,TX,193.1786000000002,0,0.0,3
2026-04-15 02:44:31,"0280 - Monahans, TX",Unlead,Monahans,TX,0.0,0,0.0,1
2026-04-15 02:44:31,"0281 - Cisco, TX",Diesel,Cisco,TX,0.0,0,0.0,3
2026-04-15 02:44:31,"0281 - Cisco, TX",Unlead,Cisco,TX,0.0,0,0.0,1
2026-04-15 02:44:31,"0282 - Gainesville, TX",Diesel,Gainesville,TX,0.0,0,0.0,3
2026-04-15 02:44:31,"0282 - Gainesville, TX",Unlead,Gainesville,TX,0.0,0,0.0,1
2026-04-15 02:44:31,"0283 - Sealy, TX",Diesel,Sealy,TX,0.0,0,0.0,3
2026-04-15 02:44:31,"0283 - Sealy, TX",Unlead,Sealy,TX,0.0,0,0.0,1
2026-04-15 02:44:31,"0284 - New Deal, TX",Diesel,New Deal,TX,0.0,0,0.0,3
2026-04-15 02:44:31,"0284 - New Deal, TX",Unlead,New Deal,TX,0.0,0,0.0,1
2026-04-15 02:44:31,"0285 - Seguin, TX",Diesel,Seguin,TX,109.0612000000001,0,0.0,3
2026-04-15 02:44:31,"0285 - Seguin, TX",Unlead,Seguin,TX,0.0,0,0.0,1
2026-04-15 02:44:31,"0286 - Amarillo, TX",Diesel,Amarillo,TX,0.0,0,0.0,3
2026-04-15 02:44:31,"0286 - Amarillo, TX",Unlead,Amarillo,TX,32.74300000000039,0,0.0,1
2026-04-15 02:44:31,"0287 - Burbonnais, IL",Diesel,Burbonnais,IL,0.0,0,0.0,3
2026-04-15 02:44:31,"0287 - Burbonnais, IL",Unlead,Burbonnais,IL,0.0,0,0.0,1
2026-04-15 02:44:31,"0289 - Teague, TX",Diesel,Teague,TX,161.5550000000003,0,0.0,3
2026-04-15 02:44:31,"0289 - Teague, TX",Unlead,Teague,TX,0.0,0,0.0,1
2026-04-15 02:44:31,"0290 - Joplin, MO",Diesel,Joplin,MO,113.14930000000095,0,0.0,3
2026-04-15 02:44:31,"0290 - Joplin, MO",Unlead,Joplin,MO,0.0,0,0.0,1
2026-04-15 02:44:31,"0312 - Vidor, TX",Diesel,Vidor,TX,0.0,0,0.0,3
2026-04-15 02:44:31,"0312 - Vidor, TX",Unlead,Vidor,TX,0.0,0,0.0,1
2026-04-15 02:44:31,"0315 - Laredo, TX",Diesel,Laredo,TX,0.0,0,0.0,3
2026-04-15 02:44:31,"0315 - Laredo, TX",Unlead,Laredo,TX,19.970500000001266,0,0.0,1
2026-04-15 02:44:31,"0319 - Milford, TX",Diesel,Milford,TX,0.0,0,0.0,3
2026-04-15 02:44:31,"0319 - Milford, TX",Unlead,Milford,TX,13.990999999999985,0,0.0,1
2026-04-15 02:44:31,"0323 - Canton, TX",Diesel,Canton,TX,111.19300000000112,0,0.0,3
2026-04-15 02:44:31,"0323 - Canton, TX",Unlead,Canton,TX,15.081000000000131,0,0.0,1
2026-04-15 02:59:32,"0118 - Springfield, IL",Diesel,Springfield,IL,0.0,0,0.0,3
2026-04-15 02:59:32,"0118 - Springfield, IL",Unlead,Springfield,IL,5.0,0,0.0,1
2026-04-15 02:59:32,"0132 - Champaign, IL",Diesel,Champaign,IL,0.0,0,0.0,3
2026-04-15 02:59:32,"0132 - Champaign, IL",Unlead,Champaign,IL,0.0,0,0.0,1
2026-04-15 02:59:32,"0136 - Cottage Grove, WI",Diesel,Cottage Grove,WI,0.0,0,0.0,2
2026-04-15 02:59:32,"0136 - Cottage Grove, WI",Unlead,Cottage Grove,WI,0.0,0,0.0,1
2026-04-15 02:59:32,"0139 - Tuscola, IL",Diesel,Tuscola,IL,0.0,0,0.0,1
2026-04-15 02:59:32,"0139 - Tuscola, IL",Unlead,Tuscola,IL,0.0,0,0.0,2
2026-04-15 02:59:32,"0140 - Mendota, IL",Diesel,Mendota,IL,0.0,0,0.0,2
2026-04-15 02:59:32,"0140 - Mendota, IL",Unlead,Mendota,IL,0.0,0,0.0,2
2026-04-15 02:59:32,"0141 - Brazil, IN",Diesel,Brazil,IN,0.0,0,0.0,4
2026-04-15 02:59:32,"0141 - Brazil, IN",Unlead,Brazil,IN,0.0,0,0.0,1
2026-04-15 02:59:32,"0144 - Elk Run Height, IA",Diesel,Elk Run Height,IA,129.0,0,0.0,4
2026-04-15 02:59:32,"0144 - Elk Run Height, IA",Unlead,Elk Run Height,IA,0.0,0,0.0,2
2026-04-15 02:59:32,"0145 - Fenton, MO",Diesel,Fenton,MO,0.0,0,0.0,2
2026-04-15 02:59:32,"0145 - Fenton, MO",Unlead,Fenton,MO,0.0,0,0.0,1
2026-04-15 02:59:32,"0157 - Okawville, IL",Diesel,Okawville,IL,0.0,0,0.0,3
2026-04-15 02:59:32,"0157 - Okawville, IL",Unlead,Okawville,IL,0.0,0,0.0,1
2026-04-15 02:59:32,"0181 - Springfield, IL",Diesel,Springfield,IL,0.0,0,0.0,3
2026-04-15 02:59:32,"0181 - Springfield, IL",Unlead,Springfield,IL,0.0,1,5101.857499999999,1
2026-04-15 02:59:32,"0185 - McLean, IL",Diesel,McLean,IL,0.0,0,0.0,4
2026-04-15 02:59:32,"0185 - McLean, IL",Unlead,McLean,IL,0.0,0,0.0,1
2026-04-15 02:59:32,"0186 - Minonk, IL",Diesel,Minonk,IL,0.0,0,0.0,3
2026-04-15 02:59:32,"0186 - Minonk, IL",Unlead,Minonk,IL,0.0,0,0.0,1
2026-04-15 02:59:32,"0187 - Chicago, IL",Diesel,Chicago,IL,0.0,0,0.0,3
2026-04-15 02:59:32,"0187 - Chicago, IL",Unlead,Chicago,IL,0.0,0,0.0,1
2026-04-15 02:59:32,"0203 - Rockford, IL",Diesel,Rockford,IL,0.0,0,0.0,1
2026-04-15 02:59:32,"0203 - Rockford, IL",Unlead,Rockford,IL,13.602000000000771,0,0.0,1
2026-04-15 02:59:32,"0205 - South Beloit, IL",Diesel,South Beloit,IL,0.0,0,0.0,3
2026-04-15 02:59:32,"0205 - South Beloit, IL",Unlead,South Beloit,IL,0.0,0,0.0,1
2026-04-15 02:59:32,"0206 - Winnebago, IL",Diesel,Winnebago,IL,0.0,0,0.0,1
2026-04-15 02:59:32,"0206 - Winnebago, IL",Unlead,Winnebago,IL,0.0,0,0.0,1
2026-04-15 02:59:32,"0209 - Oakdale, WI",Diesel,Oakdale,WI,0.0,0,0.0,3
2026-04-15 02:59:32,"0209 - Oakdale, WI",Unlead,Oakdale,WI,0.0,0,0.0,1
2026-04-15 02:59:32,"0210 - Rochelle, IL",Diesel,Rochelle,IL,21.0,0,0.0,3
2026-04-15 02:59:32,"0210 - Rochelle, IL",Unlead,Rochelle,IL,12.0,0,0.0,1
2026-04-15 02:59:32,"0211 - Loves Park, IL",Diesel,Loves Park,IL,75.0,0,0.0,1
2026-04-15 02:59:32,"0211 - Loves Park, IL",Unlead,Loves Park,IL,14.0,0,0.0,1
2026-04-15 02:59:32,"0225 - Princeton, IL",Diesel,Princeton,IL,0.0,0,0.0,4
2026-04-15 02:59:32,"0225 - Princeton, IL",Unlead,Princeton,IL,0.0,0,0.0,2
2026-04-15 02:59:32,"0226 - Greenwood, IN",Diesel,Greenwood,IN,0.0,0,0.0,2
2026-04-15 02:59:32,"0226 - Greenwood, IN",Unlead,Greenwood,IN,3.0,0,0.0,2
2026-04-15 02:59:32,"0235 - Hampshire, IL",Diesel,Hampshire,IL,0.0,0,0.0,2
2026-04-15 02:59:32,"0235 - Hampshire, IL",Unlead,Hampshire,IL,17.0,0,0.0,2
2026-04-15 02:59:32,"0236 - East Troy, WI",Diesel,East Troy,WI,0.0,0,0.0,2
2026-04-15 02:59:32,"0236 - East Troy, WI",Unlead,East Troy,WI,0.0,0,0.0,1
2026-04-15 02:59:32,"0240 - Lake Station, IN",Diesel,Lake Station,IN,0.0,0,0.0,5
2026-04-15 02:59:32,"0240 - Lake Station, IN",Unlead,Lake Station,IN,0.0,0,0.0,2
2026-04-15 02:59:32,"0242 - St Robert, MO",Diesel,St Robert,MO,0.0,0,0.0,4
2026-04-15 02:59:32,"0263 - Ottawa, IL",Diesel,Ottawa,IL,0.0,0,0.0,3
2026-04-15 02:59:32,"0263 - Ottawa, IL",Unlead,Ottawa,IL,24.0,0,0.0,1
2026-04-15 02:59:32,"0265 - Dixon, IL",Diesel,Dixon,IL,0.0,0,0.0,3
2026-04-15 02:59:32,"0265 - Dixon, IL",Unlead,Dixon,IL,0.0,0,0.0,1
2026-04-15 02:59:32,"0266 - New Berlin, IL",Diesel,New Berlin,IL,0.0,0,0.0,3
2026-04-15 02:59:32,"0266 - New Berlin, IL",Unlead,New Berlin,IL,0.0,0,0.0,1
2026-04-15 02:59:32,"0267 - Pharr, TX",Diesel,Pharr,TX,0.0,0,0.0,4
2026-04-15 02:59:32,"0267 - Pharr, TX",Unlead,Pharr,TX,0.0,0,0.0,1
2026-04-15 02:59:32,"0268 - Grayville, IL",Diesel,Grayville,IL,0.0,0,0.0,3
2026-04-15 02:59:32,"0268 - Grayville, IL",Unlead,Grayville,IL,9.0,0,0.0,1
2026-04-15 02:59:32,"0269 - Marshall, IL",Diesel,Marshall,IL,5.0,0,0.0,3
2026-04-15 02:59:32,"0269 - Marshall, IL",Unlead,Marshall,IL,0.0,0,0.0,1
2026-04-15 02:59:32,"0270 - Moore, TX",Diesel,Moore,TX,127.0,0,0.0,3
2026-04-15 02:59:32,"0270 - Moore, TX",Unlead,Moore,TX,0.0,0,0.0,1
2026-04-15 02:59:32,"0271 - Odessa, TX",Diesel,Odessa,TX,245.10940000000028,0,0.0,3
2026-04-15 02:59:32,"0271 - Odessa, TX",Unlead,Odessa,TX,0.0,0,0.0,1
2026-04-15 02:59:32,"0272 - Encinal, TX",Diesel,Encinal,TX,0.0,0,0.0,3
2026-04-15 02:59:32,"0272 - Encinal, TX",Unlead,Encinal,TX,0.0,0,0.0,1
2026-04-15 02:59:32,"0273 - Combes, TX",Diesel,Combes,TX,80.04099999999926,0,0.0,3
2026-04-15 02:59:32,"0273 - Combes, TX",Unlead,Combes,TX,8.273000000001048,0,0.0,1
2026-04-15 02:59:32,"0275 - Sonora, TX",Diesel,Sonora,TX,0.0,0,0.0,3
2026-04-15 02:59:32,"0275 - Sonora, TX",Unlead,Sonora,TX,0.0,0,0.0,1
2026-04-15 02:59:32,"0276 - Waco, TX",Diesel,Waco,TX,200.1191000000017,0,0.0,3
2026-04-15 02:59:32,"0276 - Waco, TX",Unlead,Waco,TX,0.0,0,0.0,1
2026-04-15 02:59:32,"0277 - New Boston, TX",Diesel,New Boston,TX,0.0,0,0.0,3
2026-04-15 02:59:32,"0277 - New Boston, TX",Unlead,New Boston,TX,0.0,0,0.0,1
2026-04-15 02:59:32,"0278 - Brinkley, AR",Diesel,Brinkley,AR,74.02700000000004,0,0.0,3
2026-04-15 02:59:32,"0278 - Brinkley, AR",Unlead,Brinkley,AR,0.0,0,0.0,1
2026-04-15 02:59:32,"0279 - Marion, IL",Diesel,Marion,IL,6.408999999999651,0,0.0,3
2026-04-15 02:59:32,"0279 - Marion, IL",Unlead,Marion,IL,16.86199999999917,0,0.0,1
2026-04-15 02:59:32,"0280 - Monahans, TX",Diesel,Monahans,TX,140.54439999999977,0,0.0,3
2026-04-15 02:59:32,"0280 - Monahans, TX",Unlead,Monahans,TX,0.0,0,0.0,1
2026-04-15 02:59:32,"0281 - Cisco, TX",Diesel,Cisco,TX,0.0,0,0.0,3
2026-04-15 02:59:32,"0281 - Cisco, TX",Unlead,Cisco,TX,0.0,0,0.0,1
2026-04-15 02:59:32,"0282 - Gainesville, TX",Diesel,Gainesville,TX,0.0,0,0.0,3
2026-04-15 02:59:32,"0282 - Gainesville, TX",Unlead,Gainesville,TX,0.0,0,0.0,1
2026-04-15 02:59:32,"0283 - Sealy, TX",Diesel,Sealy,TX,0.0,0,0.0,3
2026-04-15 02:59:32,"0283 - Sealy, TX",Unlead,Sealy,TX,0.0,0,0.0,1
2026-04-15 02:59:32,"0284 - New Deal, TX",Diesel,New Deal,TX,0.0,0,0.0,3
2026-04-15 02:59:32,"0284 - New Deal, TX",Unlead,New Deal,TX,0.0,0,0.0,1
2026-04-15 02:59:32,"0285 - Seguin, TX",Diesel,Seguin,TX,187.23349999999937,0,0.0,3
2026-04-15 02:59:32,"0285 - Seguin, TX",Unlead,Seguin,TX,0.0,0,0.0,1
2026-04-15 02:59:32,"0286 - Amarillo, TX",Diesel,Amarillo,TX,0.0,0,0.0,3
2026-04-15 02:59:32,"0286 - Amarillo, TX",Unlead,Amarillo,TX,0.0,0,0.0,1
2026-04-15 02:59:32,"0287 - Burbonnais, IL",Diesel,Burbonnais,IL,0.0,0,0.0,3
2026-04-15 02:59:32,"0287 - Burbonnais, IL",Unlead,Burbonnais,IL,0.0,0,0.0,1
2026-04-15 02:59:32,"0289 - Teague, TX",Diesel,Teague,TX,0.0,0,0.0,3
2026-04-15 02:59:32,"0289 - Teague, TX",Unlead,Teague,TX,0.0,0,0.0,1
2026-04-15 02:59:32,"0290 - Joplin, MO",Diesel,Joplin,MO,0.0,0,0.0,3
2026-04-15 02:59:32,"0290 - Joplin, MO",Unlead,Joplin,MO,0.0,0,0.0,1
2026-04-15 02:59:32,"0312 - Vidor, TX",Diesel,Vidor,TX,27.456599999998616,0,0.0,3
2026-04-15 02:59:32,"0312 - Vidor, TX",Unlead,Vidor,TX,0.0,0,0.0,1
2026-04-15 02:59:32,"0315 - Laredo, TX",Diesel,Laredo,TX,0.0,0,0.0,3
2026-04-15 02:59:32,"0315 - Laredo, TX",Unlead,Laredo,TX,0.0,0,0.0,1
2026-04-15 02:59:32,"0319 - Milford, TX",Diesel,Milford,TX,0.0,0,0.0,3
2026-04-15 02:59:32,"0319 - Milford, TX",Unlead,Milford,TX,0.0,0,0.0,1
2026-04-15 02:59:32,"0323 - Canton, TX",Diesel,Canton,TX,0.0,0,0.0,3
2026-04-15 02:59:32,"0323 - Canton, TX",Unlead,Canton,TX,0.0,0,0.0,1
2026-04-15 03:14:41,"0118 - Springfield, IL",Diesel,Springfield,IL,0.0,0,0.0,3
2026-04-15 03:14:41,"0118 - Springfield, IL",Unlead,Springfield,IL,0.0,0,0.0,1
2026-04-15 03:14:41,"0132 - Champaign, IL",Diesel,Champaign,IL,100.54689999999982,0,0.0,3
2026-04-15 03:14:41,"0132 - Champaign, IL",Unlead,Champaign,IL,11.344999999999345,0,0.0,1
2026-04-15 03:14:41,"0136 - Cottage Grove, WI",Diesel,Cottage Grove,WI,0.0,0,0.0,2
2026-04-15 03:14:41,"0136 - Cottage Grove, WI",Unlead,Cottage Grove,WI,0.0,0,0.0,1
2026-04-15 03:14:41,"0139 - Tuscola, IL",Diesel,Tuscola,IL,0.0,0,0.0,1
2026-04-15 03:14:41,"0139 - Tuscola, IL",Unlead,Tuscola,IL,0.0,0,0.0,2
2026-04-15 03:14:41,"0140 - Mendota, IL",Diesel,Mendota,IL,0.0,0,0.0,2
2026-04-15 03:14:41,"0140 - Mendota, IL",Unlead,Mendota,IL,0.0,0,0.0,2
2026-04-15 03:14:41,"0141 - Brazil, IN",Diesel,Brazil,IN,0.0,0,0.0,4
2026-04-15 03:14:41,"0141 - Brazil, IN",Unlead,Brazil,IN,13.0,0,0.0,1
2026-04-15 03:14:41,"0144 - Elk Run Height, IA",Diesel,Elk Run Height,IA,16.0,0,0.0,4
2026-04-15 03:14:41,"0144 - Elk Run Height, IA",Unlead,Elk Run Height,IA,0.0,0,0.0,2
2026-04-15 03:14:41,"0145 - Fenton, MO",Diesel,Fenton,MO,0.0,0,0.0,2
2026-04-15 03:14:41,"0145 - Fenton, MO",Unlead,Fenton,MO,0.0,0,0.0,1
2026-04-15 03:14:41,"0157 - Okawville, IL",Diesel,Okawville,IL,0.0,0,0.0,3
2026-04-15 03:14:41,"0157 - Okawville, IL",Unlead,Okawville,IL,0.0,0,0.0,1
2026-04-15 03:14:41,"0181 - Springfield, IL",Diesel,Springfield,IL,0.0,0,0.0,3
2026-04-15 03:14:41,"0181 - Springfield, IL",Unlead,Springfield,IL,0.0,1,2329.924000000001,1
2026-04-15 03:14:41,"0185 - McLean, IL",Diesel,McLean,IL,38.629000000000815,0,0.0,4
2026-04-15 03:14:41,"0185 - McLean, IL",Unlead,McLean,IL,14.106999999999971,0,0.0,1
2026-04-15 03:14:41,"0186 - Minonk, IL",Diesel,Minonk,IL,0.0,0,0.0,3
2026-04-15 03:14:41,"0186 - Minonk, IL",Unlead,Minonk,IL,0.0,0,0.0,1
2026-04-15 03:14:41,"0187 - Chicago, IL",Diesel,Chicago,IL,54.0,0,0.0,3
2026-04-15 03:14:41,"0187 - Chicago, IL",Unlead,Chicago,IL,0.0,0,0.0,1
2026-04-15 03:14:41,"0203 - Rockford, IL",Diesel,Rockford,IL,0.0,0,0.0,1
2026-04-15 03:14:41,"0203 - Rockford, IL",Unlead,Rockford,IL,0.0,0,0.0,1
2026-04-15 03:14:41,"0205 - South Beloit, IL",Diesel,South Beloit,IL,0.0,0,0.0,3
2026-04-15 03:14:41,"0205 - South Beloit, IL",Unlead,South Beloit,IL,7.0,0,0.0,1
2026-04-15 03:14:41,"0206 - Winnebago, IL",Diesel,Winnebago,IL,0.0,0,0.0,1
2026-04-15 03:14:41,"0206 - Winnebago, IL",Unlead,Winnebago,IL,0.0,0,0.0,1
2026-04-15 03:14:41,"0209 - Oakdale, WI",Diesel,Oakdale,WI,82.0,0,0.0,3
2026-04-15 03:14:41,"0209 - Oakdale, WI",Unlead,Oakdale,WI,0.0,0,0.0,1
2026-04-15 03:14:41,"0210 - Rochelle, IL",Diesel,Rochelle,IL,75.0,0,0.0,3
2026-04-15 03:14:41,"0210 - Rochelle, IL",Unlead,Rochelle,IL,0.0,0,0.0,1
2026-04-15 03:14:41,"0211 - Loves Park, IL",Diesel,Loves Park,IL,24.0,0,0.0,1
2026-04-15 03:14:41,"0211 - Loves Park, IL",Unlead,Loves Park,IL,0.0,0,0.0,1
2026-04-15 03:14:41,"0225 - Princeton, IL",Diesel,Princeton,IL,297.0,0,0.0,4
2026-04-15 03:14:41,"0225 - Princeton, IL",Unlead,Princeton,IL,0.0,0,0.0,2
2026-04-15 03:14:41,"0226 - Greenwood, IN",Diesel,Greenwood,IN,26.0,0,0.0,2
2026-04-15 03:14:41,"0226 - Greenwood, IN",Unlead,Greenwood,IN,2.0,0,0.0,2
2026-04-15 03:14:41,"0235 - Hampshire, IL",Diesel,Hampshire,IL,0.0,0,0.0,2
2026-04-15 03:14:41,"0235 - Hampshire, IL",Unlead,Hampshire,IL,0.0,0,0.0,2
2026-04-15 03:14:41,"0236 - East Troy, WI",Diesel,East Troy,WI,0.0,0,0.0,2
2026-04-15 03:14:41,"0236 - East Troy, WI",Unlead,East Troy,WI,0.0,0,0.0,1
2026-04-15 03:14:41,"0240 - Lake Station, IN",Diesel,Lake Station,IN,65.0,0,0.0,5
2026-04-15 03:14:41,"0240 - Lake Station, IN",Unlead,Lake Station,IN,8.0,0,0.0,2
2026-04-15 03:14:41,"0242 - St Robert, MO",Diesel,St Robert,MO,0.0,0,0.0,4
2026-04-15 03:14:41,"0263 - Ottawa, IL",Diesel,Ottawa,IL,0.0,0,0.0,3
2026-04-15 03:14:41,"0263 - Ottawa, IL",Unlead,Ottawa,IL,0.0,0,0.0,1
2026-04-15 03:14:41,"0265 - Dixon, IL",Diesel,Dixon,IL,0.0,0,0.0,3
2026-04-15 03:14:41,"0265 - Dixon, IL",Unlead,Dixon,IL,0.0,0,0.0,1
2026-04-15 03:14:41,"0266 - New Berlin, IL",Diesel,New Berlin,IL,0.0,0,0.0,3
2026-04-15 03:14:41,"0266 - New Berlin, IL",Unlead,New Berlin,IL,0.0,0,0.0,1
2026-04-15 03:14:41,"0267 - Pharr, TX",Diesel,Pharr,TX,0.0,0,0.0,4
2026-04-15 03:14:41,"0267 - Pharr, TX",Unlead,Pharr,TX,0.0,0,0.0,1
2026-04-15 03:14:41,"0268 - Grayville, IL",Diesel,Grayville,IL,0.0,0,0.0,3
2026-04-15 03:14:41,"0268 - Grayville, IL",Unlead,Grayville,IL,6.0,0,0.0,1
2026-04-15 03:14:41,"0269 - Marshall, IL",Diesel,Marshall,IL,0.0,0,0.0,3
2026-04-15 03:14:41,"0269 - Marshall, IL",Unlead,Marshall,IL,12.0,0,0.0,1
2026-04-15 03:14:41,"0270 - Moore, TX",Diesel,Moore,TX,153.0,0,0.0,3
2026-04-15 03:14:41,"0270 - Moore, TX",Unlead,Moore,TX,0.0,0,0.0,1
2026-04-15 03:14:41,"0271 - Odessa, TX",Diesel,Odessa,TX,166.17129999999906,0,0.0,3
2026-04-15 03:14:41,"0271 - Odessa, TX",Unlead,Odessa,TX,0.0,0,0.0,1
2026-04-15 03:14:41,"0272 - Encinal, TX",Diesel,Encinal,TX,0.0,0,0.0,3
2026-04-15 03:14:41,"0272 - Encinal, TX",Unlead,Encinal,TX,0.0,0,0.0,1
2026-04-15 03:14:41,"0273 - Combes, TX",Diesel,Combes,TX,0.0,0,0.0,3
2026-04-15 03:14:41,"0273 - Combes, TX",Unlead,Combes,TX,0.0,0,0.0,1
2026-04-15 03:14:41,"0275 - Sonora, TX",Diesel,Sonora,TX,0.0,0,0.0,3
2026-04-15 03:14:41,"0275 - Sonora, TX",Unlead,Sonora,TX,0.0,0,0.0,1
2026-04-15 03:14:41,"0276 - Waco, TX",Diesel,Waco,TX,189.5033000000003,0,0.0,3
2026-04-15 03:14:41,"0276 - Waco, TX",Unlead,Waco,TX,3.838999999999942,0,0.0,1
2026-04-15 03:14:41,"0277 - New Boston, TX",Diesel,New Boston,TX,64.3130000000001,0,0.0,3
2026-04-15 03:14:41,"0277 - New Boston, TX",Unlead,New Boston,TX,0.0,0,0.0,1
2026-04-15 03:14:41,"0278 - Brinkley, AR",Diesel,Brinkley,AR,0.0,0,0.0,3
2026-04-15 03:14:41,"0278 - Brinkley, AR",Unlead,Brinkley,AR,0.0,0,0.0,1
2026-04-15 03:14:41,"0279 - Marion, IL",Diesel,Marion,IL,0.0,0,0.0,3
2026-04-15 03:14:41,"0279 - Marion, IL",Unlead,Marion,IL,21.012000000000626,0,0.0,1
2026-04-15 03:14:41,"0280 - Monahans, TX",Diesel,Monahans,TX,0.0,0,0.0,3
2026-04-15 03:14:41,"0280 - Monahans, TX",Unlead,Monahans,TX,6.1299999999992,0,0.0,1
2026-04-15 03:14:41,"0281 - Cisco, TX",Diesel,Cisco,TX,0.0,0,0.0,3
2026-04-15 03:14:41,"0281 - Cisco, TX",Unlead,Cisco,TX,0.0,0,0.0,1
2026-04-15 03:14:41,"0282 - Gainesville, TX",Diesel,Gainesville,TX,0.0,0,0.0,3
2026-04-15 03:14:41,"0282 - Gainesville, TX",Unlead,Gainesville,TX,3.4439999999995052,0,0.0,1
2026-04-15 03:14:41,"0283 - Sealy, TX",Diesel,Sealy,TX,175.2469999999994,0,0.0,3
2026-04-15 03:14:41,"0283 - Sealy, TX",Unlead,Sealy,TX,0.0,0,0.0,1
2026-04-15 03:14:41,"0284 - New Deal, TX",Diesel,New Deal,TX,0.0,0,0.0,3
2026-04-15 03:14:41,"0284 - New Deal, TX",Unlead,New Deal,TX,12.456999999998516,0,0.0,1
2026-04-15 03:14:41,"0285 - Seguin, TX",Diesel,Seguin,TX,46.9369999999999,2,6106.637000000001,3
2026-04-15 03:14:41,"0285 - Seguin, TX",Unlead,Seguin,TX,16.203300000000127,0,0.0,1
2026-04-15 03:14:41,"0286 - Amarillo, TX",Diesel,Amarillo,TX,0.0,0,0.0,3
2026-04-15 03:14:41,"0286 - Amarillo, TX",Unlead,Amarillo,TX,17.594999999999345,0,0.0,1
2026-04-15 03:14:41,"0287 - Burbonnais, IL",Diesel,Burbonnais,IL,0.0,0,0.0,3
2026-04-15 03:14:41,"0287 - Burbonnais, IL",Unlead,Burbonnais,IL,0.0,0,0.0,1
2026-04-15 03:14:41,"0289 - Teague, TX",Diesel,Teague,TX,0.0,0,0.0,3
2026-04-15 03:14:41,"0289 - Teague, TX",Unlead,Teague,TX,6.897999999999229,0,0.0,1
2026-04-15 03:14:41,"0290 - Joplin, MO",Diesel,Joplin,MO,0.0,0,0.0,3
2026-04-15 03:14:41,"0290 - Joplin, MO",Unlead,Joplin,MO,0.0,0,0.0,1
2026-04-15 03:14:41,"0312 - Vidor, TX",Diesel,Vidor,TX,176.4405999999999,0,0.0,3
2026-04-15 03:14:41,"0312 - Vidor, TX",Unlead,Vidor,TX,42.056000000000495,0,0.0,1
2026-04-15 03:14:41,"0315 - Laredo, TX",Diesel,Laredo,TX,0.0,0,0.0,3
2026-04-15 03:14:41,"0315 - Laredo, TX",Unlead,Laredo,TX,0.0,0,0.0,1
2026-04-15 03:14:41,"0319 - Milford, TX",Diesel,Milford,TX,0.0,0,0.0,3
2026-04-15 03:14:41,"0319 - Milford, TX",Unlead,Milford,TX,18.73199999999997,0,0.0,1
2026-04-15 03:14:41,"0323 - Canton, TX",Diesel,Canton,TX,0.0,0,0.0,3
2026-04-15 03:14:41,"0323 - Canton, TX",Unlead,Canton,TX,17.59399999999914,0,0.0,1
2026-04-15 03:29:42,"0118 - Springfield, IL",Diesel,Springfield,IL,0.0,0,0.0,3
2026-04-15 03:29:42,"0118 - Springfield, IL",Unlead,Springfield,IL,6.0,0,0.0,1
2026-04-15 03:29:42,"0132 - Champaign, IL",Diesel,Champaign,IL,0.0,0,0.0,3
2026-04-15 03:29:42,"0132 - Champaign, IL",Unlead,Champaign,IL,4.656000000000859,0,0.0,1
2026-04-15 03:29:42,"0136 - Cottage Grove, WI",Diesel,Cottage Grove,WI,0.0,0,0.0,2
2026-04-15 03:29:42,"0136 - Cottage Grove, WI",Unlead,Cottage Grove,WI,0.0,0,0.0,1
2026-04-15 03:29:42,"0139 - Tuscola, IL",Diesel,Tuscola,IL,0.0,0,0.0,1
2026-04-15 03:29:42,"0139 - Tuscola, IL",Unlead,Tuscola,IL,0.0,0,0.0,2
2026-04-15 03:29:42,"0140 - Mendota, IL",Diesel,Mendota,IL,0.0,0,0.0,2
2026-04-15 03:29:42,"0140 - Mendota, IL",Unlead,Mendota,IL,0.0,0,0.0,2
2026-04-15 03:29:42,"0141 - Brazil, IN",Diesel,Brazil,IN,0.0,0,0.0,4
2026-04-15 03:29:42,"0141 - Brazil, IN",Unlead,Brazil,IN,3.0,0,0.0,1
2026-04-15 03:29:42,"0144 - Elk Run Height, IA",Diesel,Elk Run Height,IA,116.0,0,0.0,4
2026-04-15 03:29:42,"0144 - Elk Run Height, IA",Unlead,Elk Run Height,IA,0.0,0,0.0,2
2026-04-15 03:29:42,"0145 - Fenton, MO",Diesel,Fenton,MO,0.0,0,0.0,2
2026-04-15 03:29:42,"0145 - Fenton, MO",Unlead,Fenton,MO,0.0,0,0.0,1
2026-04-15 03:29:42,"0157 - Okawville, IL",Diesel,Okawville,IL,0.0,0,0.0,3
2026-04-15 03:29:42,"0157 - Okawville, IL",Unlead,Okawville,IL,0.0,0,0.0,1
2026-04-15 03:29:42,"0181 - Springfield, IL",Diesel,Springfield,IL,53.88300000000163,0,0.0,3
2026-04-15 03:29:42,"0181 - Springfield, IL",Unlead,Springfield,IL,0.0,0,0.0,1
2026-04-15 03:29:42,"0185 - McLean, IL",Diesel,McLean,IL,34.50300000000061,0,0.0,4
2026-04-15 03:29:42,"0185 - McLean, IL",Unlead,McLean,IL,0.0,0,0.0,1
2026-04-15 03:29:42,"0186 - Minonk, IL",Diesel,Minonk,IL,0.0,0,0.0,3
2026-04-15 03:29:42,"0186 - Minonk, IL",Unlead,Minonk,IL,0.0,0,0.0,1
2026-04-15 03:29:42,"0187 - Chicago, IL",Diesel,Chicago,IL,0.0,0,0.0,3
2026-04-15 03:29:42,"0187 - Chicago, IL",Unlead,Chicago,IL,0.0,0,0.0,1
2026-04-15 03:29:42,"0203 - Rockford, IL",Diesel,Rockford,IL,0.0,0,0.0,1
2026-04-15 03:29:42,"0203 - Rockford, IL",Unlead,Rockford,IL,18.629499999999098,0,0.0,1
2026-04-15 03:29:42,"0205 - South Beloit, IL",Diesel,South Beloit,IL,0.0,0,0.0,3
2026-04-15 03:29:42,"0205 - South Beloit, IL",Unlead,South Beloit,IL,0.0,0,0.0,1
2026-04-15 03:29:42,"0206 - Winnebago, IL",Diesel,Winnebago,IL,0.0,0,0.0,1
2026-04-15 03:29:42,"0206 - Winnebago, IL",Unlead,Winnebago,IL,0.0,0,0.0,1
2026-04-15 03:29:42,"0209 - Oakdale, WI",Diesel,Oakdale,WI,0.0,0,0.0,3
2026-04-15 03:29:42,"0209 - Oakdale, WI",Unlead,Oakdale,WI,0.0,0,0.0,1
2026-04-15 03:29:42,"0210 - Rochelle, IL",Diesel,Rochelle,IL,0.0,0,0.0,3
2026-04-15 03:29:42,"0210 - Rochelle, IL",Unlead,Rochelle,IL,0.0,0,0.0,1
2026-04-15 03:29:42,"0211 - Loves Park, IL",Diesel,Loves Park,IL,0.0,0,0.0,1
2026-04-15 03:29:42,"0211 - Loves Park, IL",Unlead,Loves Park,IL,2.0,0,0.0,1
2026-04-15 03:29:42,"0225 - Princeton, IL",Diesel,Princeton,IL,66.0,0,0.0,4
2026-04-15 03:29:42,"0225 - Princeton, IL",Unlead,Princeton,IL,0.0,0,0.0,2
2026-04-15 03:29:42,"0226 - Greenwood, IN",Diesel,Greenwood,IN,0.0,0,0.0,2
2026-04-15 03:29:42,"0226 - Greenwood, IN",Unlead,Greenwood,IN,8.0,0,0.0,2
2026-04-15 03:29:42,"0235 - Hampshire, IL",Diesel,Hampshire,IL,0.0,0,0.0,2
2026-04-15 03:29:42,"0235 - Hampshire, IL",Unlead,Hampshire,IL,4.0,0,0.0,2
2026-04-15 03:29:42,"0236 - East Troy, WI",Diesel,East Troy,WI,0.0,0,0.0,2
2026-04-15 03:29:42,"0236 - East Troy, WI",Unlead,East Troy,WI,0.0,0,0.0,1
2026-04-15 03:29:42,"0240 - Lake Station, IN",Diesel,Lake Station,IN,0.0,0,0.0,5
2026-04-15 03:29:42,"0240 - Lake Station, IN",Unlead,Lake Station,IN,10.0,0,0.0,2
2026-04-15 03:29:42,"0242 - St Robert, MO",Diesel,St Robert,MO,0.0,0,0.0,4
2026-04-15 03:29:42,"0263 - Ottawa, IL",Diesel,Ottawa,IL,190.0,0,0.0,3
2026-04-15 03:29:42,"0263 - Ottawa, IL",Unlead,Ottawa,IL,9.0,0,0.0,1
2026-04-15 03:29:42,"0265 - Dixon, IL",Diesel,Dixon,IL,0.0,0,0.0,3
2026-04-15 03:29:42,"0265 - Dixon, IL",Unlead,Dixon,IL,7.2202000000002045,0,0.0,1
2026-04-15 03:29:42,"0266 - New Berlin, IL",Diesel,New Berlin,IL,0.0,0,0.0,3
2026-04-15 03:29:42,"0266 - New Berlin, IL",Unlead,New Berlin,IL,0.0,0,0.0,1
2026-04-15 03:29:42,"0267 - Pharr, TX",Diesel,Pharr,TX,0.0,0,0.0,4
2026-04-15 03:29:42,"0267 - Pharr, TX",Unlead,Pharr,TX,0.0,0,0.0,1
2026-04-15 03:29:42,"0268 - Grayville, IL",Diesel,Grayville,IL,0.0,0,0.0,3
2026-04-15 03:29:42,"0268 - Grayville, IL",Unlead,Grayville,IL,0.0,0,0.0,1
2026-04-15 03:29:42,"0269 - Marshall, IL",Diesel,Marshall,IL,0.0,0,0.0,3
2026-04-15 03:29:42,"0269 - Marshall, IL",Unlead,Marshall,IL,0.0,0,0.0,1
2026-04-15 03:29:42,"0270 - Moore, TX",Diesel,Moore,TX,110.0,0,0.0,3
2026-04-15 03:29:42,"0270 - Moore, TX",Unlead,Moore,TX,3.0,0,0.0,1
2026-04-15 03:29:42,"0271 - Odessa, TX",Diesel,Odessa,TX,0.0,0,0.0,3
2026-04-15 03:29:42,"0271 - Odessa, TX",Unlead,Odessa,TX,0.0,0,0.0,1
2026-04-15 03:29:42,"0272 - Encinal, TX",Diesel,Encinal,TX,0.0,0,0.0,3
2026-04-15 03:29:42,"0272 - Encinal, TX",Unlead,Encinal,TX,3.94800000000032,0,0.0,1
2026-04-15 03:29:42,"0273 - Combes, TX",Diesel,Combes,TX,0.0,0,0.0,3
2026-04-15 03:29:42,"0273 - Combes, TX",Unlead,Combes,TX,4.936999999999898,0,0.0,1
2026-04-15 03:29:42,"0275 - Sonora, TX",Diesel,Sonora,TX,165.24009999999998,0,0.0,3
2026-04-15 03:29:42,"0275 - Sonora, TX",Unlead,Sonora,TX,0.0,0,0.0,1
2026-04-15 03:29:42,"0276 - Waco, TX",Diesel,Waco,TX,238.10959999999795,0,0.0,3
2026-04-15 03:29:42,"0276 - Waco, TX",Unlead,Waco,TX,0.0,0,0.0,1
2026-04-15 03:29:42,"0277 - New Boston, TX",Diesel,New Boston,TX,0.0,0,0.0,3
2026-04-15 03:29:42,"0277 - New Boston, TX",Unlead,New Boston,TX,0.0,0,0.0,1
2026-04-15 03:29:42,"0278 - Brinkley, AR",Diesel,Brinkley,AR,151.3729999999996,0,0.0,3
2026-04-15 03:29:42,"0278 - Brinkley, AR",Unlead,Brinkley,AR,5.105999999999767,0,0.0,1
2026-04-15 03:29:42,"0279 - Marion, IL",Diesel,Marion,IL,0.0,0,0.0,3
2026-04-15 03:29:42,"0279 - Marion, IL",Unlead,Marion,IL,6.143000000000029,0,0.0,1
2026-04-15 03:29:42,"0280 - Monahans, TX",Diesel,Monahans,TX,0.0,0,0.0,3
2026-04-15 03:29:42,"0280 - Monahans, TX",Unlead,Monahans,TX,0.0,0,0.0,1
2026-04-15 03:29:42,"0281 - Cisco, TX",Diesel,Cisco,TX,0.0,0,0.0,3
2026-04-15 03:29:42,"0281 - Cisco, TX",Unlead,Cisco,TX,0.0,0,0.0,1
2026-04-15 03:29:42,"0282 - Gainesville, TX",Diesel,Gainesville,TX,0.0,0,0.0,3
2026-04-15 03:29:42,"0282 - Gainesville, TX",Unlead,Gainesville,TX,0.0,0,0.0,1
2026-04-15 03:29:42,"0283 - Sealy, TX",Diesel,Sealy,TX,291.35499999999956,0,0.0,3
2026-04-15 03:29:42,"0283 - Sealy, TX",Unlead,Sealy,TX,0.0,0,0.0,1
2026-04-15 03:29:42,"0284 - New Deal, TX",Diesel,New Deal,TX,0.0,0,0.0,3
2026-04-15 03:29:42,"0284 - New Deal, TX",Unlead,New Deal,TX,0.0,0,0.0,1
2026-04-15 03:29:42,"0285 - Seguin, TX",Diesel,Seguin,TX,10.284999999999854,2,1528.0244999999977,3
2026-04-15 03:29:42,"0285 - Seguin, TX",Unlead,Seguin,TX,0.0,0,0.0,1
2026-04-15 03:29:42,"0286 - Amarillo, TX",Diesel,Amarillo,TX,0.0,0,0.0,3
2026-04-15 03:29:42,"0286 - Amarillo, TX",Unlead,Amarillo,TX,0.0,0,0.0,1
2026-04-15 03:29:42,"0287 - Burbonnais, IL",Diesel,Burbonnais,IL,160.03099999999904,0,0.0,3
2026-04-15 03:29:42,"0287 - Burbonnais, IL",Unlead,Burbonnais,IL,15.739999999999782,0,0.0,1
2026-04-15 03:29:42,"0289 - Teague, TX",Diesel,Teague,TX,0.0,0,0.0,3
2026-04-15 03:29:42,"0289 - Teague, TX",Unlead,Teague,TX,0.0,0,0.0,1
2026-04-15 03:29:42,"0290 - Joplin, MO",Diesel,Joplin,MO,0.0,0,0.0,3
2026-04-15 03:29:42,"0290 - Joplin, MO",Unlead,Joplin,MO,0.0,0,0.0,1
2026-04-15 03:29:42,"0312 - Vidor, TX",Diesel,Vidor,TX,194.6280000000006,0,0.0,3
2026-04-15 03:29:42,"0312 - Vidor, TX",Unlead,Vidor,TX,37.04099999999926,0,0.0,1
2026-04-15 03:29:42,"0315 - Laredo, TX",Diesel,Laredo,TX,0.0,0,0.0,3
2026-04-15 03:29:42,"0315 - Laredo, TX",Unlead,Laredo,TX,0.0,0,0.0,1
2026-04-15 03:29:42,"0319 - Milford, TX",Diesel,Milford,TX,33.7340000000022,0,0.0,3
2026-04-15 03:29:42,"0319 - Milford, TX",Unlead,Milford,TX,13.201999999999316,0,0.0,1
2026-04-15 03:29:42,"0323 - Canton, TX",Diesel,Canton,TX,0.0,0,0.0,3
2026-04-15 03:29:42,"0323 - Canton, TX",Unlead,Canton,TX,8.050999999999476,0,0.0,1
2026-04-15 03:44:46,"0118 - Springfield, IL",Diesel,Springfield,IL,95.0,0,0.0,3
2026-04-15 03:44:46,"0118 - Springfield, IL",Unlead,Springfield,IL,0.0,0,0.0,1
2026-04-15 03:44:46,"0132 - Champaign, IL",Diesel,Champaign,IL,0.0,0,0.0,3
2026-04-15 03:44:46,"0132 - Champaign, IL",Unlead,Champaign,IL,0.0,0,0.0,1
2026-04-15 03:44:46,"0136 - Cottage Grove, WI",Diesel,Cottage Grove,WI,0.0,0,0.0,2
2026-04-15 03:44:46,"0136 - Cottage Grove, WI",Unlead,Cottage Grove,WI,0.0,0,0.0,1
2026-04-15 03:44:46,"0139 - Tuscola, IL",Diesel,Tuscola,IL,0.0,0,0.0,1
2026-04-15 03:44:46,"0139 - Tuscola, IL",Unlead,Tuscola,IL,0.0,0,0.0,2
2026-04-15 03:44:46,"0140 - Mendota, IL",Diesel,Mendota,IL,0.0,0,0.0,2
2026-04-15 03:44:46,"0140 - Mendota, IL",Unlead,Mendota,IL,0.0,0,0.0,2
2026-04-15 03:44:46,"0141 - Brazil, IN",Diesel,Brazil,IN,0.0,0,0.0,4
2026-04-15 03:44:46,"0141 - Brazil, IN",Unlead,Brazil,IN,0.0,0,0.0,1
2026-04-15 03:44:46,"0144 - Elk Run Height, IA",Diesel,Elk Run Height,IA,23.0,0,0.0,4
2026-04-15 03:44:46,"0144 - Elk Run Height, IA",Unlead,Elk Run Height,IA,0.0,0,0.0,2
2026-04-15 03:44:46,"0145 - Fenton, MO",Diesel,Fenton,MO,135.0,0,0.0,2
2026-04-15 03:44:46,"0145 - Fenton, MO",Unlead,Fenton,MO,0.0,0,0.0,1
2026-04-15 03:44:46,"0157 - Okawville, IL",Diesel,Okawville,IL,0.0,0,0.0,3
2026-04-15 03:44:46,"0157 - Okawville, IL",Unlead,Okawville,IL,0.0,0,0.0,1
2026-04-15 03:44:46,"0181 - Springfield, IL",Diesel,Springfield,IL,0.0,0,0.0,3
2026-04-15 03:44:46,"0181 - Springfield, IL",Unlead,Springfield,IL,0.0,0,0.0,1
2026-04-15 03:44:46,"0185 - McLean, IL",Diesel,McLean,IL,121.54999999999927,0,0.0,4
2026-04-15 03:44:46,"0185 - McLean, IL",Unlead,McLean,IL,0.0,0,0.0,1
2026-04-15 03:44:46,"0186 - Minonk, IL",Diesel,Minonk,IL,0.0,0,0.0,3
2026-04-15 03:44:46,"0186 - Minonk, IL",Unlead,Minonk,IL,0.0,0,0.0,1
2026-04-15 03:44:46,"0187 - Chicago, IL",Diesel,Chicago,IL,0.0,0,0.0,3
2026-04-15 03:44:46,"0187 - Chicago, IL",Unlead,Chicago,IL,0.0,0,0.0,1
2026-04-15 03:44:46,"0203 - Rockford, IL",Diesel,Rockford,IL,0.0,0,0.0,1
2026-04-15 03:44:46,"0203 - Rockford, IL",Unlead,Rockford,IL,11.212499999999636,0,0.0,1
2026-04-15 03:44:46,"0205 - South Beloit, IL",Diesel,South Beloit,IL,0.0,0,0.0,3
2026-04-15 03:44:46,"0205 - South Beloit, IL",Unlead,South Beloit,IL,10.0,0,0.0,1
2026-04-15 03:44:46,"0206 - Winnebago, IL",Diesel,Winnebago,IL,0.0,0,0.0,1
2026-04-15 03:44:46,"0206 - Winnebago, IL",Unlead,Winnebago,IL,0.0,0,0.0,1
2026-04-15 03:44:46,"0209 - Oakdale, WI",Diesel,Oakdale,WI,0.0,0,0.0,3
2026-04-15 03:44:46,"0209 - Oakdale, WI",Unlead,Oakdale,WI,0.0,0,0.0,1
2026-04-15 03:44:46,"0210 - Rochelle, IL",Diesel,Rochelle,IL,0.0,0,0.0,3
2026-04-15 03:44:46,"0210 - Rochelle, IL",Unlead,Rochelle,IL,0.0,0,0.0,1
2026-04-15 03:44:46,"0211 - Loves Park, IL",Diesel,Loves Park,IL,0.0,0,0.0,1
2026-04-15 03:44:46,"0211 - Loves Park, IL",Unlead,Loves Park,IL,38.0,0,0.0,1
2026-04-15 03:44:46,"0225 - Princeton, IL",Diesel,Princeton,IL,85.0,0,0.0,4
2026-04-15 03:44:46,"0225 - Princeton, IL",Unlead,Princeton,IL,0.0,0,0.0,2
2026-04-15 03:44:46,"0226 - Greenwood, IN",Diesel,Greenwood,IN,0.0,0,0.0,2
2026-04-15 03:44:46,"0226 - Greenwood, IN",Unlead,Greenwood,IN,21.0,0,0.0,2
2026-04-15 03:44:46,"0235 - Hampshire, IL",Diesel,Hampshire,IL,0.0,0,0.0,2
2026-04-15 03:44:46,"0235 - Hampshire, IL",Unlead,Hampshire,IL,0.0,0,0.0,2
2026-04-15 03:44:46,"0236 - East Troy, WI",Diesel,East Troy,WI,0.0,0,0.0,2
2026-04-15 03:44:46,"0236 - East Troy, WI",Unlead,East Troy,WI,0.0,0,0.0,1
2026-04-15 03:44:46,"0240 - Lake Station, IN",Diesel,Lake Station,IN,0.0,0,0.0,5
2026-04-15 03:44:46,"0240 - Lake Station, IN",Unlead,Lake Station,IN,2.0,0,0.0,2
2026-04-15 03:44:46,"0242 - St Robert, MO",Diesel,St Robert,MO,0.0,0,0.0,4
2026-04-15 03:44:46,"0263 - Ottawa, IL",Diesel,Ottawa,IL,0.0,0,0.0,3
2026-04-15 03:44:46,"0263 - Ottawa, IL",Unlead,Ottawa,IL,21.0,0,0.0,1
2026-04-15 03:44:46,"0265 - Dixon, IL",Diesel,Dixon,IL,0.0,0,0.0,3
2026-04-15 03:44:46,"0265 - Dixon, IL",Unlead,Dixon,IL,0.0,0,0.0,1
2026-04-15 03:44:46,"0266 - New Berlin, IL",Diesel,New Berlin,IL,0.0,0,0.0,3
2026-04-15 03:44:46,"0266 - New Berlin, IL",Unlead,New Berlin,IL,7.727000000000771,0,0.0,1
2026-04-15 03:44:46,"0267 - Pharr, TX",Diesel,Pharr,TX,0.0,0,0.0,4
2026-04-15 03:44:46,"0267 - Pharr, TX",Unlead,Pharr,TX,0.0,0,0.0,1
2026-04-15 03:44:46,"0268 - Grayville, IL",Diesel,Grayville,IL,0.0,0,0.0,3
2026-04-15 03:44:46,"0268 - Grayville, IL",Unlead,Grayville,IL,14.0,0,0.0,1
2026-04-15 03:44:46,"0269 - Marshall, IL",Diesel,Marshall,IL,81.0,0,0.0,3
2026-04-15 03:44:46,"0269 - Marshall, IL",Unlead,Marshall,IL,0.0,0,0.0,1
2026-04-15 03:44:46,"0270 - Moore, TX",Diesel,Moore,TX,149.0,0,0.0,3
2026-04-15 03:44:46,"0270 - Moore, TX",Unlead,Moore,TX,0.0,0,0.0,1
2026-04-15 03:44:46,"0271 - Odessa, TX",Diesel,Odessa,TX,0.0,0,0.0,3
2026-04-15 03:44:46,"0271 - Odessa, TX",Unlead,Odessa,TX,7.55199999999968,0,0.0,1
2026-04-15 03:44:46,"0272 - Encinal, TX",Diesel,Encinal,TX,0.0,0,0.0,3
2026-04-15 03:44:46,"0272 - Encinal, TX",Unlead,Encinal,TX,0.0,0,0.0,1
2026-04-15 03:44:46,"0273 - Combes, TX",Diesel,Combes,TX,12.293999999999869,0,0.0,3
2026-04-15 03:44:46,"0273 - Combes, TX",Unlead,Combes,TX,10.652000000000044,0,0.0,1
2026-04-15 03:44:46,"0275 - Sonora, TX",Diesel,Sonora,TX,0.0,0,0.0,3
2026-04-15 03:44:46,"0275 - Sonora, TX",Unlead,Sonora,TX,18.88799999999901,0,0.0,1
2026-04-15 03:44:46,"0276 - Waco, TX",Diesel,Waco,TX,86.73400000000038,2,1050.3266999999996,3
2026-04-15 03:44:46,"0276 - Waco, TX",Unlead,Waco,TX,0.0,0,0.0,1
2026-04-15 03:44:46,"0277 - New Boston, TX",Diesel,New Boston,TX,0.0,0,0.0,3
2026-04-15 03:44:46,"0277 - New Boston, TX",Unlead,New Boston,TX,0.0,0,0.0,1
2026-04-15 03:44:46,"0278 - Brinkley, AR",Diesel,Brinkley,AR,182.50900000000001,0,0.0,3
2026-04-15 03:44:46,"0278 - Brinkley, AR",Unlead,Brinkley,AR,0.0,0,0.0,1
2026-04-15 03:44:46,"0279 - Marion, IL",Diesel,Marion,IL,0.0,0,0.0,3
2026-04-15 03:44:46,"0279 - Marion, IL",Unlead,Marion,IL,7.878000000000611,0,0.0,1
2026-04-15 03:44:46,"0280 - Monahans, TX",Diesel,Monahans,TX,59.80739999999969,0,0.0,3
2026-04-15 03:44:46,"0280 - Monahans, TX",Unlead,Monahans,TX,0.0,0,0.0,1
2026-04-15 03:44:46,"0281 - Cisco, TX",Diesel,Cisco,TX,0.0,0,0.0,3
2026-04-15 03:44:46,"0281 - Cisco, TX",Unlead,Cisco,TX,0.0,0,0.0,1
2026-04-15 03:44:46,"0282 - Gainesville, TX",Diesel,Gainesville,TX,0.0,0,0.0,3
2026-04-15 03:44:46,"0282 - Gainesville, TX",Unlead,Gainesville,TX,0.0,0,0.0,1
2026-04-15 03:44:46,"0283 - Sealy, TX",Diesel,Sealy,TX,140.89300000000003,0,0.0,3
2026-04-15 03:44:46,"0283 - Sealy, TX",Unlead,Sealy,TX,0.0,0,0.0,1
2026-04-15 03:44:46,"0284 - New Deal, TX",Diesel,New Deal,TX,0.0,0,0.0,3
2026-04-15 03:44:46,"0284 - New Deal, TX",Unlead,New Deal,TX,13.725000000000364,0,0.0,1
2026-04-15 03:44:46,"0285 - Seguin, TX",Diesel,Seguin,TX,216.52199999999993,0,0.0,3
2026-04-15 03:44:46,"0285 - Seguin, TX",Unlead,Seguin,TX,0.0,0,0.0,1
2026-04-15 03:44:46,"0286 - Amarillo, TX",Diesel,Amarillo,TX,0.0,0,0.0,3
2026-04-15 03:44:46,"0286 - Amarillo, TX",Unlead,Amarillo,TX,0.0,0,0.0,1
2026-04-15 03:44:46,"0287 - Burbonnais, IL",Diesel,Burbonnais,IL,14.82300000000032,0,0.0,3
2026-04-15 03:44:46,"0287 - Burbonnais, IL",Unlead,Burbonnais,IL,0.0,0,0.0,1
2026-04-15 03:44:46,"0289 - Teague, TX",Diesel,Teague,TX,162.77100000000064,0,0.0,3
2026-04-15 03:44:46,"0289 - Teague, TX",Unlead,Teague,TX,15.093999999999141,0,0.0,1
2026-04-15 03:44:46,"0290 - Joplin, MO",Diesel,Joplin,MO,0.0,0,0.0,3
2026-04-15 03:44:46,"0290 - Joplin, MO",Unlead,Joplin,MO,14.853099999999358,0,0.0,1
2026-04-15 03:44:46,"0312 - Vidor, TX",Diesel,Vidor,TX,95.50990000000002,0,0.0,3
2026-04-15 03:44:46,"0312 - Vidor, TX",Unlead,Vidor,TX,0.0,0,0.0,1
2026-04-15 03:44:46,"0315 - Laredo, TX",Diesel,Laredo,TX,0.0,0,0.0,3
2026-04-15 03:44:46,"0315 - Laredo, TX",Unlead,Laredo,TX,0.0,0,0.0,1
2026-04-15 03:44:46,"0319 - Milford, TX",Diesel,Milford,TX,0.0,0,0.0,3
2026-04-15 03:44:46,"0319 - Milford, TX",Unlead,Milford,TX,15.334000000000742,0,0.0,1
2026-04-15 03:44:46,"0323 - Canton, TX",Diesel,Canton,TX,0.0,0,0.0,3
2026-04-15 03:44:46,"0323 - Canton, TX",Unlead,Canton,TX,0.0,0,0.0,1
2026-04-15 03:59:48,"0118 - Springfield, IL",Diesel,Springfield,IL,0.0,0,0.0,3
2026-04-15 03:59:48,"0118 - Springfield, IL",Unlead,Springfield,IL,0.0,0,0.0,1
2026-04-15 03:59:48,"0132 - Champaign, IL",Diesel,Champaign,IL,157.1890000000003,0,0.0,3
2026-04-15 03:59:48,"0132 - Champaign, IL",Unlead,Champaign,IL,9.079499999999825,0,0.0,1
2026-04-15 03:59:48,"0136 - Cottage Grove, WI",Diesel,Cottage Grove,WI,0.0,0,0.0,2
2026-04-15 03:59:48,"0136 - Cottage Grove, WI",Unlead,Cottage Grove,WI,0.0,0,0.0,1
2026-04-15 03:59:48,"0139 - Tuscola, IL",Diesel,Tuscola,IL,0.0,0,0.0,1
2026-04-15 03:59:48,"0139 - Tuscola, IL",Unlead,Tuscola,IL,0.0,0,0.0,2
2026-04-15 03:59:48,"0140 - Mendota, IL",Diesel,Mendota,IL,0.0,0,0.0,2
2026-04-15 03:59:48,"0140 - Mendota, IL",Unlead,Mendota,IL,0.0,0,0.0,2
2026-04-15 03:59:48,"0141 - Brazil, IN",Diesel,Brazil,IN,0.0,0,0.0,4
2026-04-15 03:59:48,"0141 - Brazil, IN",Unlead,Brazil,IN,9.0,0,0.0,1
2026-04-15 03:59:48,"0144 - Elk Run Height, IA",Diesel,Elk Run Height,IA,0.0,0,0.0,4
2026-04-15 03:59:48,"0144 - Elk Run Height, IA",Unlead,Elk Run Height,IA,0.0,0,0.0,2
2026-04-15 03:59:48,"0145 - Fenton, MO",Diesel,Fenton,MO,0.0,0,0.0,2
2026-04-15 03:59:48,"0145 - Fenton, MO",Unlead,Fenton,MO,0.0,0,0.0,1
2026-04-15 03:59:48,"0157 - Okawville, IL",Diesel,Okawville,IL,0.0,0,0.0,3
2026-04-15 03:59:48,"0157 - Okawville, IL",Unlead,Okawville,IL,13.379000000000815,0,0.0,1
2026-04-15 03:59:48,"0181 - Springfield, IL",Diesel,Springfield,IL,158.0599999999995,0,0.0,3
2026-04-15 03:59:48,"0181 - Springfield, IL",Unlead,Springfield,IL,15.718000000000757,0,0.0,1
2026-04-15 03:59:48,"0185 - McLean, IL",Diesel,McLean,IL,0.0,0,0.0,4
2026-04-15 03:59:48,"0185 - McLean, IL",Unlead,McLean,IL,0.0,0,0.0,1
2026-04-15 03:59:48,"0186 - Minonk, IL",Diesel,Minonk,IL,0.0,0,0.0,3
2026-04-15 03:59:48,"0186 - Minonk, IL",Unlead,Minonk,IL,16.42330000000038,0,0.0,1
2026-04-15 03:59:48,"0187 - Chicago, IL",Diesel,Chicago,IL,0.0,0,0.0,3
2026-04-15 03:59:48,"0187 - Chicago, IL",Unlead,Chicago,IL,0.0,0,0.0,1
2026-04-15 03:59:48,"0203 - Rockford, IL",Diesel,Rockford,IL,0.0,0,0.0,1
2026-04-15 03:59:48,"0203 - Rockford, IL",Unlead,Rockford,IL,9.248999999999796,0,0.0,1
2026-04-15 03:59:48,"0205 - South Beloit, IL",Diesel,South Beloit,IL,0.0,0,0.0,3
2026-04-15 03:59:48,"0205 - South Beloit, IL",Unlead,South Beloit,IL,27.0,0,0.0,1
2026-04-15 03:59:48,"0206 - Winnebago, IL",Diesel,Winnebago,IL,0.0,0,0.0,1
2026-04-15 03:59:48,"0206 - Winnebago, IL",Unlead,Winnebago,IL,0.0,0,0.0,1
2026-04-15 03:59:48,"0209 - Oakdale, WI",Diesel,Oakdale,WI,67.0,0,0.0,3
2026-04-15 03:59:48,"0209 - Oakdale, WI",Unlead,Oakdale,WI,0.0,0,0.0,1
2026-04-15 03:59:48,"0210 - Rochelle, IL",Diesel,Rochelle,IL,0.0,0,0.0,3
2026-04-15 03:59:48,"0210 - Rochelle, IL",Unlead,Rochelle,IL,13.0,0,0.0,1
2026-04-15 03:59:48,"0211 - Loves Park, IL",Diesel,Loves Park,IL,0.0,0,0.0,1
2026-04-15 03:59:48,"0211 - Loves Park, IL",Unlead,Loves Park,IL,23.0,0,0.0,1
2026-04-15 03:59:48,"0225 - Princeton, IL",Diesel,Princeton,IL,13.0,0,0.0,4
2026-04-15 03:59:48,"0225 - Princeton, IL",Unlead,Princeton,IL,0.0,0,0.0,2
2026-04-15 03:59:48,"0226 - Greenwood, IN",Diesel,Greenwood,IN,30.0,0,0.0,2
2026-04-15 03:59:48,"0226 - Greenwood, IN",Unlead,Greenwood,IN,16.0,0,0.0,2
2026-04-15 03:59:48,"0235 - Hampshire, IL",Diesel,Hampshire,IL,0.0,0,0.0,2
2026-04-15 03:59:48,"0235 - Hampshire, IL",Unlead,Hampshire,IL,0.0,0,0.0,2
2026-04-15 03:59:48,"0236 - East Troy, WI",Diesel,East Troy,WI,34.0,0,0.0,2
2026-04-15 03:59:48,"0236 - East Troy, WI",Unlead,East Troy,WI,0.0,0,0.0,1
2026-04-15 03:59:48,"0240 - Lake Station, IN",Diesel,Lake Station,IN,101.0,0,0.0,5
2026-04-15 03:59:48,"0240 - Lake Station, IN",Unlead,Lake Station,IN,2.0,0,0.0,2
2026-04-15 03:59:48,"0242 - St Robert, MO",Diesel,St Robert,MO,0.0,0,0.0,4
2026-04-15 03:59:48,"0263 - Ottawa, IL",Diesel,Ottawa,IL,0.0,0,0.0,3
2026-04-15 03:59:48,"0263 - Ottawa, IL",Unlead,Ottawa,IL,0.0,0,0.0,1
2026-04-15 03:59:48,"0265 - Dixon, IL",Diesel,Dixon,IL,0.0,0,0.0,3
2026-04-15 03:59:48,"0265 - Dixon, IL",Unlead,Dixon,IL,0.0,0,0.0,1
2026-04-15 03:59:48,"0266 - New Berlin, IL",Diesel,New Berlin,IL,0.0,0,0.0,3
2026-04-15 03:59:48,"0266 - New Berlin, IL",Unlead,New Berlin,IL,0.0,0,0.0,1
2026-04-15 03:59:48,"0267 - Pharr, TX",Diesel,Pharr,TX,0.0,0,0.0,4
2026-04-15 03:59:48,"0267 - Pharr, TX",Unlead,Pharr,TX,0.0,0,0.0,1
2026-04-15 03:59:48,"0268 - Grayville, IL",Diesel,Grayville,IL,0.0,0,0.0,3
2026-04-15 03:59:48,"0268 - Grayville, IL",Unlead,Grayville,IL,0.0,0,0.0,1
2026-04-15 03:59:48,"0269 - Marshall, IL",Diesel,Marshall,IL,0.0,0,0.0,3
2026-04-15 03:59:48,"0269 - Marshall, IL",Unlead,Marshall,IL,0.0,0,0.0,1
2026-04-15 03:59:48,"0270 - Moore, TX",Diesel,Moore,TX,213.0,0,0.0,3
2026-04-15 03:59:48,"0270 - Moore, TX",Unlead,Moore,TX,28.0,0,0.0,1
2026-04-15 03:59:48,"0271 - Odessa, TX",Diesel,Odessa,TX,232.34450000000015,0,0.0,3
2026-04-15 03:59:48,"0271 - Odessa, TX",Unlead,Odessa,TX,6.7960000000002765,0,0.0,1
2026-04-15 03:59:48,"0272 - Encinal, TX",Diesel,Encinal,TX,11.397000000000844,0,0.0,3
2026-04-15 03:59:48,"0272 - Encinal, TX",Unlead,Encinal,TX,23.764999999999418,0,0.0,1
2026-04-15 03:59:48,"0273 - Combes, TX",Diesel,Combes,TX,0.0,0,0.0,3
2026-04-15 03:59:48,"0273 - Combes, TX",Unlead,Combes,TX,0.0,0,0.0,1
2026-04-15 03:59:48,"0275 - Sonora, TX",Diesel,Sonora,TX,99.54750000000149,0,0.0,3
2026-04-15 03:59:48,"0275 - Sonora, TX",Unlead,Sonora,TX,0.0,0,0.0,1
2026-04-15 03:59:48,"0276 - Waco, TX",Diesel,Waco,TX,53.31719999999996,2,6361.447699999999,3
2026-04-15 03:59:48,"0276 - Waco, TX",Unlead,Waco,TX,0.0,0,0.0,1
2026-04-15 03:59:48,"0277 - New Boston, TX",Diesel,New Boston,TX,0.0,0,0.0,3
2026-04-15 03:59:48,"0277 - New Boston, TX",Unlead,New Boston,TX,0.0,0,0.0,1
2026-04-15 03:59:48,"0278 - Brinkley, AR",Diesel,Brinkley,AR,0.0,0,0.0,3
2026-04-15 03:59:48,"0278 - Brinkley, AR",Unlead,Brinkley,AR,0.0,0,0.0,1
2026-04-15 03:59:48,"0279 - Marion, IL",Diesel,Marion,IL,0.0,0,0.0,3
2026-04-15 03:59:48,"0279 - Marion, IL",Unlead,Marion,IL,0.0,0,0.0,1
2026-04-15 03:59:48,"0280 - Monahans, TX",Diesel,Monahans,TX,86.03539999999975,0,0.0,3
2026-04-15 03:59:48,"0280 - Monahans, TX",Unlead,Monahans,TX,0.0,0,0.0,1
2026-04-15 03:59:48,"0281 - Cisco, TX",Diesel,Cisco,TX,0.0,0,0.0,3
2026-04-15 03:59:48,"0281 - Cisco, TX",Unlead,Cisco,TX,0.0,0,0.0,1
2026-04-15 03:59:48,"0282 - Gainesville, TX",Diesel,Gainesville,TX,15.769000000000233,0,0.0,3
2026-04-15 03:59:48,"0282 - Gainesville, TX",Unlead,Gainesville,TX,0.0,0,0.0,1
2026-04-15 03:59:48,"0283 - Sealy, TX",Diesel,Sealy,TX,240.08299999999872,0,0.0,3
2026-04-15 03:59:48,"0283 - Sealy, TX",Unlead,Sealy,TX,0.0,0,0.0,1
2026-04-15 03:59:48,"0284 - New Deal, TX",Diesel,New Deal,TX,0.0,0,0.0,3
2026-04-15 03:59:48,"0284 - New Deal, TX",Unlead,New Deal,TX,0.0,0,0.0,1
2026-04-15 03:59:48,"0285 - Seguin, TX",Diesel,Seguin,TX,29.51499999999851,0,0.0,3
2026-04-15 03:59:48,"0285 - Seguin, TX",Unlead,Seguin,TX,8.007000000000517,0,0.0,1
2026-04-15 03:59:48,"0286 - Amarillo, TX",Diesel,Amarillo,TX,0.0,0,0.0,3
2026-04-15 03:59:48,"0286 - Amarillo, TX",Unlead,Amarillo,TX,11.704999999999927,0,0.0,1
2026-04-15 03:59:48,"0287 - Burbonnais, IL",Diesel,Burbonnais,IL,186.72300000000178,0,0.0,3
2026-04-15 03:59:48,"0287 - Burbonnais, IL",Unlead,Burbonnais,IL,3.058999999999287,0,0.0,1
2026-04-15 03:59:48,"0289 - Teague, TX",Diesel,Teague,TX,81.4369999999999,0,0.0,3
2026-04-15 03:59:48,"0289 - Teague, TX",Unlead,Teague,TX,0.0,0,0.0,1
2026-04-15 03:59:48,"0290 - Joplin, MO",Diesel,Joplin,MO,0.0,0,0.0,3
2026-04-15 03:59:48,"0290 - Joplin, MO",Unlead,Joplin,MO,0.0,0,0.0,1
2026-04-15 03:59:48,"0312 - Vidor, TX",Diesel,Vidor,TX,0.0,0,0.0,3
2026-04-15 03:59:48,"0312 - Vidor, TX",Unlead,Vidor,TX,5.100000000000364,0,0.0,1
2026-04-15 03:59:48,"0315 - Laredo, TX",Diesel,Laredo,TX,0.0,0,0.0,3
2026-04-15 03:59:48,"0315 - Laredo, TX",Unlead,Laredo,TX,8.391999999999825,0,0.0,1
2026-04-15 03:59:48,"0319 - Milford, TX",Diesel,Milford,TX,0.0,0,0.0,3
2026-04-15 03:59:48,"0319 - Milford, TX",Unlead,Milford,TX,16.550999999999476,0,0.0,1
2026-04-15 03:59:48,"0323 - Canton, TX",Diesel,Canton,TX,0.0,0,0.0,3
2026-04-15 03:59:48,"0323 - Canton, TX",Unlead,Canton,TX,0.0,0,0.0,1
2026-04-15 04:14:49,"0118 - Springfield, IL",Diesel,Springfield,IL,0.0,0,0.0,3
2026-04-15 04:14:49,"0118 - Springfield, IL",Unlead,Springfield,IL,0.0,0,0.0,1
2026-04-15 04:14:49,"0132 - Champaign, IL",Diesel,Champaign,IL,0.0,0,0.0,3
2026-04-15 04:14:49,"0132 - Champaign, IL",Unlead,Champaign,IL,0.0,0,0.0,1
2026-04-15 04:14:49,"0136 - Cottage Grove, WI",Diesel,Cottage Grove,WI,0.0,0,0.0,2
2026-04-15 04:14:49,"0136 - Cottage Grove, WI",Unlead,Cottage Grove,WI,0.0,0,0.0,1
2026-04-15 04:14:49,"0139 - Tuscola, IL",Diesel,Tuscola,IL,0.0,0,0.0,1
2026-04-15 04:14:49,"0139 - Tuscola, IL",Unlead,Tuscola,IL,0.0,0,0.0,2
2026-04-15 04:14:49,"0140 - Mendota, IL",Diesel,Mendota,IL,0.0,0,0.0,2
2026-04-15 04:14:49,"0140 - Mendota, IL",Unlead,Mendota,IL,0.0,0,0.0,2
2026-04-15 04:14:49,"0141 - Brazil, IN",Diesel,Brazil,IN,0.0,0,0.0,4
2026-04-15 04:14:49,"0141 - Brazil, IN",Unlead,Brazil,IN,9.0,0,0.0,1
2026-04-15 04:14:49,"0144 - Elk Run Height, IA",Diesel,Elk Run Height,IA,89.0,0,0.0,4
2026-04-15 04:14:49,"0144 - Elk Run Height, IA",Unlead,Elk Run Height,IA,0.0,0,0.0,2
2026-04-15 04:14:49,"0145 - Fenton, MO",Diesel,Fenton,MO,0.0,0,0.0,2
2026-04-15 04:14:49,"0145 - Fenton, MO",Unlead,Fenton,MO,0.0,0,0.0,1
2026-04-15 04:14:49,"0157 - Okawville, IL",Diesel,Okawville,IL,97.0,0,0.0,3
2026-04-15 04:14:49,"0157 - Okawville, IL",Unlead,Okawville,IL,0.0,0,0.0,1
2026-04-15 04:14:49,"0181 - Springfield, IL",Diesel,Springfield,IL,0.0,0,0.0,3
2026-04-15 04:14:49,"0181 - Springfield, IL",Unlead,Springfield,IL,0.0,0,0.0,1
2026-04-15 04:14:49,"0185 - McLean, IL",Diesel,McLean,IL,87.84999999999854,0,0.0,4
2026-04-15 04:14:49,"0185 - McLean, IL",Unlead,McLean,IL,3.52350000000024,0,0.0,1
2026-04-15 04:14:49,"0186 - Minonk, IL",Diesel,Minonk,IL,0.0,0,0.0,3
2026-04-15 04:14:49,"0186 - Minonk, IL",Unlead,Minonk,IL,8.279300000000148,0,0.0,1
2026-04-15 04:14:49,"0187 - Chicago, IL",Diesel,Chicago,IL,0.0,0,0.0,3
2026-04-15 04:14:49,"0187 - Chicago, IL",Unlead,Chicago,IL,0.0,0,0.0,1
2026-04-15 04:14:49,"0203 - Rockford, IL",Diesel,Rockford,IL,0.0,0,0.0,1
2026-04-15 04:14:49,"0203 - Rockford, IL",Unlead,Rockford,IL,13.305000000000291,0,0.0,1
2026-04-15 04:14:49,"0205 - South Beloit, IL",Diesel,South Beloit,IL,0.0,0,0.0,3
2026-04-15 04:14:49,"0205 - South Beloit, IL",Unlead,South Beloit,IL,10.0,0,0.0,1
2026-04-15 04:14:49,"0206 - Winnebago, IL",Diesel,Winnebago,IL,0.0,0,0.0,1
2026-04-15 04:14:49,"0206 - Winnebago, IL",Unlead,Winnebago,IL,0.0,0,0.0,1
2026-04-15 04:14:49,"0209 - Oakdale, WI",Diesel,Oakdale,WI,0.0,0,0.0,3
2026-04-15 04:14:49,"0209 - Oakdale, WI",Unlead,Oakdale,WI,0.0,0,0.0,1
2026-04-15 04:14:49,"0210 - Rochelle, IL",Diesel,Rochelle,IL,0.0,0,0.0,3
2026-04-15 04:14:49,"0210 - Rochelle, IL",Unlead,Rochelle,IL,0.0,0,0.0,1
2026-04-15 04:14:49,"0211 - Loves Park, IL",Diesel,Loves Park,IL,0.0,0,0.0,1
2026-04-15 04:14:49,"0211 - Loves Park, IL",Unlead,Loves Park,IL,11.0,0,0.0,1
2026-04-15 04:14:49,"0225 - Princeton, IL",Diesel,Princeton,IL,52.0,0,0.0,4
2026-04-15 04:14:49,"0225 - Princeton, IL",Unlead,Princeton,IL,0.0,0,0.0,2
2026-04-15 04:14:49,"0226 - Greenwood, IN",Diesel,Greenwood,IN,55.0,0,0.0,2
2026-04-15 04:14:49,"0226 - Greenwood, IN",Unlead,Greenwood,IN,29.0,0,0.0,2
2026-04-15 04:14:49,"0235 - Hampshire, IL",Diesel,Hampshire,IL,96.0,0,0.0,2
2026-04-15 04:14:49,"0235 - Hampshire, IL",Unlead,Hampshire,IL,0.0,0,0.0,2
2026-04-15 04:14:49,"0236 - East Troy, WI",Diesel,East Troy,WI,0.0,0,0.0,2
2026-04-15 04:14:49,"0236 - East Troy, WI",Unlead,East Troy,WI,0.0,0,0.0,1
2026-04-15 04:14:49,"0240 - Lake Station, IN",Diesel,Lake Station,IN,101.0,0,0.0,5
2026-04-15 04:14:49,"0240 - Lake Station, IN",Unlead,Lake Station,IN,8.0,0,0.0,2
2026-04-15 04:14:49,"0242 - St Robert, MO",Diesel,St Robert,MO,0.0,0,0.0,4
2026-04-15 04:14:49,"0263 - Ottawa, IL",Diesel,Ottawa,IL,0.0,0,0.0,3
2026-04-15 04:14:49,"0263 - Ottawa, IL",Unlead,Ottawa,IL,5.0,0,0.0,1
2026-04-15 04:14:49,"0265 - Dixon, IL",Diesel,Dixon,IL,0.0,0,0.0,3
2026-04-15 04:14:49,"0265 - Dixon, IL",Unlead,Dixon,IL,0.0,0,0.0,1
2026-04-15 04:14:49,"0266 - New Berlin, IL",Diesel,New Berlin,IL,0.0,0,0.0,3
2026-04-15 04:14:49,"0266 - New Berlin, IL",Unlead,New Berlin,IL,0.0,0,0.0,1
2026-04-15 04:14:49,"0267 - Pharr, TX",Diesel,Pharr,TX,0.0,0,0.0,4
2026-04-15 04:14:49,"0267 - Pharr, TX",Unlead,Pharr,TX,0.0,0,0.0,1
2026-04-15 04:14:49,"0268 - Grayville, IL",Diesel,Grayville,IL,0.0,0,0.0,3
2026-04-15 04:14:49,"0268 - Grayville, IL",Unlead,Grayville,IL,0.0,0,0.0,1
2026-04-15 04:14:49,"0269 - Marshall, IL",Diesel,Marshall,IL,0.0,1,244.0,3
2026-04-15 04:14:49,"0269 - Marshall, IL",Unlead,Marshall,IL,13.0,0,0.0,1
2026-04-15 04:14:49,"0270 - Moore, TX",Diesel,Moore,TX,54.0,0,0.0,3
2026-04-15 04:14:49,"0270 - Moore, TX",Unlead,Moore,TX,52.0,0,0.0,1
2026-04-15 04:14:49,"0271 - Odessa, TX",Diesel,Odessa,TX,322.1383999999998,0,0.0,3
2026-04-15 04:14:49,"0271 - Odessa, TX",Unlead,Odessa,TX,17.81999999999971,0,0.0,1
2026-04-15 04:14:49,"0272 - Encinal, TX",Diesel,Encinal,TX,12.384000000000015,0,0.0,3
2026-04-15 04:14:49,"0272 - Encinal, TX",Unlead,Encinal,TX,17.38000000000102,0,0.0,1
2026-04-15 04:14:49,"0273 - Combes, TX",Diesel,Combes,TX,0.0,0,0.0,3
2026-04-15 04:14:49,"0273 - Combes, TX",Unlead,Combes,TX,6.105999999999767,0,0.0,1
2026-04-15 04:14:49,"0275 - Sonora, TX",Diesel,Sonora,TX,0.0,0,0.0,3
2026-04-15 04:14:49,"0275 - Sonora, TX",Unlead,Sonora,TX,0.0,0,0.0,1
2026-04-15 04:14:49,"0276 - Waco, TX",Diesel,Waco,TX,234.32349999999815,0,0.0,3
2026-04-15 04:14:49,"0276 - Waco, TX",Unlead,Waco,TX,0.0,0,0.0,1
2026-04-15 04:14:49,"0277 - New Boston, TX",Diesel,New Boston,TX,225.07999999999993,0,0.0,3
2026-04-15 04:14:49,"0277 - New Boston, TX",Unlead,New Boston,TX,5.231999999999971,0,0.0,1
2026-04-15 04:14:49,"0278 - Brinkley, AR",Diesel,Brinkley,AR,0.0,0,0.0,3
2026-04-15 04:14:49,"0278 - Brinkley, AR",Unlead,Brinkley,AR,0.0,0,0.0,1
2026-04-15 04:14:49,"0279 - Marion, IL",Diesel,Marion,IL,0.0,0,0.0,3
2026-04-15 04:14:49,"0279 - Marion, IL",Unlead,Marion,IL,54.12199999999939,0,0.0,1
2026-04-15 04:14:49,"0280 - Monahans, TX",Diesel,Monahans,TX,0.0,0,0.0,3
2026-04-15 04:14:49,"0280 - Monahans, TX",Unlead,Monahans,TX,0.0,0,0.0,1
2026-04-15 04:14:49,"0281 - Cisco, TX",Diesel,Cisco,TX,115.8869999999988,0,0.0,3
2026-04-15 04:14:49,"0281 - Cisco, TX",Unlead,Cisco,TX,0.0,0,0.0,1
2026-04-15 04:14:49,"0282 - Gainesville, TX",Diesel,Gainesville,TX,0.0,0,0.0,3
2026-04-15 04:14:49,"0282 - Gainesville, TX",Unlead,Gainesville,TX,0.0,0,0.0,1
2026-04-15 04:14:49,"0283 - Sealy, TX",Diesel,Sealy,TX,431.0730000000003,0,0.0,3
2026-04-15 04:14:49,"0283 - Sealy, TX",Unlead,Sealy,TX,0.0,0,0.0,1
2026-04-15 04:14:49,"0284 - New Deal, TX",Diesel,New Deal,TX,0.0,0,0.0,3
2026-04-15 04:14:49,"0284 - New Deal, TX",Unlead,New Deal,TX,0.0,0,0.0,1
2026-04-15 04:14:49,"0285 - Seguin, TX",Diesel,Seguin,TX,174.79660000000104,0,0.0,3
2026-04-15 04:14:49,"0285 - Seguin, TX",Unlead,Seguin,TX,0.0,0,0.0,1
2026-04-15 04:14:49,"0286 - Amarillo, TX",Diesel,Amarillo,TX,0.0,0,0.0,3
2026-04-15 04:14:49,"0286 - Amarillo, TX",Unlead,Amarillo,TX,0.0,0,0.0,1
2026-04-15 04:14:49,"0287 - Burbonnais, IL",Diesel,Burbonnais,IL,98.43999999999869,0,0.0,3
2026-04-15 04:14:49,"0287 - Burbonnais, IL",Unlead,Burbonnais,IL,12.761000000000422,0,0.0,1
2026-04-15 04:14:49,"0289 - Teague, TX",Diesel,Teague,TX,195.3829999999998,0,0.0,3
2026-04-15 04:14:49,"0289 - Teague, TX",Unlead,Teague,TX,0.0,0,0.0,1
2026-04-15 04:14:49,"0290 - Joplin, MO",Diesel,Joplin,MO,0.0,0,0.0,3
2026-04-15 04:14:49,"0290 - Joplin, MO",Unlead,Joplin,MO,6.106499999999869,0,0.0,1
2026-04-15 04:14:49,"0312 - Vidor, TX",Diesel,Vidor,TX,143.49159999999938,0,0.0,3
2026-04-15 04:14:49,"0312 - Vidor, TX",Unlead,Vidor,TX,23.687999999998283,0,0.0,1
2026-04-15 04:14:49,"0315 - Laredo, TX",Diesel,Laredo,TX,13.167999999999665,0,0.0,3
2026-04-15 04:14:49,"0315 - Laredo, TX",Unlead,Laredo,TX,0.0,0,0.0,1
2026-04-15 04:14:49,"0319 - Milford, TX",Diesel,Milford,TX,321.4200000000001,0,0.0,3
2026-04-15 04:14:49,"0319 - Milford, TX",Unlead,Milford,TX,0.0,0,0.0,1
2026-04-15 04:14:49,"0323 - Canton, TX",Diesel,Canton,TX,0.0,0,0.0,3
2026-04-15 04:14:49,"0323 - Canton, TX",Unlead,Canton,TX,0.0,0,0.0,1
2026-04-15 04:29:54,"0118 - Springfield, IL",Diesel,Springfield,IL,0.0,0,0.0,3
2026-04-15 04:29:54,"0118 - Springfield, IL",Unlead,Springfield,IL,0.0,0,0.0,1
2026-04-15 04:29:54,"0132 - Champaign, IL",Diesel,Champaign,IL,0.0,0,0.0,3
2026-04-15 04:29:54,"0132 - Champaign, IL",Unlead,Champaign,IL,0.0,1,272.78999999999905,1
2026-04-15 04:29:54,"0136 - Cottage Grove, WI",Diesel,Cottage Grove,WI,0.0,0,0.0,2
2026-04-15 04:29:54,"0136 - Cottage Grove, WI",Unlead,Cottage Grove,WI,0.0,0,0.0,1
2026-04-15 04:29:54,"0139 - Tuscola, IL",Diesel,Tuscola,IL,0.0,0,0.0,1
2026-04-15 04:29:54,"0139 - Tuscola, IL",Unlead,Tuscola,IL,0.0,0,0.0,2
2026-04-15 04:29:54,"0140 - Mendota, IL",Diesel,Mendota,IL,0.0,0,0.0,2
2026-04-15 04:29:54,"0140 - Mendota, IL",Unlead,Mendota,IL,0.0,0,0.0,2
2026-04-15 04:29:54,"0141 - Brazil, IN",Diesel,Brazil,IN,0.0,0,0.0,4
2026-04-15 04:29:54,"0141 - Brazil, IN",Unlead,Brazil,IN,7.0,0,0.0,1
2026-04-15 04:29:54,"0144 - Elk Run Height, IA",Diesel,Elk Run Height,IA,88.0,0,0.0,4
2026-04-15 04:29:54,"0144 - Elk Run Height, IA",Unlead,Elk Run Height,IA,0.0,0,0.0,2
2026-04-15 04:29:54,"0145 - Fenton, MO",Diesel,Fenton,MO,21.0,0,0.0,2
2026-04-15 04:29:54,"0145 - Fenton, MO",Unlead,Fenton,MO,0.0,0,0.0,1
2026-04-15 04:29:54,"0157 - Okawville, IL",Diesel,Okawville,IL,0.0,0,0.0,3
2026-04-15 04:29:54,"0157 - Okawville, IL",Unlead,Okawville,IL,0.0,0,0.0,1
2026-04-15 04:29:54,"0181 - Springfield, IL",Diesel,Springfield,IL,0.0,0,0.0,3
2026-04-15 04:29:54,"0181 - Springfield, IL",Unlead,Springfield,IL,23.862999999999374,0,0.0,1
2026-04-15 04:29:54,"0185 - McLean, IL",Diesel,McLean,IL,0.0,0,0.0,4
2026-04-15 04:29:54,"0185 - McLean, IL",Unlead,McLean,IL,0.0,0,0.0,1
2026-04-15 04:29:54,"0186 - Minonk, IL",Diesel,Minonk,IL,0.0,0,0.0,3
2026-04-15 04:29:54,"0186 - Minonk, IL",Unlead,Minonk,IL,0.0,0,0.0,1
2026-04-15 04:29:54,"0187 - Chicago, IL",Diesel,Chicago,IL,0.0,0,0.0,3
2026-04-15 04:29:54,"0187 - Chicago, IL",Unlead,Chicago,IL,0.0,0,0.0,1
2026-04-15 04:29:54,"0203 - Rockford, IL",Diesel,Rockford,IL,0.0,0,0.0,1
2026-04-15 04:29:54,"0203 - Rockford, IL",Unlead,Rockford,IL,18.709000000000742,0,0.0,1
2026-04-15 04:29:54,"0205 - South Beloit, IL",Diesel,South Beloit,IL,0.0,0,0.0,3
2026-04-15 04:29:54,"0205 - South Beloit, IL",Unlead,South Beloit,IL,0.0,0,0.0,1
2026-04-15 04:29:54,"0206 - Winnebago, IL",Diesel,Winnebago,IL,0.0,0,0.0,1
2026-04-15 04:29:54,"0206 - Winnebago, IL",Unlead,Winnebago,IL,0.0,0,0.0,1
2026-04-15 04:29:54,"0209 - Oakdale, WI",Diesel,Oakdale,WI,0.0,0,0.0,3
2026-04-15 04:29:54,"0209 - Oakdale, WI",Unlead,Oakdale,WI,0.0,0,0.0,1
2026-04-15 04:29:54,"0210 - Rochelle, IL",Diesel,Rochelle,IL,0.0,0,0.0,3
2026-04-15 04:29:54,"0210 - Rochelle, IL",Unlead,Rochelle,IL,0.0,0,0.0,1
2026-04-15 04:29:54,"0211 - Loves Park, IL",Diesel,Loves Park,IL,0.0,0,0.0,1
2026-04-15 04:29:54,"0211 - Loves Park, IL",Unlead,Loves Park,IL,0.0,0,0.0,1
2026-04-15 04:29:54,"0225 - Princeton, IL",Diesel,Princeton,IL,90.0,0,0.0,4
2026-04-15 04:29:54,"0225 - Princeton, IL",Unlead,Princeton,IL,0.0,0,0.0,2
2026-04-15 04:29:54,"0226 - Greenwood, IN",Diesel,Greenwood,IN,40.0,0,0.0,2
2026-04-15 04:29:54,"0226 - Greenwood, IN",Unlead,Greenwood,IN,26.0,0,0.0,2
2026-04-15 04:29:54,"0235 - Hampshire, IL",Diesel,Hampshire,IL,145.0,0,0.0,2
2026-04-15 04:29:54,"0235 - Hampshire, IL",Unlead,Hampshire,IL,12.0,0,0.0,2
2026-04-15 04:29:54,"0236 - East Troy, WI",Diesel,East Troy,WI,0.0,0,0.0,2
2026-04-15 04:29:54,"0236 - East Troy, WI",Unlead,East Troy,WI,0.0,0,0.0,1
2026-04-15 04:29:54,"0240 - Lake Station, IN",Diesel,Lake Station,IN,94.0,0,0.0,5
2026-04-15 04:29:54,"0240 - Lake Station, IN",Unlead,Lake Station,IN,6.0,0,0.0,2
2026-04-15 04:29:54,"0242 - St Robert, MO",Diesel,St Robert,MO,72.95099999999911,0,0.0,4
2026-04-15 04:29:54,"0263 - Ottawa, IL",Diesel,Ottawa,IL,0.0,0,0.0,3
2026-04-15 04:29:54,"0263 - Ottawa, IL",Unlead,Ottawa,IL,31.0,0,0.0,1
2026-04-15 04:29:54,"0265 - Dixon, IL",Diesel,Dixon,IL,0.0,0,0.0,3
2026-04-15 04:29:54,"0265 - Dixon, IL",Unlead,Dixon,IL,0.0,0,0.0,1
2026-04-15 04:29:54,"0266 - New Berlin, IL",Diesel,New Berlin,IL,0.0,0,0.0,3
2026-04-15 04:29:54,"0266 - New Berlin, IL",Unlead,New Berlin,IL,6.1379999999990105,0,0.0,1
2026-04-15 04:29:54,"0267 - Pharr, TX",Diesel,Pharr,TX,0.0,0,0.0,4
2026-04-15 04:29:54,"0267 - Pharr, TX",Unlead,Pharr,TX,0.0,0,0.0,1
2026-04-15 04:29:54,"0268 - Grayville, IL",Diesel,Grayville,IL,75.0,0,0.0,3
2026-04-15 04:29:54,"0268 - Grayville, IL",Unlead,Grayville,IL,17.0,0,0.0,1
2026-04-15 04:29:54,"0269 - Marshall, IL",Diesel,Marshall,IL,0.0,1,4624.0,3
2026-04-15 04:29:54,"0269 - Marshall, IL",Unlead,Marshall,IL,0.0,0,0.0,1
2026-04-15 04:29:54,"0270 - Moore, TX",Diesel,Moore,TX,270.0,0,0.0,3
2026-04-15 04:29:54,"0270 - Moore, TX",Unlead,Moore,TX,20.0,0,0.0,1
2026-04-15 04:29:54,"0271 - Odessa, TX",Diesel,Odessa,TX,310.83640000000014,0,0.0,3
2026-04-15 04:29:54,"0271 - Odessa, TX",Unlead,Odessa,TX,0.0,0,0.0,1
2026-04-15 04:29:54,"0272 - Encinal, TX",Diesel,Encinal,TX,0.0,0,0.0,3
2026-04-15 04:29:54,"0272 - Encinal, TX",Unlead,Encinal,TX,0.0,0,0.0,1
2026-04-15 04:29:54,"0273 - Combes, TX",Diesel,Combes,TX,50.06399999999849,0,0.0,3
2026-04-15 04:29:54,"0273 - Combes, TX",Unlead,Combes,TX,26.25,0,0.0,1
2026-04-15 04:29:54,"0275 - Sonora, TX",Diesel,Sonora,TX,0.0,0,0.0,3
2026-04-15 04:29:54,"0275 - Sonora, TX",Unlead,Sonora,TX,18.804999999998472,0,0.0,1
2026-04-15 04:29:54,"0276 - Waco, TX",Diesel,Waco,TX,381.77509999999984,0,0.0,3
2026-04-15 04:29:54,"0276 - Waco, TX",Unlead,Waco,TX,0.0,0,0.0,1
2026-04-15 04:29:54,"0277 - New Boston, TX",Diesel,New Boston,TX,0.0,0,0.0,3
2026-04-15 04:29:54,"0277 - New Boston, TX",Unlead,New Boston,TX,0.0,0,0.0,1
2026-04-15 04:29:54,"0278 - Brinkley, AR",Diesel,Brinkley,AR,147.34799999999996,0,0.0,3
2026-04-15 04:29:54,"0278 - Brinkley, AR",Unlead,Brinkley,AR,13.798999999999069,0,0.0,1
2026-04-15 04:29:54,"0279 - Marion, IL",Diesel,Marion,IL,67.64300000000003,0,0.0,3
2026-04-15 04:29:54,"0279 - Marion, IL",Unlead,Marion,IL,41.836999999999534,0,0.0,1
2026-04-15 04:29:54,"0280 - Monahans, TX",Diesel,Monahans,TX,94.11160000000109,0,0.0,3
2026-04-15 04:29:54,"0280 - Monahans, TX",Unlead,Monahans,TX,24.842999999998938,0,0.0,1
2026-04-15 04:29:54,"0281 - Cisco, TX",Diesel,Cisco,TX,0.0,0,0.0,3
2026-04-15 04:29:54,"0281 - Cisco, TX",Unlead,Cisco,TX,0.0,0,0.0,1
2026-04-15 04:29:54,"0282 - Gainesville, TX",Diesel,Gainesville,TX,0.0,0,0.0,3
2026-04-15 04:29:54,"0282 - Gainesville, TX",Unlead,Gainesville,TX,0.0,0,0.0,1
2026-04-15 04:29:54,"0283 - Sealy, TX",Diesel,Sealy,TX,0.0,0,0.0,3
2026-04-15 04:29:54,"0283 - Sealy, TX",Unlead,Sealy,TX,0.0,0,0.0,1
2026-04-15 04:29:54,"0284 - New Deal, TX",Diesel,New Deal,TX,57.560999999997875,0,0.0,3
2026-04-15 04:29:54,"0284 - New Deal, TX",Unlead,New Deal,TX,0.0,0,0.0,1
2026-04-15 04:29:54,"0285 - Seguin, TX",Diesel,Seguin,TX,244.41610000000037,0,0.0,3
2026-04-15 04:29:54,"0285 - Seguin, TX",Unlead,Seguin,TX,8.18409999999949,0,0.0,1
2026-04-15 04:29:54,"0286 - Amarillo, TX",Diesel,Amarillo,TX,0.0,0,0.0,3
2026-04-15 04:29:54,"0286 - Amarillo, TX",Unlead,Amarillo,TX,0.0,0,0.0,1
2026-04-15 04:29:54,"0287 - Burbonnais, IL",Diesel,Burbonnais,IL,0.0,0,0.0,3
2026-04-15 04:29:54,"0287 - Burbonnais, IL",Unlead,Burbonnais,IL,19.301000000001295,0,0.0,1
2026-04-15 04:29:54,"0289 - Teague, TX",Diesel,Teague,TX,119.76900000000023,0,0.0,3
2026-04-15 04:29:54,"0289 - Teague, TX",Unlead,Teague,TX,0.0,0,0.0,1
2026-04-15 04:29:54,"0290 - Joplin, MO",Diesel,Joplin,MO,0.0,0,0.0,3
2026-04-15 04:29:54,"0290 - Joplin, MO",Unlead,Joplin,MO,0.0,0,0.0,1
2026-04-15 04:29:54,"0312 - Vidor, TX",Diesel,Vidor,TX,89.64349999999922,0,0.0,3
2026-04-15 04:29:54,"0312 - Vidor, TX",Unlead,Vidor,TX,0.0,0,0.0,1
2026-04-15 04:29:54,"0315 - Laredo, TX",Diesel,Laredo,TX,97.46200000000317,0,0.0,3
2026-04-15 04:29:54,"0315 - Laredo, TX",Unlead,Laredo,TX,0.0,0,0.0,1
2026-04-15 04:29:54,"0319 - Milford, TX",Diesel,Milford,TX,27.450999999997293,0,0.0,3
2026-04-15 04:29:54,"0319 - Milford, TX",Unlead,Milford,TX,8.505000000001019,0,0.0,1
2026-04-15 04:29:54,"0323 - Canton, TX",Diesel,Canton,TX,0.0,0,0.0,3
2026-04-15 04:29:54,"0323 - Canton, TX",Unlead,Canton,TX,5.394000000000233,0,0.0,1
2026-04-15 04:44:58,"0118 - Springfield, IL",Diesel,Springfield,IL,0.0,0,0.0,3
2026-04-15 04:44:58,"0118 - Springfield, IL",Unlead,Springfield,IL,0.0,0,0.0,1
2026-04-15 04:44:58,"0132 - Champaign, IL",Diesel,Champaign,IL,0.0,0,0.0,3
2026-04-15 04:44:58,"0132 - Champaign, IL",Unlead,Champaign,IL,0.0,1,5423.586000000001,1
2026-04-15 04:44:58,"0136 - Cottage Grove, WI",Diesel,Cottage Grove,WI,0.0,0,0.0,2
2026-04-15 04:44:58,"0136 - Cottage Grove, WI",Unlead,Cottage Grove,WI,0.0,0,0.0,1
2026-04-15 04:44:58,"0139 - Tuscola, IL",Diesel,Tuscola,IL,0.0,0,0.0,1
2026-04-15 04:44:58,"0139 - Tuscola, IL",Unlead,Tuscola,IL,0.0,0,0.0,2
2026-04-15 04:44:58,"0140 - Mendota, IL",Diesel,Mendota,IL,254.0,0,0.0,2
2026-04-15 04:44:58,"0140 - Mendota, IL",Unlead,Mendota,IL,77.0,0,0.0,2
2026-04-15 04:44:58,"0141 - Brazil, IN",Diesel,Brazil,IN,31.337399999999434,0,0.0,4
2026-04-15 04:44:58,"0141 - Brazil, IN",Unlead,Brazil,IN,20.0,0,0.0,1
2026-04-15 04:44:58,"0144 - Elk Run Height, IA",Diesel,Elk Run Height,IA,190.0,0,0.0,4
2026-04-15 04:44:58,"0144 - Elk Run Height, IA",Unlead,Elk Run Height,IA,0.0,0,0.0,2
2026-04-15 04:44:58,"0145 - Fenton, MO",Diesel,Fenton,MO,20.0,0,0.0,2
2026-04-15 04:44:58,"0145 - Fenton, MO",Unlead,Fenton,MO,0.0,0,0.0,1
2026-04-15 04:44:58,"0157 - Okawville, IL",Diesel,Okawville,IL,0.0,0,0.0,3
2026-04-15 04:44:58,"0157 - Okawville, IL",Unlead,Okawville,IL,0.0,0,0.0,1
2026-04-15 04:44:58,"0181 - Springfield, IL",Diesel,Springfield,IL,0.0,0,0.0,3
2026-04-15 04:44:58,"0181 - Springfield, IL",Unlead,Springfield,IL,31.578999999999724,0,0.0,1
2026-04-15 04:44:58,"0185 - McLean, IL",Diesel,McLean,IL,159.7579999999998,0,0.0,4
2026-04-15 04:44:58,"0185 - McLean, IL",Unlead,McLean,IL,7.384299999999712,0,0.0,1
2026-04-15 04:44:58,"0186 - Minonk, IL",Diesel,Minonk,IL,0.0,0,0.0,3
2026-04-15 04:44:58,"0186 - Minonk, IL",Unlead,Minonk,IL,0.0,0,0.0,1
2026-04-15 04:44:58,"0187 - Chicago, IL",Diesel,Chicago,IL,73.0,0,0.0,3
2026-04-15 04:44:58,"0187 - Chicago, IL",Unlead,Chicago,IL,6.879000000000815,0,0.0,1
2026-04-15 04:44:58,"0203 - Rockford, IL",Diesel,Rockford,IL,0.0,0,0.0,1
2026-04-15 04:44:58,"0203 - Rockford, IL",Unlead,Rockford,IL,48.13999999999942,0,0.0,1
2026-04-15 04:44:58,"0205 - South Beloit, IL",Diesel,South Beloit,IL,0.0,0,0.0,3
2026-04-15 04:44:58,"0205 - South Beloit, IL",Unlead,South Beloit,IL,0.0,0,0.0,1
2026-04-15 04:44:58,"0206 - Winnebago, IL",Diesel,Winnebago,IL,0.0,0,0.0,1
2026-04-15 04:44:58,"0206 - Winnebago, IL",Unlead,Winnebago,IL,0.0,0,0.0,1
2026-04-15 04:44:58,"0209 - Oakdale, WI",Diesel,Oakdale,WI,0.0,0,0.0,3
2026-04-15 04:44:58,"0209 - Oakdale, WI",Unlead,Oakdale,WI,40.0,0,0.0,1
2026-04-15 04:44:58,"0210 - Rochelle, IL",Diesel,Rochelle,IL,0.0,0,0.0,3
2026-04-15 04:44:58,"0210 - Rochelle, IL",Unlead,Rochelle,IL,0.0,0,0.0,1
2026-04-15 04:44:58,"0211 - Loves Park, IL",Diesel,Loves Park,IL,76.0,0,0.0,1
2026-04-15 04:44:58,"0211 - Loves Park, IL",Unlead,Loves Park,IL,10.0,0,0.0,1
2026-04-15 04:44:58,"0225 - Princeton, IL",Diesel,Princeton,IL,12.0,0,0.0,4
2026-04-15 04:44:58,"0225 - Princeton, IL",Unlead,Princeton,IL,0.0,0,0.0,2
2026-04-15 04:44:58,"0226 - Greenwood, IN",Diesel,Greenwood,IN,82.0,0,0.0,2
2026-04-15 04:44:58,"0226 - Greenwood, IN",Unlead,Greenwood,IN,40.0,0,0.0,2
2026-04-15 04:44:58,"0235 - Hampshire, IL",Diesel,Hampshire,IL,195.0,0,0.0,2
2026-04-15 04:44:58,"0235 - Hampshire, IL",Unlead,Hampshire,IL,13.0,0,0.0,2
2026-04-15 04:44:58,"0236 - East Troy, WI",Diesel,East Troy,WI,0.0,0,0.0,2
2026-04-15 04:44:58,"0236 - East Troy, WI",Unlead,East Troy,WI,0.0,0,0.0,1
2026-04-15 04:44:58,"0240 - Lake Station, IN",Diesel,Lake Station,IN,0.0,0,0.0,5
2026-04-15 04:44:58,"0240 - Lake Station, IN",Unlead,Lake Station,IN,37.0,0,0.0,2
2026-04-15 04:44:58,"0242 - St Robert, MO",Diesel,St Robert,MO,8.412000000000262,0,0.0,4
2026-04-15 04:44:58,"0263 - Ottawa, IL",Diesel,Ottawa,IL,0.0,0,0.0,3
2026-04-15 04:44:58,"0263 - Ottawa, IL",Unlead,Ottawa,IL,25.0,0,0.0,1
2026-04-15 04:44:58,"0265 - Dixon, IL",Diesel,Dixon,IL,0.0,0,0.0,3
2026-04-15 04:44:58,"0265 - Dixon, IL",Unlead,Dixon,IL,0.0,0,0.0,1
2026-04-15 04:44:58,"0266 - New Berlin, IL",Diesel,New Berlin,IL,0.0,0,0.0,3
2026-04-15 04:44:58,"0266 - New Berlin, IL",Unlead,New Berlin,IL,5.887000000000626,0,0.0,1
2026-04-15 04:44:58,"0267 - Pharr, TX",Diesel,Pharr,TX,0.0,0,0.0,4
2026-04-15 04:44:58,"0267 - Pharr, TX",Unlead,Pharr,TX,6.0,0,0.0,1
2026-04-15 04:44:58,"0268 - Grayville, IL",Diesel,Grayville,IL,0.0,0,0.0,3
2026-04-15 04:44:58,"0268 - Grayville, IL",Unlead,Grayville,IL,0.0,0,0.0,1
2026-04-15 04:44:58,"0269 - Marshall, IL",Diesel,Marshall,IL,25.0,1,2641.0,3
2026-04-15 04:44:58,"0269 - Marshall, IL",Unlead,Marshall,IL,11.0,0,0.0,1
2026-04-15 04:44:58,"0270 - Moore, TX",Diesel,Moore,TX,63.0,0,0.0,3
2026-04-15 04:44:58,"0270 - Moore, TX",Unlead,Moore,TX,24.0,0,0.0,1
2026-04-15 04:44:58,"0271 - Odessa, TX",Diesel,Odessa,TX,114.40470000000005,0,0.0,3
2026-04-15 04:44:58,"0271 - Odessa, TX",Unlead,Odessa,TX,9.090000000000146,0,0.0,1
2026-04-15 04:44:58,"0272 - Encinal, TX",Diesel,Encinal,TX,19.539999999999054,0,0.0,3
2026-04-15 04:44:58,"0272 - Encinal, TX",Unlead,Encinal,TX,15.828999999999724,0,0.0,1
2026-04-15 04:44:58,"0273 - Combes, TX",Diesel,Combes,TX,0.0,0,0.0,3
2026-04-15 04:44:58,"0273 - Combes, TX",Unlead,Combes,TX,15.838999999999942,0,0.0,1
2026-04-15 04:44:58,"0275 - Sonora, TX",Diesel,Sonora,TX,0.0,0,0.0,3
2026-04-15 04:44:58,"0275 - Sonora, TX",Unlead,Sonora,TX,17.525000000001455,0,0.0,1
2026-04-15 04:44:58,"0276 - Waco, TX",Diesel,Waco,TX,210.20909999999958,0,0.0,3
2026-04-15 04:44:58,"0276 - Waco, TX",Unlead,Waco,TX,0.0,0,0.0,1
2026-04-15 04:44:58,"0277 - New Boston, TX",Diesel,New Boston,TX,0.0,0,0.0,3
2026-04-15 04:44:58,"0277 - New Boston, TX",Unlead,New Boston,TX,23.596000000001368,0,0.0,1
2026-04-15 04:44:58,"0278 - Brinkley, AR",Diesel,Brinkley,AR,119.84599999999955,0,0.0,3
2026-04-15 04:44:58,"0278 - Brinkley, AR",Unlead,Brinkley,AR,0.0,0,0.0,1
2026-04-15 04:44:58,"0279 - Marion, IL",Diesel,Marion,IL,11.725999999998749,0,0.0,3
2026-04-15 04:44:58,"0279 - Marion, IL",Unlead,Marion,IL,18.421000000000276,0,0.0,1
2026-04-15 04:44:58,"0280 - Monahans, TX",Diesel,Monahans,TX,182.36619999999948,0,0.0,3
2026-04-15 04:44:58,"0280 - Monahans, TX",Unlead,Monahans,TX,24.887000000000626,0,0.0,1
2026-04-15 04:44:58,"0281 - Cisco, TX",Diesel,Cisco,TX,44.23199999999815,0,0.0,3
2026-04-15 04:44:58,"0281 - Cisco, TX",Unlead,Cisco,TX,11.138999999999214,0,0.0,1
2026-04-15 04:44:58,"0282 - Gainesville, TX",Diesel,Gainesville,TX,86.55299999999988,0,0.0,3
2026-04-15 04:44:58,"0282 - Gainesville, TX",Unlead,Gainesville,TX,0.0,0,0.0,1
2026-04-15 04:44:58,"0283 - Sealy, TX",Diesel,Sealy,TX,480.4439999999995,0,0.0,3
2026-04-15 04:44:58,"0283 - Sealy, TX",Unlead,Sealy,TX,0.0,0,0.0,1
2026-04-15 04:44:58,"0284 - New Deal, TX",Diesel,New Deal,TX,0.0,0,0.0,3
2026-04-15 04:44:58,"0284 - New Deal, TX",Unlead,New Deal,TX,8.667999999999665,0,0.0,1
2026-04-15 04:44:58,"0285 - Seguin, TX",Diesel,Seguin,TX,161.95269999999982,0,0.0,3
2026-04-15 04:44:58,"0285 - Seguin, TX",Unlead,Seguin,TX,5.623599999999897,0,0.0,1
2026-04-15 04:44:58,"0286 - Amarillo, TX",Diesel,Amarillo,TX,0.0,0,0.0,3
2026-04-15 04:44:58,"0286 - Amarillo, TX",Unlead,Amarillo,TX,21.618000000000393,0,0.0,1
2026-04-15 04:44:58,"0287 - Burbonnais, IL",Diesel,Burbonnais,IL,54.50900000000183,0,0.0,3
2026-04-15 04:44:58,"0287 - Burbonnais, IL",Unlead,Burbonnais,IL,16.58599999999933,0,0.0,1
2026-04-15 04:44:58,"0289 - Teague, TX",Diesel,Teague,TX,0.0,0,0.0,3
2026-04-15 04:44:58,"0289 - Teague, TX",Unlead,Teague,TX,11.607500000000073,0,0.0,1
2026-04-15 04:44:58,"0290 - Joplin, MO",Diesel,Joplin,MO,28.443600000001425,0,0.0,3
2026-04-15 04:44:58,"0290 - Joplin, MO",Unlead,Joplin,MO,4.649999999999636,0,0.0,1
2026-04-15 04:44:58,"0312 - Vidor, TX",Diesel,Vidor,TX,125.90700000000015,0,0.0,3
2026-04-15 04:44:58,"0312 - Vidor, TX",Unlead,Vidor,TX,5.711999999999534,0,0.0,1
2026-04-15 04:44:58,"0315 - Laredo, TX",Diesel,Laredo,TX,0.0,0,0.0,3
2026-04-15 04:44:58,"0315 - Laredo, TX",Unlead,Laredo,TX,0.0,0,0.0,1
2026-04-15 04:44:58,"0319 - Milford, TX",Diesel,Milford,TX,311.88800000000083,0,0.0,3
2026-04-15 04:44:58,"0319 - Milford, TX",Unlead,Milford,TX,29.601999999998952,0,0.0,1
2026-04-15 04:44:58,"0323 - Canton, TX",Diesel,Canton,TX,151.98850000000039,0,0.0,3
2026-04-15 04:44:58,"0323 - Canton, TX",Unlead,Canton,TX,8.657500000001164,0,0.0,1
2026-04-15 04:59:59,"0118 - Springfield, IL",Diesel,Springfield,IL,0.0,0,0.0,3
2026-04-15 04:59:59,"0118 - Springfield, IL",Unlead,Springfield,IL,9.0,0,0.0,1
2026-04-15 04:59:59,"0132 - Champaign, IL",Diesel,Champaign,IL,0.0,0,0.0,3
2026-04-15 04:59:59,"0132 - Champaign, IL",Unlead,Champaign,IL,0.0,1,276.72699999999895,1
2026-04-15 04:59:59,"0136 - Cottage Grove, WI",Diesel,Cottage Grove,WI,0.0,0,0.0,2
2026-04-15 04:59:59,"0136 - Cottage Grove, WI",Unlead,Cottage Grove,WI,0.0,0,0.0,1
2026-04-15 04:59:59,"0139 - Tuscola, IL",Diesel,Tuscola,IL,127.0,0,0.0,1
2026-04-15 04:59:59,"0139 - Tuscola, IL",Unlead,Tuscola,IL,0.0,0,0.0,2
2026-04-15 04:59:59,"0140 - Mendota, IL",Diesel,Mendota,IL,0.0,0,0.0,2
2026-04-15 04:59:59,"0140 - Mendota, IL",Unlead,Mendota,IL,0.0,0,0.0,2
2026-04-15 04:59:59,"0141 - Brazil, IN",Diesel,Brazil,IN,0.0,0,0.0,4
2026-04-15 04:59:59,"0141 - Brazil, IN",Unlead,Brazil,IN,0.0,0,0.0,1
2026-04-15 04:59:59,"0144 - Elk Run Height, IA",Diesel,Elk Run Height,IA,11.0,0,0.0,4
2026-04-15 04:59:59,"0144 - Elk Run Height, IA",Unlead,Elk Run Height,IA,13.181999999999789,0,0.0,2
2026-04-15 04:59:59,"0145 - Fenton, MO",Diesel,Fenton,MO,0.0,0,0.0,2
2026-04-15 04:59:59,"0145 - Fenton, MO",Unlead,Fenton,MO,0.0,0,0.0,1
2026-04-15 04:59:59,"0157 - Okawville, IL",Diesel,Okawville,IL,0.0,0,0.0,3
2026-04-15 04:59:59,"0157 - Okawville, IL",Unlead,Okawville,IL,0.0,0,0.0,1
2026-04-15 04:59:59,"0181 - Springfield, IL",Diesel,Springfield,IL,39.647000000000844,0,0.0,3
2026-04-15 04:59:59,"0181 - Springfield, IL",Unlead,Springfield,IL,13.54700000000048,0,0.0,1
2026-04-15 04:59:59,"0185 - McLean, IL",Diesel,McLean,IL,0.0,0,0.0,4
2026-04-15 04:59:59,"0185 - McLean, IL",Unlead,McLean,IL,18.14940000000024,0,0.0,1
2026-04-15 04:59:59,"0186 - Minonk, IL",Diesel,Minonk,IL,0.0,0,0.0,3
2026-04-15 04:59:59,"0186 - Minonk, IL",Unlead,Minonk,IL,0.0,0,0.0,1
2026-04-15 04:59:59,"0187 - Chicago, IL",Diesel,Chicago,IL,27.0,0,0.0,3
2026-04-15 04:59:59,"0187 - Chicago, IL",Unlead,Chicago,IL,2.4539999999997235,0,0.0,1
2026-04-15 04:59:59,"0203 - Rockford, IL",Diesel,Rockford,IL,176.7599999999984,0,0.0,1
2026-04-15 04:59:59,"0203 - Rockford, IL",Unlead,Rockford,IL,27.674999999999272,0,0.0,1
2026-04-15 04:59:59,"0205 - South Beloit, IL",Diesel,South Beloit,IL,0.0,0,0.0,3
2026-04-15 04:59:59,"0205 - South Beloit, IL",Unlead,South Beloit,IL,31.0,0,0.0,1
2026-04-15 04:59:59,"0206 - Winnebago, IL",Diesel,Winnebago,IL,64.0,0,0.0,1
2026-04-15 04:59:59,"0206 - Winnebago, IL",Unlead,Winnebago,IL,12.0,0,0.0,1
2026-04-15 04:59:59,"0209 - Oakdale, WI",Diesel,Oakdale,WI,0.0,0,0.0,3
2026-04-15 04:59:59,"0209 - Oakdale, WI",Unlead,Oakdale,WI,6.0,0,0.0,1
2026-04-15 04:59:59,"0210 - Rochelle, IL",Diesel,Rochelle,IL,0.0,0,0.0,3
2026-04-15 04:59:59,"0210 - Rochelle, IL",Unlead,Rochelle,IL,16.0,0,0.0,1
2026-04-15 04:59:59,"0211 - Loves Park, IL",Diesel,Loves Park,IL,0.0,0,0.0,1
2026-04-15 04:59:59,"0211 - Loves Park, IL",Unlead,Loves Park,IL,5.0,0,0.0,1
2026-04-15 04:59:59,"0225 - Princeton, IL",Diesel,Princeton,IL,0.0,0,0.0,4
2026-04-15 04:59:59,"0225 - Princeton, IL",Unlead,Princeton,IL,0.0,0,0.0,2
2026-04-15 04:59:59,"0226 - Greenwood, IN",Diesel,Greenwood,IN,68.0,0,0.0,2
2026-04-15 04:59:59,"0226 - Greenwood, IN",Unlead,Greenwood,IN,26.0,0,0.0,2
2026-04-15 04:59:59,"0235 - Hampshire, IL",Diesel,Hampshire,IL,71.0,0,0.0,2
2026-04-15 04:59:59,"0235 - Hampshire, IL",Unlead,Hampshire,IL,13.0,0,0.0,2
2026-04-15 04:59:59,"0236 - East Troy, WI",Diesel,East Troy,WI,0.0,0,0.0,2
2026-04-15 04:59:59,"0236 - East Troy, WI",Unlead,East Troy,WI,0.0,0,0.0,1
2026-04-15 04:59:59,"0240 - Lake Station, IN",Diesel,Lake Station,IN,134.0,0,0.0,5
2026-04-15 04:59:59,"0240 - Lake Station, IN",Unlead,Lake Station,IN,19.0,0,0.0,2
2026-04-15 04:59:59,"0242 - St Robert, MO",Diesel,St Robert,MO,0.0,0,0.0,4
2026-04-15 04:59:59,"0263 - Ottawa, IL",Diesel,Ottawa,IL,206.0,0,0.0,3
2026-04-15 04:59:59,"0263 - Ottawa, IL",Unlead,Ottawa,IL,30.0,0,0.0,1
2026-04-15 04:59:59,"0265 - Dixon, IL",Diesel,Dixon,IL,95.10200000000077,0,0.0,3
2026-04-15 04:59:59,"0265 - Dixon, IL",Unlead,Dixon,IL,0.0,0,0.0,1
2026-04-15 04:59:59,"0266 - New Berlin, IL",Diesel,New Berlin,IL,0.0,0,0.0,3
2026-04-15 04:59:59,"0266 - New Berlin, IL",Unlead,New Berlin,IL,21.554000000000087,0,0.0,1
2026-04-15 04:59:59,"0267 - Pharr, TX",Diesel,Pharr,TX,0.0,0,0.0,4
2026-04-15 04:59:59,"0267 - Pharr, TX",Unlead,Pharr,TX,0.0,0,0.0,1
2026-04-15 04:59:59,"0268 - Grayville, IL",Diesel,Grayville,IL,58.0,0,0.0,3
2026-04-15 04:59:59,"0268 - Grayville, IL",Unlead,Grayville,IL,12.0,0,0.0,1
2026-04-15 04:59:59,"0269 - Marshall, IL",Diesel,Marshall,IL,0.0,0,0.0,3
2026-04-15 04:59:59,"0269 - Marshall, IL",Unlead,Marshall,IL,13.0,0,0.0,1
2026-04-15 04:59:59,"0270 - Moore, TX",Diesel,Moore,TX,21.0,0,0.0,3
2026-04-15 04:59:59,"0270 - Moore, TX",Unlead,Moore,TX,24.0,0,0.0,1
2026-04-15 04:59:59,"0271 - Odessa, TX",Diesel,Odessa,TX,345.60140000000047,0,0.0,3
2026-04-15 04:59:59,"0271 - Odessa, TX",Unlead,Odessa,TX,37.740999999999985,0,0.0,1
2026-04-15 04:59:59,"0272 - Encinal, TX",Diesel,Encinal,TX,106.41200000000026,0,0.0,3
2026-04-15 04:59:59,"0272 - Encinal, TX",Unlead,Encinal,TX,0.0,0,0.0,1
2026-04-15 04:59:59,"0273 - Combes, TX",Diesel,Combes,TX,127.01950000000215,0,0.0,3
2026-04-15 04:59:59,"0273 - Combes, TX",Unlead,Combes,TX,2.941000000000713,0,0.0,1
2026-04-15 04:59:59,"0275 - Sonora, TX",Diesel,Sonora,TX,33.46699999999964,0,0.0,3
2026-04-15 04:59:59,"0275 - Sonora, TX",Unlead,Sonora,TX,0.0,0,0.0,1
2026-04-15 04:59:59,"0276 - Waco, TX",Diesel,Waco,TX,237.73770000000195,0,0.0,3
2026-04-15 04:59:59,"0276 - Waco, TX",Unlead,Waco,TX,30.941000000000713,0,0.0,1
2026-04-15 04:59:59,"0277 - New Boston, TX",Diesel,New Boston,TX,0.0,0,0.0,3
2026-04-15 04:59:59,"0277 - New Boston, TX",Unlead,New Boston,TX,0.0,0,0.0,1
2026-04-15 04:59:59,"0278 - Brinkley, AR",Diesel,Brinkley,AR,0.0,0,0.0,3
2026-04-15 04:59:59,"0278 - Brinkley, AR",Unlead,Brinkley,AR,0.0,0,0.0,1
2026-04-15 04:59:59,"0279 - Marion, IL",Diesel,Marion,IL,21.11750000000029,0,0.0,3
2026-04-15 04:59:59,"0279 - Marion, IL",Unlead,Marion,IL,0.0,0,0.0,1
2026-04-15 04:59:59,"0280 - Monahans, TX",Diesel,Monahans,TX,0.0,0,0.0,3
2026-04-15 04:59:59,"0280 - Monahans, TX",Unlead,Monahans,TX,31.573999999998705,0,0.0,1
2026-04-15 04:59:59,"0281 - Cisco, TX",Diesel,Cisco,TX,0.0,0,0.0,3
2026-04-15 04:59:59,"0281 - Cisco, TX",Unlead,Cisco,TX,11.888999999999214,0,0.0,1
2026-04-15 04:59:59,"0282 - Gainesville, TX",Diesel,Gainesville,TX,0.0,0,0.0,3
2026-04-15 04:59:59,"0282 - Gainesville, TX",Unlead,Gainesville,TX,6.71100000000115,0,0.0,1
2026-04-15 04:59:59,"0283 - Sealy, TX",Diesel,Sealy,TX,108.16799999999967,0,0.0,3
2026-04-15 04:59:59,"0283 - Sealy, TX",Unlead,Sealy,TX,0.0,0,0.0,1
2026-04-15 04:59:59,"0284 - New Deal, TX",Diesel,New Deal,TX,0.0,0,0.0,3
2026-04-15 04:59:59,"0284 - New Deal, TX",Unlead,New Deal,TX,9.584700000001249,0,0.0,1
2026-04-15 04:59:59,"0285 - Seguin, TX",Diesel,Seguin,TX,0.0,0,0.0,3
2026-04-15 04:59:59,"0285 - Seguin, TX",Unlead,Seguin,TX,13.939400000000205,0,0.0,1
2026-04-15 04:59:59,"0286 - Amarillo, TX",Diesel,Amarillo,TX,0.0,0,0.0,3
2026-04-15 04:59:59,"0286 - Amarillo, TX",Unlead,Amarillo,TX,22.477999999999156,0,0.0,1
2026-04-15 04:59:59,"0287 - Burbonnais, IL",Diesel,Burbonnais,IL,0.0,0,0.0,3
2026-04-15 04:59:59,"0287 - Burbonnais, IL",Unlead,Burbonnais,IL,41.78199999999924,0,0.0,1
2026-04-15 04:59:59,"0289 - Teague, TX",Diesel,Teague,TX,18.063000000000102,0,0.0,3
2026-04-15 04:59:59,"0289 - Teague, TX",Unlead,Teague,TX,0.0,0,0.0,1
2026-04-15 04:59:59,"0290 - Joplin, MO",Diesel,Joplin,MO,169.41239999999925,0,0.0,3
2026-04-15 04:59:59,"0290 - Joplin, MO",Unlead,Joplin,MO,19.663000000000466,0,0.0,1
2026-04-15 04:59:59,"0312 - Vidor, TX",Diesel,Vidor,TX,0.0,0,0.0,3
2026-04-15 04:59:59,"0312 - Vidor, TX",Unlead,Vidor,TX,37.34100000000035,0,0.0,1
2026-04-15 04:59:59,"0315 - Laredo, TX",Diesel,Laredo,TX,0.0,0,0.0,3
2026-04-15 04:59:59,"0315 - Laredo, TX",Unlead,Laredo,TX,0.0,0,0.0,1
2026-04-15 04:59:59,"0319 - Milford, TX",Diesel,Milford,TX,161.7029999999977,0,0.0,3
2026-04-15 04:59:59,"0319 - Milford, TX",Unlead,Milford,TX,30.334000000000742,0,0.0,1
2026-04-15 04:59:59,"0323 - Canton, TX",Diesel,Canton,TX,0.0,0,0.0,3
2026-04-15 04:59:59,"0323 - Canton, TX",Unlead,Canton,TX,19.16649999999936,0,0.0,1
2026-04-15 05:15:00,"0118 - Springfield, IL",Diesel,Springfield,IL,99.0,0,0.0,3
2026-04-15 05:15:00,"0118 - Springfield, IL",Unlead,Springfield,IL,0.0,0,0.0,1
2026-04-15 05:15:00,"0132 - Champaign, IL",Diesel,Champaign,IL,125.81529999999998,0,0.0,3
2026-04-15 05:15:00,"0132 - Champaign, IL",Unlead,Champaign,IL,23.342999999998938,0,0.0,1
2026-04-15 05:15:00,"0136 - Cottage Grove, WI",Diesel,Cottage Grove,WI,0.0,0,0.0,2
2026-04-15 05:15:00,"0136 - Cottage Grove, WI",Unlead,Cottage Grove,WI,0.0,0,0.0,1
2026-04-15 05:15:00,"0139 - Tuscola, IL",Diesel,Tuscola,IL,73.0,0,0.0,1
2026-04-15 05:15:00,"0139 - Tuscola, IL",Unlead,Tuscola,IL,0.0,0,0.0,2
2026-04-15 05:15:00,"0140 - Mendota, IL",Diesel,Mendota,IL,0.0,0,0.0,2
2026-04-15 05:15:00,"0140 - Mendota, IL",Unlead,Mendota,IL,15.0,0,0.0,2
2026-04-15 05:15:00,"0141 - Brazil, IN",Diesel,Brazil,IN,0.0,0,0.0,4
2026-04-15 05:15:00,"0141 - Brazil, IN",Unlead,Brazil,IN,10.0,0,0.0,1
2026-04-15 05:15:00,"0144 - Elk Run Height, IA",Diesel,Elk Run Height,IA,95.0,0,0.0,4
2026-04-15 05:15:00,"0144 - Elk Run Height, IA",Unlead,Elk Run Height,IA,0.0,0,0.0,2
2026-04-15 05:15:00,"0145 - Fenton, MO",Diesel,Fenton,MO,0.0,0,0.0,2
2026-04-15 05:15:00,"0145 - Fenton, MO",Unlead,Fenton,MO,10.0,0,0.0,1
2026-04-15 05:15:00,"0157 - Okawville, IL",Diesel,Okawville,IL,0.0,0,0.0,3
2026-04-15 05:15:00,"0157 - Okawville, IL",Unlead,Okawville,IL,0.0,0,0.0,1
2026-04-15 05:15:00,"0181 - Springfield, IL",Diesel,Springfield,IL,0.0,0,0.0,3
2026-04-15 05:15:00,"0181 - Springfield, IL",Unlead,Springfield,IL,12.21099999999933,0,0.0,1
2026-04-15 05:15:00,"0185 - McLean, IL",Diesel,McLean,IL,0.0,0,0.0,4
2026-04-15 05:15:00,"0185 - McLean, IL",Unlead,McLean,IL,18.07219999999961,0,0.0,1
2026-04-15 05:15:00,"0186 - Minonk, IL",Diesel,Minonk,IL,0.0,0,0.0,3
2026-04-15 05:15:00,"0186 - Minonk, IL",Unlead,Minonk,IL,0.0,0,0.0,1
2026-04-15 05:15:00,"0187 - Chicago, IL",Diesel,Chicago,IL,0.0,0,0.0,3
2026-04-15 05:15:00,"0187 - Chicago, IL",Unlead,Chicago,IL,20.027000000000044,0,0.0,1
2026-04-15 05:15:00,"0203 - Rockford, IL",Diesel,Rockford,IL,38.38100000000122,0,0.0,1
2026-04-15 05:15:00,"0203 - Rockford, IL",Unlead,Rockford,IL,0.0,0,0.0,1
2026-04-15 05:15:00,"0205 - South Beloit, IL",Diesel,South Beloit,IL,0.0,0,0.0,3
2026-04-15 05:15:00,"0205 - South Beloit, IL",Unlead,South Beloit,IL,26.0,0,0.0,1
2026-04-15 05:15:00,"0206 - Winnebago, IL",Diesel,Winnebago,IL,0.0,0,0.0,1
2026-04-15 05:15:00,"0206 - Winnebago, IL",Unlead,Winnebago,IL,5.0,0,0.0,1
2026-04-15 05:15:00,"0209 - Oakdale, WI",Diesel,Oakdale,WI,17.0,0,0.0,3
2026-04-15 05:15:00,"0209 - Oakdale, WI",Unlead,Oakdale,WI,0.0,0,0.0,1
2026-04-15 05:15:00,"0210 - Rochelle, IL",Diesel,Rochelle,IL,97.0,0,0.0,3
2026-04-15 05:15:00,"0210 - Rochelle, IL",Unlead,Rochelle,IL,7.0,0,0.0,1
2026-04-15 05:15:00,"0211 - Loves Park, IL",Diesel,Loves Park,IL,0.0,0,0.0,1
2026-04-15 05:15:00,"0211 - Loves Park, IL",Unlead,Loves Park,IL,0.0,0,0.0,1
2026-04-15 05:15:00,"0225 - Princeton, IL",Diesel,Princeton,IL,0.0,0,0.0,4
2026-04-15 05:15:00,"0225 - Princeton, IL",Unlead,Princeton,IL,0.0,0,0.0,2
2026-04-15 05:15:00,"0226 - Greenwood, IN",Diesel,Greenwood,IN,0.0,0,0.0,2
2026-04-15 05:15:00,"0226 - Greenwood, IN",Unlead,Greenwood,IN,18.0,0,0.0,2
2026-04-15 05:15:00,"0235 - Hampshire, IL",Diesel,Hampshire,IL,0.0,0,0.0,2
2026-04-15 05:15:00,"0235 - Hampshire, IL",Unlead,Hampshire,IL,5.0,0,0.0,2
2026-04-15 05:15:00,"0236 - East Troy, WI",Diesel,East Troy,WI,119.0,0,0.0,2
2026-04-15 05:15:00,"0236 - East Troy, WI",Unlead,East Troy,WI,0.0,0,0.0,1
2026-04-15 05:15:00,"0240 - Lake Station, IN",Diesel,Lake Station,IN,0.0,0,0.0,5
2026-04-15 05:15:00,"0240 - Lake Station, IN",Unlead,Lake Station,IN,27.0,0,0.0,2
2026-04-15 05:15:00,"0242 - St Robert, MO",Diesel,St Robert,MO,64.51300000000083,0,0.0,4
2026-04-15 05:15:00,"0263 - Ottawa, IL",Diesel,Ottawa,IL,0.0,0,0.0,3
2026-04-15 05:15:00,"0263 - Ottawa, IL",Unlead,Ottawa,IL,66.0,0,0.0,1
2026-04-15 05:15:00,"0265 - Dixon, IL",Diesel,Dixon,IL,240.8760000000002,0,0.0,3
2026-04-15 05:15:00,"0265 - Dixon, IL",Unlead,Dixon,IL,0.0,0,0.0,1
2026-04-15 05:15:00,"0266 - New Berlin, IL",Diesel,New Berlin,IL,0.0,0,0.0,3
2026-04-15 05:15:00,"0266 - New Berlin, IL",Unlead,New Berlin,IL,0.0,0,0.0,1
2026-04-15 05:15:00,"0267 - Pharr, TX",Diesel,Pharr,TX,0.0,0,0.0,4
2026-04-15 05:15:00,"0267 - Pharr, TX",Unlead,Pharr,TX,0.0,0,0.0,1
2026-04-15 05:15:00,"0268 - Grayville, IL",Diesel,Grayville,IL,0.0,0,0.0,3
2026-04-15 05:15:00,"0268 - Grayville, IL",Unlead,Grayville,IL,7.0,0,0.0,1
2026-04-15 05:15:00,"0269 - Marshall, IL",Diesel,Marshall,IL,44.0,0,0.0,3
2026-04-15 05:15:00,"0269 - Marshall, IL",Unlead,Marshall,IL,22.0,0,0.0,1
2026-04-15 05:15:00,"0270 - Moore, TX",Diesel,Moore,TX,12.0,0,0.0,3
2026-04-15 05:15:00,"0270 - Moore, TX",Unlead,Moore,TX,21.0,0,0.0,1
2026-04-15 05:15:00,"0271 - Odessa, TX",Diesel,Odessa,TX,236.39919999999984,0,0.0,3
2026-04-15 05:15:00,"0271 - Odessa, TX",Unlead,Odessa,TX,14.475999999998749,0,0.0,1
2026-04-15 05:15:00,"0272 - Encinal, TX",Diesel,Encinal,TX,209.40999999999804,0,0.0,3
2026-04-15 05:15:00,"0272 - Encinal, TX",Unlead,Encinal,TX,2.216999999998734,0,0.0,1
2026-04-15 05:15:00,"0273 - Combes, TX",Diesel,Combes,TX,0.0,0,0.0,3
2026-04-15 05:15:00,"0273 - Combes, TX",Unlead,Combes,TX,8.903000000000247,0,0.0,1
2026-04-15 05:15:00,"0275 - Sonora, TX",Diesel,Sonora,TX,133.25440000000071,0,0.0,3
2026-04-15 05:15:00,"0275 - Sonora, TX",Unlead,Sonora,TX,46.134000000000015,0,0.0,1
2026-04-15 05:15:00,"0276 - Waco, TX",Diesel,Waco,TX,234.63309999999865,0,0.0,3
2026-04-15 05:15:00,"0276 - Waco, TX",Unlead,Waco,TX,0.0,0,0.0,1
2026-04-15 05:15:00,"0277 - New Boston, TX",Diesel,New Boston,TX,0.0,0,0.0,3
2026-04-15 05:15:00,"0277 - New Boston, TX",Unlead,New Boston,TX,0.0,0,0.0,1
2026-04-15 05:15:00,"0278 - Brinkley, AR",Diesel,Brinkley,AR,0.0,0,0.0,3
2026-04-15 05:15:00,"0278 - Brinkley, AR",Unlead,Brinkley,AR,10.040000000000873,0,0.0,1
2026-04-15 05:15:00,"0279 - Marion, IL",Diesel,Marion,IL,0.0,0,0.0,3
2026-04-15 05:15:00,"0279 - Marion, IL",Unlead,Marion,IL,9.1200000000008,0,0.0,1
2026-04-15 05:15:00,"0280 - Monahans, TX",Diesel,Monahans,TX,146.27919999999995,0,0.0,3
2026-04-15 05:15:00,"0280 - Monahans, TX",Unlead,Monahans,TX,13.772000000000844,0,0.0,1
2026-04-15 05:15:00,"0281 - Cisco, TX",Diesel,Cisco,TX,0.0,0,0.0,3
2026-04-15 05:15:00,"0281 - Cisco, TX",Unlead,Cisco,TX,17.72700000000077,0,0.0,1
2026-04-15 05:15:00,"0282 - Gainesville, TX",Diesel,Gainesville,TX,10.973000000001775,0,0.0,3
2026-04-15 05:15:00,"0282 - Gainesville, TX",Unlead,Gainesville,TX,0.0,0,0.0,1
2026-04-15 05:15:00,"0283 - Sealy, TX",Diesel,Sealy,TX,75.6160000000018,0,0.0,3
2026-04-15 05:15:00,"0283 - Sealy, TX",Unlead,Sealy,TX,15.889999999999418,0,0.0,1
2026-04-15 05:15:00,"0284 - New Deal, TX",Diesel,New Deal,TX,0.0,0,0.0,3
2026-04-15 05:15:00,"0284 - New Deal, TX",Unlead,New Deal,TX,0.0,0,0.0,1
2026-04-15 05:15:00,"0285 - Seguin, TX",Diesel,Seguin,TX,249.81899999999996,0,0.0,3
2026-04-15 05:15:00,"0285 - Seguin, TX",Unlead,Seguin,TX,0.0,0,0.0,1
2026-04-15 05:15:00,"0286 - Amarillo, TX",Diesel,Amarillo,TX,46.83700000000135,0,0.0,3
2026-04-15 05:15:00,"0286 - Amarillo, TX",Unlead,Amarillo,TX,0.0,0,0.0,1
2026-04-15 05:15:00,"0287 - Burbonnais, IL",Diesel,Burbonnais,IL,0.0,0,0.0,3
2026-04-15 05:15:00,"0287 - Burbonnais, IL",Unlead,Burbonnais,IL,0.0,0,0.0,1
2026-04-15 05:15:00,"0289 - Teague, TX",Diesel,Teague,TX,0.0,0,0.0,3
2026-04-15 05:15:00,"0289 - Teague, TX",Unlead,Teague,TX,4.31000000000131,0,0.0,1
2026-04-15 05:15:00,"0290 - Joplin, MO",Diesel,Joplin,MO,0.0,0,0.0,3
2026-04-15 05:15:00,"0290 - Joplin, MO",Unlead,Joplin,MO,0.0,0,0.0,1
2026-04-15 05:15:00,"0312 - Vidor, TX",Diesel,Vidor,TX,122.02259999999933,0,0.0,3
2026-04-15 05:15:00,"0312 - Vidor, TX",Unlead,Vidor,TX,20.561999999999898,0,0.0,1
2026-04-15 05:15:00,"0315 - Laredo, TX",Diesel,Laredo,TX,0.0,0,0.0,3
2026-04-15 05:15:00,"0315 - Laredo, TX",Unlead,Laredo,TX,0.0,0,0.0,1
2026-04-15 05:15:00,"0319 - Milford, TX",Diesel,Milford,TX,336.9810000000016,0,0.0,3
2026-04-15 05:15:00,"0319 - Milford, TX",Unlead,Milford,TX,7.362999999999374,0,0.0,1
2026-04-15 05:15:00,"0323 - Canton, TX",Diesel,Canton,TX,0.0,0,0.0,3
2026-04-15 05:15:00,"0323 - Canton, TX",Unlead,Canton,TX,29.96600000000035,0,0.0,1
2026-04-15 05:30:05,"0118 - Springfield, IL",Diesel,Springfield,IL,0.0,0,0.0,3
2026-04-15 05:30:05,"0118 - Springfield, IL",Unlead,Springfield,IL,0.0,0,0.0,1
2026-04-15 05:30:05,"0132 - Champaign, IL",Diesel,Champaign,IL,0.0,0,0.0,3
2026-04-15 05:30:05,"0132 - Champaign, IL",Unlead,Champaign,IL,5.574000000000524,0,0.0,1
2026-04-15 05:30:05,"0136 - Cottage Grove, WI",Diesel,Cottage Grove,WI,0.0,0,0.0,2
2026-04-15 05:30:05,"0136 - Cottage Grove, WI",Unlead,Cottage Grove,WI,0.0,0,0.0,1
2026-04-15 05:30:05,"0139 - Tuscola, IL",Diesel,Tuscola,IL,257.0,0,0.0,1
2026-04-15 05:30:05,"0139 - Tuscola, IL",Unlead,Tuscola,IL,34.0,0,0.0,2
2026-04-15 05:30:05,"0140 - Mendota, IL",Diesel,Mendota,IL,40.0,0,0.0,2
2026-04-15 05:30:05,"0140 - Mendota, IL",Unlead,Mendota,IL,2.0,0,0.0,2
2026-04-15 05:30:05,"0141 - Brazil, IN",Diesel,Brazil,IN,0.0,0,0.0,4
2026-04-15 05:30:05,"0141 - Brazil, IN",Unlead,Brazil,IN,11.0,0,0.0,1
2026-04-15 05:30:05,"0144 - Elk Run Height, IA",Diesel,Elk Run Height,IA,12.0,0,0.0,4
2026-04-15 05:30:05,"0144 - Elk Run Height, IA",Unlead,Elk Run Height,IA,0.0,0,0.0,2
2026-04-15 05:30:05,"0145 - Fenton, MO",Diesel,Fenton,MO,73.0,0,0.0,2
2026-04-15 05:30:05,"0145 - Fenton, MO",Unlead,Fenton,MO,0.0,0,0.0,1
2026-04-15 05:30:05,"0157 - Okawville, IL",Diesel,Okawville,IL,111.0,0,0.0,3
2026-04-15 05:30:05,"0157 - Okawville, IL",Unlead,Okawville,IL,0.0,0,0.0,1
2026-04-15 05:30:05,"0181 - Springfield, IL",Diesel,Springfield,IL,0.0,0,0.0,3
2026-04-15 05:30:05,"0181 - Springfield, IL",Unlead,Springfield,IL,16.625,0,0.0,1
2026-04-15 05:30:05,"0185 - McLean, IL",Diesel,McLean,IL,117.27600000000166,0,0.0,4
2026-04-15 05:30:05,"0185 - McLean, IL",Unlead,McLean,IL,5.846700000000055,0,0.0,1
2026-04-15 05:30:05,"0186 - Minonk, IL",Diesel,Minonk,IL,0.0,0,0.0,3
2026-04-15 05:30:05,"0186 - Minonk, IL",Unlead,Minonk,IL,20.231300000000374,0,0.0,1
2026-04-15 05:30:05,"0187 - Chicago, IL",Diesel,Chicago,IL,0.0,0,0.0,3
2026-04-15 05:30:05,"0187 - Chicago, IL",Unlead,Chicago,IL,26.770000000000437,0,0.0,1
2026-04-15 05:30:05,"0203 - Rockford, IL",Diesel,Rockford,IL,54.83100000000013,0,0.0,1
2026-04-15 05:30:05,"0203 - Rockford, IL",Unlead,Rockford,IL,55.67400000000089,0,0.0,1
2026-04-15 05:30:05,"0205 - South Beloit, IL",Diesel,South Beloit,IL,13.0,0,0.0,3
2026-04-15 05:30:05,"0205 - South Beloit, IL",Unlead,South Beloit,IL,43.0,0,0.0,1
2026-04-15 05:30:05,"0206 - Winnebago, IL",Diesel,Winnebago,IL,0.0,0,0.0,1
2026-04-15 05:30:05,"0206 - Winnebago, IL",Unlead,Winnebago,IL,5.0,0,0.0,1
2026-04-15 05:30:05,"0209 - Oakdale, WI",Diesel,Oakdale,WI,188.0,0,0.0,3
2026-04-15 05:30:05,"0209 - Oakdale, WI",Unlead,Oakdale,WI,0.0,0,0.0,1
2026-04-15 05:30:05,"0210 - Rochelle, IL",Diesel,Rochelle,IL,341.0,0,0.0,3
2026-04-15 05:30:05,"0210 - Rochelle, IL",Unlead,Rochelle,IL,23.0,0,0.0,1
2026-04-15 05:30:05,"0211 - Loves Park, IL",Diesel,Loves Park,IL,0.0,0,0.0,1
2026-04-15 05:30:05,"0211 - Loves Park, IL",Unlead,Loves Park,IL,0.0,0,0.0,1
2026-04-15 05:30:05,"0225 - Princeton, IL",Diesel,Princeton,IL,202.0,0,0.0,4
2026-04-15 05:30:05,"0225 - Princeton, IL",Unlead,Princeton,IL,0.0,0,0.0,2
2026-04-15 05:30:05,"0226 - Greenwood, IN",Diesel,Greenwood,IN,134.0,0,0.0,2
2026-04-15 05:30:05,"0226 - Greenwood, IN",Unlead,Greenwood,IN,0.0,0,0.0,2
2026-04-15 05:30:05,"0235 - Hampshire, IL",Diesel,Hampshire,IL,80.0,0,0.0,2
2026-04-15 05:30:05,"0235 - Hampshire, IL",Unlead,Hampshire,IL,4.0,0,0.0,2
2026-04-15 05:30:05,"0236 - East Troy, WI",Diesel,East Troy,WI,0.0,0,0.0,2
2026-04-15 05:30:05,"0236 - East Troy, WI",Unlead,East Troy,WI,0.0,0,0.0,1
2026-04-15 05:30:05,"0240 - Lake Station, IN",Diesel,Lake Station,IN,15.0,0,0.0,5
2026-04-15 05:30:05,"0240 - Lake Station, IN",Unlead,Lake Station,IN,23.0,0,0.0,2
2026-04-15 05:30:05,"0242 - St Robert, MO",Diesel,St Robert,MO,0.0,0,0.0,4
2026-04-15 05:30:05,"0263 - Ottawa, IL",Diesel,Ottawa,IL,144.0,0,0.0,3
2026-04-15 05:30:05,"0263 - Ottawa, IL",Unlead,Ottawa,IL,28.0,0,0.0,1
2026-04-15 05:30:05,"0265 - Dixon, IL",Diesel,Dixon,IL,125.64900000000125,1,106.15099999999984,3
2026-04-15 05:30:05,"0265 - Dixon, IL",Unlead,Dixon,IL,12.423099999999977,0,0.0,1
2026-04-15 05:30:05,"0266 - New Berlin, IL",Diesel,New Berlin,IL,66.0,0,0.0,3
2026-04-15 05:30:05,"0266 - New Berlin, IL",Unlead,New Berlin,IL,4.014000000001033,0,0.0,1
2026-04-15 05:30:05,"0267 - Pharr, TX",Diesel,Pharr,TX,0.0,0,0.0,4
2026-04-15 05:30:05,"0267 - Pharr, TX",Unlead,Pharr,TX,0.0,0,0.0,1
2026-04-15 05:30:05,"0268 - Grayville, IL",Diesel,Grayville,IL,59.0,0,0.0,3
2026-04-15 05:30:05,"0268 - Grayville, IL",Unlead,Grayville,IL,11.0,0,0.0,1
2026-04-15 05:30:05,"0269 - Marshall, IL",Diesel,Marshall,IL,7.0,0,0.0,3
2026-04-15 05:30:05,"0269 - Marshall, IL",Unlead,Marshall,IL,14.0,0,0.0,1
2026-04-15 05:30:05,"0270 - Moore, TX",Diesel,Moore,TX,0.0,0,0.0,3
2026-04-15 05:30:05,"0270 - Moore, TX",Unlead,Moore,TX,0.0,0,0.0,1
2026-04-15 05:30:05,"0271 - Odessa, TX",Diesel,Odessa,TX,182.85789999999997,0,0.0,3
2026-04-15 05:30:05,"0271 - Odessa, TX",Unlead,Odessa,TX,90.07999999999993,0,0.0,1
2026-04-15 05:30:05,"0272 - Encinal, TX",Diesel,Encinal,TX,27.965000000000146,0,0.0,3
2026-04-15 05:30:05,"0272 - Encinal, TX",Unlead,Encinal,TX,0.0,0,0.0,1
2026-04-15 05:30:05,"0273 - Combes, TX",Diesel,Combes,TX,0.0,0,0.0,3
2026-04-15 05:30:05,"0273 - Combes, TX",Unlead,Combes,TX,9.389999999999418,0,0.0,1
2026-04-15 05:30:05,"0275 - Sonora, TX",Diesel,Sonora,TX,0.0,0,0.0,3
2026-04-15 05:30:05,"0275 - Sonora, TX",Unlead,Sonora,TX,5.6599999999998545,0,0.0,1
2026-04-15 05:30:05,"0276 - Waco, TX",Diesel,Waco,TX,386.56030000000055,0,0.0,3
2026-04-15 05:30:05,"0276 - Waco, TX",Unlead,Waco,TX,17.174999999999272,0,0.0,1
2026-04-15 05:30:05,"0277 - New Boston, TX",Diesel,New Boston,TX,0.0,0,0.0,3
2026-04-15 05:30:05,"0277 - New Boston, TX",Unlead,New Boston,TX,0.0,0,0.0,1
2026-04-15 05:30:05,"0278 - Brinkley, AR",Diesel,Brinkley,AR,8.476000000000568,0,0.0,3
2026-04-15 05:30:05,"0278 - Brinkley, AR",Unlead,Brinkley,AR,13.968999999999141,0,0.0,1
2026-04-15 05:30:05,"0279 - Marion, IL",Diesel,Marion,IL,56.711999999999534,0,0.0,3
2026-04-15 05:30:05,"0279 - Marion, IL",Unlead,Marion,IL,3.3919999999998254,0,0.0,1
2026-04-15 05:30:05,"0280 - Monahans, TX",Diesel,Monahans,TX,49.231300000000374,0,0.0,3
2026-04-15 05:30:05,"0280 - Monahans, TX",Unlead,Monahans,TX,16.873999999999796,0,0.0,1
2026-04-15 05:30:05,"0281 - Cisco, TX",Diesel,Cisco,TX,74.02599999999984,0,0.0,3
2026-04-15 05:30:05,"0281 - Cisco, TX",Unlead,Cisco,TX,34.14600000000064,0,0.0,1
2026-04-15 05:30:05,"0282 - Gainesville, TX",Diesel,Gainesville,TX,0.0,0,0.0,3
2026-04-15 05:30:05,"0282 - Gainesville, TX",Unlead,Gainesville,TX,0.0,0,0.0,1
2026-04-15 05:30:05,"0283 - Sealy, TX",Diesel,Sealy,TX,235.391999999998,0,0.0,3
2026-04-15 05:30:05,"0283 - Sealy, TX",Unlead,Sealy,TX,0.0,0,0.0,1
2026-04-15 05:30:05,"0284 - New Deal, TX",Diesel,New Deal,TX,0.0,0,0.0,3
2026-04-15 05:30:05,"0284 - New Deal, TX",Unlead,New Deal,TX,8.61620000000039,0,0.0,1
2026-04-15 05:30:05,"0285 - Seguin, TX",Diesel,Seguin,TX,380.37210000000005,0,0.0,3
2026-04-15 05:30:05,"0285 - Seguin, TX",Unlead,Seguin,TX,9.309699999999793,0,0.0,1
2026-04-15 05:30:05,"0286 - Amarillo, TX",Diesel,Amarillo,TX,96.78700000000026,0,0.0,3
2026-04-15 05:30:05,"0286 - Amarillo, TX",Unlead,Amarillo,TX,12.915999999999258,0,0.0,1
2026-04-15 05:30:05,"0287 - Burbonnais, IL",Diesel,Burbonnais,IL,0.0,0,0.0,3
2026-04-15 05:30:05,"0287 - Burbonnais, IL",Unlead,Burbonnais,IL,8.333999999998923,0,0.0,1
2026-04-15 05:30:05,"0289 - Teague, TX",Diesel,Teague,TX,135.55699999999888,0,0.0,3
2026-04-15 05:30:05,"0289 - Teague, TX",Unlead,Teague,TX,0.0,0,0.0,1
2026-04-15 05:30:05,"0290 - Joplin, MO",Diesel,Joplin,MO,0.0,0,0.0,3
2026-04-15 05:30:05,"0290 - Joplin, MO",Unlead,Joplin,MO,11.41229999999996,0,0.0,1
2026-04-15 05:30:05,"0312 - Vidor, TX",Diesel,Vidor,TX,82.85440000000108,0,0.0,3
2026-04-15 05:30:05,"0312 - Vidor, TX",Unlead,Vidor,TX,28.3179999999993,0,0.0,1
2026-04-15 05:30:05,"0315 - Laredo, TX",Diesel,Laredo,TX,0.0,0,0.0,3
2026-04-15 05:30:05,"0315 - Laredo, TX",Unlead,Laredo,TX,0.0,0,0.0,1
2026-04-15 05:30:05,"0319 - Milford, TX",Diesel,Milford,TX,46.52599999999984,0,0.0,3
2026-04-15 05:30:05,"0319 - Milford, TX",Unlead,Milford,TX,51.45100000000093,0,0.0,1
2026-04-15 05:30:05,"0323 - Canton, TX",Diesel,Canton,TX,0.0,0,0.0,3
2026-04-15 05:30:05,"0323 - Canton, TX",Unlead,Canton,TX,23.54199999999946,0,0.0,1
2026-04-15 05:45:09,"0118 - Springfield, IL",Diesel,Springfield,IL,97.0,0,0.0,3
2026-04-15 05:45:09,"0118 - Springfield, IL",Unlead,Springfield,IL,11.0,0,0.0,1
2026-04-15 05:45:09,"0132 - Champaign, IL",Diesel,Champaign,IL,0.0,0,0.0,3
2026-04-15 05:45:09,"0132 - Champaign, IL",Unlead,Champaign,IL,0.0,0,0.0,1
2026-04-15 05:45:09,"0136 - Cottage Grove, WI",Diesel,Cottage Grove,WI,0.0,0,0.0,2
2026-04-15 05:45:09,"0136 - Cottage Grove, WI",Unlead,Cottage Grove,WI,0.0,0,0.0,1
2026-04-15 05:45:09,"0139 - Tuscola, IL",Diesel,Tuscola,IL,0.0,0,0.0,1
2026-04-15 05:45:09,"0139 - Tuscola, IL",Unlead,Tuscola,IL,0.0,0,0.0,2
2026-04-15 05:45:09,"0140 - Mendota, IL",Diesel,Mendota,IL,58.0,0,0.0,2
2026-04-15 05:45:09,"0140 - Mendota, IL",Unlead,Mendota,IL,24.0,0,0.0,2
2026-04-15 05:45:09,"0141 - Brazil, IN",Diesel,Brazil,IN,170.58590000000004,0,0.0,4
2026-04-15 05:45:09,"0141 - Brazil, IN",Unlead,Brazil,IN,16.0,0,0.0,1
2026-04-15 05:45:09,"0144 - Elk Run Height, IA",Diesel,Elk Run Height,IA,0.0,0,0.0,4
2026-04-15 05:45:09,"0144 - Elk Run Height, IA",Unlead,Elk Run Height,IA,0.0,0,0.0,2
2026-04-15 05:45:09,"0145 - Fenton, MO",Diesel,Fenton,MO,121.0,0,0.0,2
2026-04-15 05:45:09,"0145 - Fenton, MO",Unlead,Fenton,MO,2.0,0,0.0,1
2026-04-15 05:45:09,"0157 - Okawville, IL",Diesel,Okawville,IL,32.0,0,0.0,3
2026-04-15 05:45:09,"0157 - Okawville, IL",Unlead,Okawville,IL,0.0,0,0.0,1
2026-04-15 05:45:09,"0181 - Springfield, IL",Diesel,Springfield,IL,0.0,0,0.0,3
2026-04-15 05:45:09,"0181 - Springfield, IL",Unlead,Springfield,IL,3.42200000000048,0,0.0,1
2026-04-15 05:45:09,"0185 - McLean, IL",Diesel,McLean,IL,93.79999999999927,0,0.0,4
2026-04-15 05:45:09,"0185 - McLean, IL",Unlead,McLean,IL,11.497699999999895,0,0.0,1
2026-04-15 05:45:09,"0186 - Minonk, IL",Diesel,Minonk,IL,0.0,0,0.0,3
2026-04-15 05:45:09,"0186 - Minonk, IL",Unlead,Minonk,IL,0.0,0,0.0,1
2026-04-15 05:45:09,"0187 - Chicago, IL",Diesel,Chicago,IL,0.0,0,0.0,3
2026-04-15 05:45:09,"0187 - Chicago, IL",Unlead,Chicago,IL,3.0280000000002474,0,0.0,1
2026-04-15 05:45:09,"0203 - Rockford, IL",Diesel,Rockford,IL,6.477999999999156,0,0.0,1
2026-04-15 05:45:09,"0203 - Rockford, IL",Unlead,Rockford,IL,10.322000000000116,0,0.0,1
2026-04-15 05:45:09,"0205 - South Beloit, IL",Diesel,South Beloit,IL,11.0,0,0.0,3
2026-04-15 05:45:09,"0205 - South Beloit, IL",Unlead,South Beloit,IL,0.0,0,0.0,1
2026-04-15 05:45:09,"0206 - Winnebago, IL",Diesel,Winnebago,IL,0.0,0,0.0,1
2026-04-15 05:45:09,"0206 - Winnebago, IL",Unlead,Winnebago,IL,25.0,0,0.0,1
2026-04-15 05:45:09,"0209 - Oakdale, WI",Diesel,Oakdale,WI,401.0,0,0.0,3
2026-04-15 05:45:09,"0209 - Oakdale, WI",Unlead,Oakdale,WI,8.0,0,0.0,1
2026-04-15 05:45:09,"0210 - Rochelle, IL",Diesel,Rochelle,IL,0.0,0,0.0,3
2026-04-15 05:45:09,"0210 - Rochelle, IL",Unlead,Rochelle,IL,40.0,0,0.0,1
2026-04-15 05:45:09,"0211 - Loves Park, IL",Diesel,Loves Park,IL,31.0,0,0.0,1
2026-04-15 05:45:09,"0211 - Loves Park, IL",Unlead,Loves Park,IL,42.0,0,0.0,1
2026-04-15 05:45:09,"0225 - Princeton, IL",Diesel,Princeton,IL,137.0,0,0.0,4
2026-04-15 05:45:09,"0225 - Princeton, IL",Unlead,Princeton,IL,0.0,0,0.0,2
2026-04-15 05:45:09,"0226 - Greenwood, IN",Diesel,Greenwood,IN,191.0,0,0.0,2
2026-04-15 05:45:09,"0226 - Greenwood, IN",Unlead,Greenwood,IN,0.0,0,0.0,2
2026-04-15 05:45:09,"0235 - Hampshire, IL",Diesel,Hampshire,IL,0.0,0,0.0,2
2026-04-15 05:45:09,"0235 - Hampshire, IL",Unlead,Hampshire,IL,32.0,0,0.0,2
2026-04-15 05:45:09,"0236 - East Troy, WI",Diesel,East Troy,WI,0.0,0,0.0,2
2026-04-15 05:45:09,"0236 - East Troy, WI",Unlead,East Troy,WI,6.0,0,0.0,1
2026-04-15 05:45:09,"0240 - Lake Station, IN",Diesel,Lake Station,IN,0.0,0,0.0,5
2026-04-15 05:45:09,"0240 - Lake Station, IN",Unlead,Lake Station,IN,25.0,0,0.0,2
2026-04-15 05:45:09,"0242 - St Robert, MO",Diesel,St Robert,MO,0.0,0,0.0,4
2026-04-15 05:45:09,"0263 - Ottawa, IL",Diesel,Ottawa,IL,28.0,0,0.0,3
2026-04-15 05:45:09,"0263 - Ottawa, IL",Unlead,Ottawa,IL,21.0,0,0.0,1
2026-04-15 05:45:09,"0265 - Dixon, IL",Diesel,Dixon,IL,60.675999999999476,0,0.0,3
2026-04-15 05:45:09,"0265 - Dixon, IL",Unlead,Dixon,IL,0.0,0,0.0,1
2026-04-15 05:45:09,"0266 - New Berlin, IL",Diesel,New Berlin,IL,0.0,0,0.0,3
2026-04-15 05:45:09,"0266 - New Berlin, IL",Unlead,New Berlin,IL,33.49799999999959,0,0.0,1
2026-04-15 05:45:09,"0267 - Pharr, TX",Diesel,Pharr,TX,0.0,0,0.0,4
2026-04-15 05:45:09,"0267 - Pharr, TX",Unlead,Pharr,TX,0.0,0,0.0,1
2026-04-15 05:45:09,"0268 - Grayville, IL",Diesel,Grayville,IL,127.0,0,0.0,3
2026-04-15 05:45:09,"0268 - Grayville, IL",Unlead,Grayville,IL,0.0,0,0.0,1
2026-04-15 05:45:09,"0269 - Marshall, IL",Diesel,Marshall,IL,236.0,0,0.0,3
2026-04-15 05:45:09,"0269 - Marshall, IL",Unlead,Marshall,IL,0.0,0,0.0,1
2026-04-15 05:45:09,"0270 - Moore, TX",Diesel,Moore,TX,147.0,0,0.0,3
2026-04-15 05:45:09,"0270 - Moore, TX",Unlead,Moore,TX,8.0,0,0.0,1
2026-04-15 05:45:09,"0271 - Odessa, TX",Diesel,Odessa,TX,108.69920000000002,0,0.0,3
2026-04-15 05:45:09,"0271 - Odessa, TX",Unlead,Odessa,TX,30.042500000001382,0,0.0,1
2026-04-15 05:45:09,"0272 - Encinal, TX",Diesel,Encinal,TX,6.681000000000495,0,0.0,3
2026-04-15 05:45:09,"0272 - Encinal, TX",Unlead,Encinal,TX,0.0,0,0.0,1
2026-04-15 05:45:09,"0273 - Combes, TX",Diesel,Combes,TX,55.64299999999821,0,0.0,3
2026-04-15 05:45:09,"0273 - Combes, TX",Unlead,Combes,TX,49.70299999999952,0,0.0,1
2026-04-15 05:45:09,"0275 - Sonora, TX",Diesel,Sonora,TX,19.373999999999796,0,0.0,3
2026-04-15 05:45:09,"0275 - Sonora, TX",Unlead,Sonora,TX,17.622999999999593,0,0.0,1
2026-04-15 05:45:09,"0276 - Waco, TX",Diesel,Waco,TX,140.78900000000067,0,0.0,3
2026-04-15 05:45:09,"0276 - Waco, TX",Unlead,Waco,TX,0.0,0,0.0,1
2026-04-15 05:45:09,"0277 - New Boston, TX",Diesel,New Boston,TX,47.56399999999849,0,0.0,3
2026-04-15 05:45:09,"0277 - New Boston, TX",Unlead,New Boston,TX,0.0,0,0.0,1
2026-04-15 05:45:09,"0278 - Brinkley, AR",Diesel,Brinkley,AR,18.48199999999997,0,0.0,3
2026-04-15 05:45:09,"0278 - Brinkley, AR",Unlead,Brinkley,AR,0.0,0,0.0,1
2026-04-15 05:45:09,"0279 - Marion, IL",Diesel,Marion,IL,42.12300000000141,0,0.0,3
2026-04-15 05:45:09,"0279 - Marion, IL",Unlead,Marion,IL,79.59200000000055,0,0.0,1
2026-04-15 05:45:09,"0280 - Monahans, TX",Diesel,Monahans,TX,94.64699999999993,0,0.0,3
2026-04-15 05:45:09,"0280 - Monahans, TX",Unlead,Monahans,TX,52.61499999999978,0,0.0,1
2026-04-15 05:45:09,"0281 - Cisco, TX",Diesel,Cisco,TX,30.717000000000553,0,0.0,3
2026-04-15 05:45:09,"0281 - Cisco, TX",Unlead,Cisco,TX,0.0,0,0.0,1
2026-04-15 05:45:09,"0282 - Gainesville, TX",Diesel,Gainesville,TX,0.0,0,0.0,3
2026-04-15 05:45:09,"0282 - Gainesville, TX",Unlead,Gainesville,TX,0.0,0,0.0,1
2026-04-15 05:45:09,"0283 - Sealy, TX",Diesel,Sealy,TX,116.1859999999997,0,0.0,3
2026-04-15 05:45:09,"0283 - Sealy, TX",Unlead,Sealy,TX,0.0,0,0.0,1
2026-04-15 05:45:09,"0284 - New Deal, TX",Diesel,New Deal,TX,0.0,0,0.0,3
2026-04-15 05:45:09,"0284 - New Deal, TX",Unlead,New Deal,TX,23.788399999999456,0,0.0,1
2026-04-15 05:45:09,"0285 - Seguin, TX",Diesel,Seguin,TX,0.0,0,0.0,3
2026-04-15 05:45:09,"0285 - Seguin, TX",Unlead,Seguin,TX,49.987600000000384,0,0.0,1
2026-04-15 05:45:09,"0286 - Amarillo, TX",Diesel,Amarillo,TX,0.0,0,0.0,3
2026-04-15 05:45:09,"0286 - Amarillo, TX",Unlead,Amarillo,TX,4.581000000000131,0,0.0,1
2026-04-15 05:45:09,"0287 - Burbonnais, IL",Diesel,Burbonnais,IL,42.76599999999962,0,0.0,3
2026-04-15 05:45:09,"0287 - Burbonnais, IL",Unlead,Burbonnais,IL,50.72700000000077,0,0.0,1
2026-04-15 05:45:09,"0289 - Teague, TX",Diesel,Teague,TX,114.62200000000121,0,0.0,3
2026-04-15 05:45:09,"0289 - Teague, TX",Unlead,Teague,TX,74.35399999999936,0,0.0,1
2026-04-15 05:45:09,"0290 - Joplin, MO",Diesel,Joplin,MO,223.86579999999958,0,0.0,3
2026-04-15 05:45:09,"0290 - Joplin, MO",Unlead,Joplin,MO,18.938000000000102,0,0.0,1
2026-04-15 05:45:09,"0312 - Vidor, TX",Diesel,Vidor,TX,41.64300000000003,0,0.0,3
2026-04-15 05:45:09,"0312 - Vidor, TX",Unlead,Vidor,TX,37.88800000000083,0,0.0,1
2026-04-15 05:45:09,"0315 - Laredo, TX",Diesel,Laredo,TX,0.0,0,0.0,3
2026-04-15 05:45:09,"0315 - Laredo, TX",Unlead,Laredo,TX,0.0,0,0.0,1
2026-04-15 05:45:09,"0319 - Milford, TX",Diesel,Milford,TX,315.0750000000007,0,0.0,3
2026-04-15 05:45:09,"0319 - Milford, TX",Unlead,Milford,TX,39.219999999999345,0,0.0,1
2026-04-15 05:45:09,"0323 - Canton, TX",Diesel,Canton,TX,105.10729999999967,0,0.0,3
2026-04-15 05:45:09,"0323 - Canton, TX",Unlead,Canton,TX,13.085000000000946,0,0.0,1
2026-04-15 06:00:10,"0118 - Springfield, IL",Diesel,Springfield,IL,9.0,0,0.0,3
2026-04-15 06:00:10,"0118 - Springfield, IL",Unlead,Springfield,IL,22.0,0,0.0,1
2026-04-15 06:00:10,"0132 - Champaign, IL",Diesel,Champaign,IL,0.0,0,0.0,3
2026-04-15 06:00:10,"0132 - Champaign, IL",Unlead,Champaign,IL,6.828000000001339,0,0.0,1
2026-04-15 06:00:10,"0136 - Cottage Grove, WI",Diesel,Cottage Grove,WI,0.0,0,0.0,2
2026-04-15 06:00:10,"0136 - Cottage Grove, WI",Unlead,Cottage Grove,WI,0.0,0,0.0,1
2026-04-15 06:00:10,"0139 - Tuscola, IL",Diesel,Tuscola,IL,0.0,0,0.0,1
2026-04-15 06:00:10,"0139 - Tuscola, IL",Unlead,Tuscola,IL,17.0,0,0.0,2
2026-04-15 06:00:10,"0140 - Mendota, IL",Diesel,Mendota,IL,0.0,0,0.0,2
2026-04-15 06:00:10,"0140 - Mendota, IL",Unlead,Mendota,IL,39.0,0,0.0,2
2026-04-15 06:00:10,"0141 - Brazil, IN",Diesel,Brazil,IN,69.95489999999972,0,0.0,4
2026-04-15 06:00:10,"0141 - Brazil, IN",Unlead,Brazil,IN,0.0,0,0.0,1
2026-04-15 06:00:10,"0144 - Elk Run Height, IA",Diesel,Elk Run Height,IA,0.0,0,0.0,4
2026-04-15 06:00:10,"0144 - Elk Run Height, IA",Unlead,Elk Run Height,IA,13.298300000000381,0,0.0,2
2026-04-15 06:00:10,"0145 - Fenton, MO",Diesel,Fenton,MO,210.0,0,0.0,2
2026-04-15 06:00:10,"0145 - Fenton, MO",Unlead,Fenton,MO,14.0,0,0.0,1
2026-04-15 06:00:10,"0157 - Okawville, IL",Diesel,Okawville,IL,0.0,0,0.0,3
2026-04-15 06:00:10,"0157 - Okawville, IL",Unlead,Okawville,IL,31.798000000002503,0,0.0,1
2026-04-15 06:00:10,"0181 - Springfield, IL",Diesel,Springfield,IL,0.0,0,0.0,3
2026-04-15 06:00:10,"0181 - Springfield, IL",Unlead,Springfield,IL,7.584999999999127,0,0.0,1
2026-04-15 06:00:10,"0185 - McLean, IL",Diesel,McLean,IL,95.05699999999888,0,0.0,4
2026-04-15 06:00:10,"0185 - McLean, IL",Unlead,McLean,IL,39.686000000000604,0,0.0,1
2026-04-15 06:00:10,"0186 - Minonk, IL",Diesel,Minonk,IL,0.0,0,0.0,3
2026-04-15 06:00:10,"0186 - Minonk, IL",Unlead,Minonk,IL,0.0,0,0.0,1
2026-04-15 06:00:10,"0187 - Chicago, IL",Diesel,Chicago,IL,0.0,0,0.0,3
2026-04-15 06:00:10,"0187 - Chicago, IL",Unlead,Chicago,IL,0.0,0,0.0,1
2026-04-15 06:00:10,"0203 - Rockford, IL",Diesel,Rockford,IL,0.0,0,0.0,1
2026-04-15 06:00:10,"0203 - Rockford, IL",Unlead,Rockford,IL,0.0,0,0.0,1
2026-04-15 06:00:10,"0205 - South Beloit, IL",Diesel,South Beloit,IL,0.0,0,0.0,3
2026-04-15 06:00:10,"0205 - South Beloit, IL",Unlead,South Beloit,IL,31.0,0,0.0,1
2026-04-15 06:00:10,"0206 - Winnebago, IL",Diesel,Winnebago,IL,19.0,0,0.0,1
2026-04-15 06:00:10,"0206 - Winnebago, IL",Unlead,Winnebago,IL,14.0,0,0.0,1
2026-04-15 06:00:10,"0209 - Oakdale, WI",Diesel,Oakdale,WI,131.0,0,0.0,3
2026-04-15 06:00:10,"0209 - Oakdale, WI",Unlead,Oakdale,WI,0.0,0,0.0,1
2026-04-15 06:00:10,"0210 - Rochelle, IL",Diesel,Rochelle,IL,65.0,0,0.0,3
2026-04-15 06:00:10,"0210 - Rochelle, IL",Unlead,Rochelle,IL,19.0,0,0.0,1
2026-04-15 06:00:10,"0211 - Loves Park, IL",Diesel,Loves Park,IL,0.0,0,0.0,1
2026-04-15 06:00:10,"0211 - Loves Park, IL",Unlead,Loves Park,IL,13.0,0,0.0,1
2026-04-15 06:00:10,"0225 - Princeton, IL",Diesel,Princeton,IL,20.0,0,0.0,4
2026-04-15 06:00:10,"0225 - Princeton, IL",Unlead,Princeton,IL,3.0,0,0.0,2
2026-04-15 06:00:10,"0226 - Greenwood, IN",Diesel,Greenwood,IN,144.0,0,0.0,2
2026-04-15 06:00:10,"0226 - Greenwood, IN",Unlead,Greenwood,IN,36.0,0,0.0,2
2026-04-15 06:00:10,"0235 - Hampshire, IL",Diesel,Hampshire,IL,15.0,0,0.0,2
2026-04-15 06:00:10,"0235 - Hampshire, IL",Unlead,Hampshire,IL,17.0,0,0.0,2
2026-04-15 06:00:10,"0236 - East Troy, WI",Diesel,East Troy,WI,61.0,0,0.0,2
2026-04-15 06:00:10,"0236 - East Troy, WI",Unlead,East Troy,WI,0.0,0,0.0,1
2026-04-15 06:00:10,"0240 - Lake Station, IN",Diesel,Lake Station,IN,192.0,0,0.0,5
2026-04-15 06:00:10,"0240 - Lake Station, IN",Unlead,Lake Station,IN,34.0,0,0.0,2
2026-04-15 06:00:10,"0242 - St Robert, MO",Diesel,St Robert,MO,15.067999999999302,0,0.0,4
2026-04-15 06:00:10,"0263 - Ottawa, IL",Diesel,Ottawa,IL,245.0,0,0.0,3
2026-04-15 06:00:10,"0263 - Ottawa, IL",Unlead,Ottawa,IL,39.0,0,0.0,1
2026-04-15 06:00:10,"0265 - Dixon, IL",Diesel,Dixon,IL,0.0,0,0.0,3
2026-04-15 06:00:10,"0265 - Dixon, IL",Unlead,Dixon,IL,0.0,0,0.0,1
2026-04-15 06:00:10,"0266 - New Berlin, IL",Diesel,New Berlin,IL,5.0,0,0.0,3
2026-04-15 06:00:10,"0266 - New Berlin, IL",Unlead,New Berlin,IL,32.44599999999991,0,0.0,1
2026-04-15 06:00:10,"0267 - Pharr, TX",Diesel,Pharr,TX,0.0,0,0.0,4
2026-04-15 06:00:10,"0267 - Pharr, TX",Unlead,Pharr,TX,0.0,0,0.0,1
2026-04-15 06:00:10,"0268 - Grayville, IL",Diesel,Grayville,IL,20.0,0,0.0,3
2026-04-15 06:00:10,"0268 - Grayville, IL",Unlead,Grayville,IL,4.0,0,0.0,1
2026-04-15 06:00:10,"0269 - Marshall, IL",Diesel,Marshall,IL,0.0,0,0.0,3
2026-04-15 06:00:10,"0269 - Marshall, IL",Unlead,Marshall,IL,0.0,0,0.0,1
2026-04-15 06:00:10,"0270 - Moore, TX",Diesel,Moore,TX,137.0,0,0.0,3
2026-04-15 06:00:10,"0270 - Moore, TX",Unlead,Moore,TX,49.0,0,0.0,1
2026-04-15 06:00:10,"0271 - Odessa, TX",Diesel,Odessa,TX,0.0,2,1912.9357,3
2026-04-15 06:00:10,"0271 - Odessa, TX",Unlead,Odessa,TX,45.24549999999908,0,0.0,1
2026-04-15 06:00:10,"0272 - Encinal, TX",Diesel,Encinal,TX,97.375,0,0.0,3
2026-04-15 06:00:10,"0272 - Encinal, TX",Unlead,Encinal,TX,28.59900000000016,0,0.0,1
2026-04-15 06:00:10,"0273 - Combes, TX",Diesel,Combes,TX,0.0,0,0.0,3
2026-04-15 06:00:10,"0273 - Combes, TX",Unlead,Combes,TX,13.86700000000019,0,0.0,1
2026-04-15 06:00:10,"0275 - Sonora, TX",Diesel,Sonora,TX,23.270000000000437,0,0.0,3
2026-04-15 06:00:10,"0275 - Sonora, TX",Unlead,Sonora,TX,0.0,0,0.0,1
2026-04-15 06:00:10,"0276 - Waco, TX",Diesel,Waco,TX,476.8633999999993,0,0.0,3
2026-04-15 06:00:10,"0276 - Waco, TX",Unlead,Waco,TX,56.832000000000335,0,0.0,1
2026-04-15 06:00:10,"0277 - New Boston, TX",Diesel,New Boston,TX,107.17000000000007,0,0.0,3
2026-04-15 06:00:10,"0277 - New Boston, TX",Unlead,New Boston,TX,0.0,0,0.0,1
2026-04-15 06:00:10,"0278 - Brinkley, AR",Diesel,Brinkley,AR,20.05500000000029,0,0.0,3
2026-04-15 06:00:10,"0278 - Brinkley, AR",Unlead,Brinkley,AR,0.0,0,0.0,1
2026-04-15 06:00:10,"0279 - Marion, IL",Diesel,Marion,IL,127.00799999999799,0,0.0,3
2026-04-15 06:00:10,"0279 - Marion, IL",Unlead,Marion,IL,17.602999999999156,0,0.0,1
2026-04-15 06:00:10,"0280 - Monahans, TX",Diesel,Monahans,TX,146.5625,0,0.0,3
2026-04-15 06:00:10,"0280 - Monahans, TX",Unlead,Monahans,TX,62.02599999999984,0,0.0,1
2026-04-15 06:00:10,"0281 - Cisco, TX",Diesel,Cisco,TX,27.756999999999607,0,0.0,3
2026-04-15 06:00:10,"0281 - Cisco, TX",Unlead,Cisco,TX,3.3879999999990105,0,0.0,1
2026-04-15 06:00:10,"0282 - Gainesville, TX",Diesel,Gainesville,TX,21.041000000001077,0,0.0,3
2026-04-15 06:00:10,"0282 - Gainesville, TX",Unlead,Gainesville,TX,0.0,0,0.0,1
2026-04-15 06:00:10,"0283 - Sealy, TX",Diesel,Sealy,TX,107.16400000000067,0,0.0,3
2026-04-15 06:00:10,"0283 - Sealy, TX",Unlead,Sealy,TX,23.086999999999534,0,0.0,1
2026-04-15 06:00:10,"0284 - New Deal, TX",Diesel,New Deal,TX,0.0,0,0.0,3
2026-04-15 06:00:10,"0284 - New Deal, TX",Unlead,New Deal,TX,30.32800000000043,0,0.0,1
2026-04-15 06:00:10,"0285 - Seguin, TX",Diesel,Seguin,TX,8.252999999998792,0,0.0,3
2026-04-15 06:00:10,"0285 - Seguin, TX",Unlead,Seguin,TX,23.936399999999594,0,0.0,1
2026-04-15 06:00:10,"0286 - Amarillo, TX",Diesel,Amarillo,TX,0.0,0,0.0,3
2026-04-15 06:00:10,"0286 - Amarillo, TX",Unlead,Amarillo,TX,0.0,0,0.0,1
2026-04-15 06:00:10,"0287 - Burbonnais, IL",Diesel,Burbonnais,IL,0.0,0,0.0,3
2026-04-15 06:00:10,"0287 - Burbonnais, IL",Unlead,Burbonnais,IL,22.213999999999942,0,0.0,1
2026-04-15 06:00:10,"0289 - Teague, TX",Diesel,Teague,TX,136.0179999999982,0,0.0,3
2026-04-15 06:00:10,"0289 - Teague, TX",Unlead,Teague,TX,19.304000000000087,0,0.0,1
2026-04-15 06:00:10,"0290 - Joplin, MO",Diesel,Joplin,MO,244.33100000000195,0,0.0,3
2026-04-15 06:00:10,"0290 - Joplin, MO",Unlead,Joplin,MO,0.0,0,0.0,1
2026-04-15 06:00:10,"0312 - Vidor, TX",Diesel,Vidor,TX,0.0,0,0.0,3
2026-04-15 06:00:10,"0312 - Vidor, TX",Unlead,Vidor,TX,4.607999999998356,0,0.0,1
2026-04-15 06:00:10,"0315 - Laredo, TX",Diesel,Laredo,TX,0.0,0,0.0,3
2026-04-15 06:00:10,"0315 - Laredo, TX",Unlead,Laredo,TX,0.0,0,0.0,1
2026-04-15 06:00:10,"0319 - Milford, TX",Diesel,Milford,TX,32.831999999998516,0,0.0,3
2026-04-15 06:00:10,"0319 - Milford, TX",Unlead,Milford,TX,91.48099999999977,0,0.0,1
2026-04-15 06:00:10,"0323 - Canton, TX",Diesel,Canton,TX,0.0,0,0.0,3
2026-04-15 06:00:10,"0323 - Canton, TX",Unlead,Canton,TX,40.96399999999994,0,0.0,1
2026-04-15 06:15:16,"0118 - Springfield, IL",Diesel,Springfield,IL,94.0,0,0.0,3
2026-04-15 06:15:16,"0118 - Springfield, IL",Unlead,Springfield,IL,4.0,0,0.0,1
2026-04-15 06:15:16,"0132 - Champaign, IL",Diesel,Champaign,IL,50.31459999999993,0,0.0,3
2026-04-15 06:15:16,"0132 - Champaign, IL",Unlead,Champaign,IL,2.7959999999984575,0,0.0,1
2026-04-15 06:15:16,"0136 - Cottage Grove, WI",Diesel,Cottage Grove,WI,0.0,0,0.0,2
2026-04-15 06:15:16,"0136 - Cottage Grove, WI",Unlead,Cottage Grove,WI,0.0,0,0.0,1
2026-04-15 06:15:16,"0139 - Tuscola, IL",Diesel,Tuscola,IL,90.0,0,0.0,1
2026-04-15 06:15:16,"0139 - Tuscola, IL",Unlead,Tuscola,IL,0.0,0,0.0,2
2026-04-15 06:15:16,"0140 - Mendota, IL",Diesel,Mendota,IL,0.0,0,0.0,2
2026-04-15 06:15:16,"0140 - Mendota, IL",Unlead,Mendota,IL,0.0,0,0.0,2
2026-04-15 06:15:16,"0141 - Brazil, IN",Diesel,Brazil,IN,54.97829999999976,0,0.0,4
2026-04-15 06:15:16,"0141 - Brazil, IN",Unlead,Brazil,IN,25.0,0,0.0,1
2026-04-15 06:15:16,"0144 - Elk Run Height, IA",Diesel,Elk Run Height,IA,26.0,0,0.0,4
2026-04-15 06:15:16,"0144 - Elk Run Height, IA",Unlead,Elk Run Height,IA,11.34650000000056,0,0.0,2
2026-04-15 06:15:16,"0145 - Fenton, MO",Diesel,Fenton,MO,0.0,0,0.0,2
2026-04-15 06:15:16,"0145 - Fenton, MO",Unlead,Fenton,MO,0.0,0,0.0,1
2026-04-15 06:15:16,"0157 - Okawville, IL",Diesel,Okawville,IL,0.0,0,0.0,3
2026-04-15 06:15:16,"0157 - Okawville, IL",Unlead,Okawville,IL,5.5239999999976135,0,0.0,1
2026-04-15 06:15:16,"0181 - Springfield, IL",Diesel,Springfield,IL,100.53899999999885,0,0.0,3
2026-04-15 06:15:16,"0181 - Springfield, IL",Unlead,Springfield,IL,27.799000000000888,0,0.0,1
2026-04-15 06:15:16,"0185 - McLean, IL",Diesel,McLean,IL,183.01100000000042,0,0.0,4
2026-04-15 06:15:16,"0185 - McLean, IL",Unlead,McLean,IL,12.640999999999622,0,0.0,1
2026-04-15 06:15:16,"0186 - Minonk, IL",Diesel,Minonk,IL,141.11950000000252,0,0.0,3
2026-04-15 06:15:16,"0186 - Minonk, IL",Unlead,Minonk,IL,37.25929999999971,0,0.0,1
2026-04-15 06:15:16,"0187 - Chicago, IL",Diesel,Chicago,IL,63.0,0,0.0,3
2026-04-15 06:15:16,"0187 - Chicago, IL",Unlead,Chicago,IL,0.0,0,0.0,1
2026-04-15 06:15:16,"0203 - Rockford, IL",Diesel,Rockford,IL,0.0,0,0.0,1
2026-04-15 06:15:16,"0203 - Rockford, IL",Unlead,Rockford,IL,24.31500000000051,0,0.0,1
2026-04-15 06:15:16,"0205 - South Beloit, IL",Diesel,South Beloit,IL,0.0,0,0.0,3
2026-04-15 06:15:16,"0205 - South Beloit, IL",Unlead,South Beloit,IL,25.0,0,0.0,1
2026-04-15 06:15:16,"0206 - Winnebago, IL",Diesel,Winnebago,IL,0.0,0,0.0,1
2026-04-15 06:15:16,"0206 - Winnebago, IL",Unlead,Winnebago,IL,40.0,0,0.0,1
2026-04-15 06:15:16,"0209 - Oakdale, WI",Diesel,Oakdale,WI,56.0,0,0.0,3
2026-04-15 06:15:16,"0209 - Oakdale, WI",Unlead,Oakdale,WI,12.0,0,0.0,1
2026-04-15 06:15:16,"0210 - Rochelle, IL",Diesel,Rochelle,IL,64.0,0,0.0,3
2026-04-15 06:15:16,"0210 - Rochelle, IL",Unlead,Rochelle,IL,25.0,0,0.0,1
2026-04-15 06:15:16,"0211 - Loves Park, IL",Diesel,Loves Park,IL,0.0,0,0.0,1
2026-04-15 06:15:16,"0211 - Loves Park, IL",Unlead,Loves Park,IL,42.0,0,0.0,1
2026-04-15 06:15:16,"0225 - Princeton, IL",Diesel,Princeton,IL,12.0,0,0.0,4
2026-04-15 06:15:16,"0225 - Princeton, IL",Unlead,Princeton,IL,14.0,0,0.0,2
2026-04-15 06:15:16,"0226 - Greenwood, IN",Diesel,Greenwood,IN,60.0,0,0.0,2
2026-04-15 06:15:16,"0226 - Greenwood, IN",Unlead,Greenwood,IN,5.0,0,0.0,2
2026-04-15 06:15:16,"0235 - Hampshire, IL",Diesel,Hampshire,IL,64.0,0,0.0,2
2026-04-15 06:15:16,"0235 - Hampshire, IL",Unlead,Hampshire,IL,40.0,0,0.0,2
2026-04-15 06:15:16,"0236 - East Troy, WI",Diesel,East Troy,WI,0.0,0,0.0,2
2026-04-15 06:15:16,"0236 - East Troy, WI",Unlead,East Troy,WI,0.0,0,0.0,1
2026-04-15 06:15:16,"0240 - Lake Station, IN",Diesel,Lake Station,IN,0.0,0,0.0,5
2026-04-15 06:15:16,"0240 - Lake Station, IN",Unlead,Lake Station,IN,41.0,0,0.0,2
2026-04-15 06:15:16,"0242 - St Robert, MO",Diesel,St Robert,MO,0.0,0,0.0,4
2026-04-15 06:15:16,"0263 - Ottawa, IL",Diesel,Ottawa,IL,104.0,0,0.0,3
2026-04-15 06:15:16,"0263 - Ottawa, IL",Unlead,Ottawa,IL,5.0,0,0.0,1
2026-04-15 06:15:16,"0265 - Dixon, IL",Diesel,Dixon,IL,0.0,0,0.0,3
2026-04-15 06:15:16,"0265 - Dixon, IL",Unlead,Dixon,IL,0.0,0,0.0,1
2026-04-15 06:15:16,"0266 - New Berlin, IL",Diesel,New Berlin,IL,0.0,0,0.0,3
2026-04-15 06:15:16,"0266 - New Berlin, IL",Unlead,New Berlin,IL,35.862999999999374,0,0.0,1
2026-04-15 06:15:16,"0267 - Pharr, TX",Diesel,Pharr,TX,0.0,0,0.0,4
2026-04-15 06:15:16,"0267 - Pharr, TX",Unlead,Pharr,TX,12.0,0,0.0,1
2026-04-15 06:15:16,"0268 - Grayville, IL",Diesel,Grayville,IL,75.0,0,0.0,3
2026-04-15 06:15:16,"0268 - Grayville, IL",Unlead,Grayville,IL,0.0,0,0.0,1
2026-04-15 06:15:16,"0269 - Marshall, IL",Diesel,Marshall,IL,373.0,0,0.0,3
2026-04-15 06:15:16,"0269 - Marshall, IL",Unlead,Marshall,IL,25.0,0,0.0,1
2026-04-15 06:15:16,"0270 - Moore, TX",Diesel,Moore,TX,20.0,0,0.0,3
2026-04-15 06:15:16,"0270 - Moore, TX",Unlead,Moore,TX,51.0,0,0.0,1
2026-04-15 06:15:16,"0271 - Odessa, TX",Diesel,Odessa,TX,0.0,2,5104.063000000001,3
2026-04-15 06:15:16,"0271 - Odessa, TX",Unlead,Odessa,TX,77.9369999999999,0,0.0,1
2026-04-15 06:15:16,"0272 - Encinal, TX",Diesel,Encinal,TX,0.0,0,0.0,3
2026-04-15 06:15:16,"0272 - Encinal, TX",Unlead,Encinal,TX,20.97700000000077,0,0.0,1
2026-04-15 06:15:16,"0273 - Combes, TX",Diesel,Combes,TX,0.0,0,0.0,3
2026-04-15 06:15:16,"0273 - Combes, TX",Unlead,Combes,TX,37.35599999999977,0,0.0,1
2026-04-15 06:15:16,"0275 - Sonora, TX",Diesel,Sonora,TX,62.365600000000086,0,0.0,3
2026-04-15 06:15:16,"0275 - Sonora, TX",Unlead,Sonora,TX,11.199999999998909,0,0.0,1
2026-04-15 06:15:16,"0276 - Waco, TX",Diesel,Waco,TX,281.08240000000023,0,0.0,3
2026-04-15 06:15:16,"0276 - Waco, TX",Unlead,Waco,TX,28.433000000000902,0,0.0,1
2026-04-15 06:15:16,"0277 - New Boston, TX",Diesel,New Boston,TX,0.0,0,0.0,3
2026-04-15 06:15:16,"0277 - New Boston, TX",Unlead,New Boston,TX,0.0,0,0.0,1
2026-04-15 06:15:16,"0278 - Brinkley, AR",Diesel,Brinkley,AR,160.53399999999965,0,0.0,3
2026-04-15 06:15:16,"0278 - Brinkley, AR",Unlead,Brinkley,AR,0.0,1,3360.4429999999993,1
2026-04-15 06:15:16,"0279 - Marion, IL",Diesel,Marion,IL,148.70600000000013,0,0.0,3
2026-04-15 06:15:16,"0279 - Marion, IL",Unlead,Marion,IL,56.659999999999854,0,0.0,1
2026-04-15 06:15:16,"0280 - Monahans, TX",Diesel,Monahans,TX,40.70959999999923,0,0.0,3
2026-04-15 06:15:16,"0280 - Monahans, TX",Unlead,Monahans,TX,48.76100000000042,0,0.0,1
2026-04-15 06:15:16,"0281 - Cisco, TX",Diesel,Cisco,TX,110.87800000000061,0,0.0,3
2026-04-15 06:15:16,"0281 - Cisco, TX",Unlead,Cisco,TX,0.0,0,0.0,1
2026-04-15 06:15:16,"0282 - Gainesville, TX",Diesel,Gainesville,TX,76.47199999999975,0,0.0,3
2026-04-15 06:15:16,"0282 - Gainesville, TX",Unlead,Gainesville,TX,4.760000000000218,0,0.0,1
2026-04-15 06:15:16,"0283 - Sealy, TX",Diesel,Sealy,TX,50.79750000000058,0,0.0,3
2026-04-15 06:15:16,"0283 - Sealy, TX",Unlead,Sealy,TX,0.0,0,0.0,1
2026-04-15 06:15:16,"0284 - New Deal, TX",Diesel,New Deal,TX,36.762000000000626,0,0.0,3
2026-04-15 06:15:16,"0284 - New Deal, TX",Unlead,New Deal,TX,24.811399999999594,0,0.0,1
2026-04-15 06:15:16,"0285 - Seguin, TX",Diesel,Seguin,TX,16.225000000000364,0,0.0,3
2026-04-15 06:15:16,"0285 - Seguin, TX",Unlead,Seguin,TX,29.251000000000204,0,0.0,1
2026-04-15 06:15:16,"0286 - Amarillo, TX",Diesel,Amarillo,TX,0.0,0,0.0,3
2026-04-15 06:15:16,"0286 - Amarillo, TX",Unlead,Amarillo,TX,17.96599999999853,0,0.0,1
2026-04-15 06:15:16,"0287 - Burbonnais, IL",Diesel,Burbonnais,IL,0.0,0,0.0,3
2026-04-15 06:15:16,"0287 - Burbonnais, IL",Unlead,Burbonnais,IL,19.13500000000022,0,0.0,1
2026-04-15 06:15:16,"0289 - Teague, TX",Diesel,Teague,TX,400.53200000000106,0,0.0,3
2026-04-15 06:15:16,"0289 - Teague, TX",Unlead,Teague,TX,31.588999999999942,0,0.0,1
2026-04-15 06:15:16,"0290 - Joplin, MO",Diesel,Joplin,MO,0.0,0,0.0,3
2026-04-15 06:15:16,"0290 - Joplin, MO",Unlead,Joplin,MO,0.0,0,0.0,1
2026-04-15 06:15:16,"0312 - Vidor, TX",Diesel,Vidor,TX,75.11179999999968,0,0.0,3
2026-04-15 06:15:16,"0312 - Vidor, TX",Unlead,Vidor,TX,11.75,0,0.0,1
2026-04-15 06:15:16,"0315 - Laredo, TX",Diesel,Laredo,TX,7.845999999999549,0,0.0,3
2026-04-15 06:15:16,"0315 - Laredo, TX",Unlead,Laredo,TX,7.046500000000378,0,0.0,1
2026-04-15 06:15:16,"0319 - Milford, TX",Diesel,Milford,TX,0.0,0,0.0,3
2026-04-15 06:15:16,"0319 - Milford, TX",Unlead,Milford,TX,14.903000000000247,0,0.0,1
2026-04-15 06:15:16,"0323 - Canton, TX",Diesel,Canton,TX,0.0,0,0.0,3
2026-04-15 06:15:16,"0323 - Canton, TX",Unlead,Canton,TX,26.733000000000175,0,0.0,1
2026-04-15 06:30:17,"0118 - Springfield, IL",Diesel,Springfield,IL,0.0,0,0.0,3
2026-04-15 06:30:17,"0118 - Springfield, IL",Unlead,Springfield,IL,9.0,0,0.0,1
2026-04-15 06:30:17,"0132 - Champaign, IL",Diesel,Champaign,IL,418.6527000000001,1,3426.5319999999992,3
2026-04-15 06:30:17,"0132 - Champaign, IL",Unlead,Champaign,IL,24.783000000001266,0,0.0,1
2026-04-15 06:30:17,"0136 - Cottage Grove, WI",Diesel,Cottage Grove,WI,0.0,0,0.0,2
2026-04-15 06:30:17,"0136 - Cottage Grove, WI",Unlead,Cottage Grove,WI,0.0,0,0.0,1
2026-04-15 06:30:17,"0139 - Tuscola, IL",Diesel,Tuscola,IL,169.0,0,0.0,1
2026-04-15 06:30:17,"0139 - Tuscola, IL",Unlead,Tuscola,IL,0.0,0,0.0,2
2026-04-15 06:30:17,"0140 - Mendota, IL",Diesel,Mendota,IL,0.0,0,0.0,2
2026-04-15 06:30:17,"0140 - Mendota, IL",Unlead,Mendota,IL,0.0,0,0.0,2
2026-04-15 06:30:17,"0141 - Brazil, IN",Diesel,Brazil,IN,114.34209999999985,0,0.0,4
2026-04-15 06:30:17,"0141 - Brazil, IN",Unlead,Brazil,IN,24.0,0,0.0,1
2026-04-15 06:30:17,"0144 - Elk Run Height, IA",Diesel,Elk Run Height,IA,93.0,0,0.0,4
2026-04-15 06:30:17,"0144 - Elk Run Height, IA",Unlead,Elk Run Height,IA,0.0,0,0.0,2
2026-04-15 06:30:17,"0145 - Fenton, MO",Diesel,Fenton,MO,188.0,0,0.0,2
2026-04-15 06:30:17,"0145 - Fenton, MO",Unlead,Fenton,MO,11.0,0,0.0,1
2026-04-15 06:30:17,"0157 - Okawville, IL",Diesel,Okawville,IL,124.0,0,0.0,3
2026-04-15 06:30:17,"0157 - Okawville, IL",Unlead,Okawville,IL,15.373999999999796,0,0.0,1
2026-04-15 06:30:17,"0181 - Springfield, IL",Diesel,Springfield,IL,147.6910000000007,0,0.0,3
2026-04-15 06:30:17,"0181 - Springfield, IL",Unlead,Springfield,IL,51.54999999999927,0,0.0,1
2026-04-15 06:30:17,"0185 - McLean, IL",Diesel,McLean,IL,149.43299999999908,0,0.0,4
2026-04-15 06:30:17,"0185 - McLean, IL",Unlead,McLean,IL,53.671400000000176,0,0.0,1
2026-04-15 06:30:17,"0186 - Minonk, IL",Diesel,Minonk,IL,35.74449999999888,0,0.0,3
2026-04-15 06:30:17,"0186 - Minonk, IL",Unlead,Minonk,IL,52.83010000000013,0,0.0,1
2026-04-15 06:30:17,"0187 - Chicago, IL",Diesel,Chicago,IL,86.0,0,0.0,3
2026-04-15 06:30:17,"0187 - Chicago, IL",Unlead,Chicago,IL,0.0,0,0.0,1
2026-04-15 06:30:17,"0203 - Rockford, IL",Diesel,Rockford,IL,0.0,0,0.0,1
2026-04-15 06:30:17,"0203 - Rockford, IL",Unlead,Rockford,IL,13.690999999998894,0,0.0,1
2026-04-15 06:30:17,"0205 - South Beloit, IL",Diesel,South Beloit,IL,0.0,0,0.0,3
2026-04-15 06:30:17,"0205 - South Beloit, IL",Unlead,South Beloit,IL,17.0,0,0.0,1
2026-04-15 06:30:17,"0206 - Winnebago, IL",Diesel,Winnebago,IL,0.0,0,0.0,1
2026-04-15 06:30:17,"0206 - Winnebago, IL",Unlead,Winnebago,IL,28.0,0,0.0,1
2026-04-15 06:30:17,"0209 - Oakdale, WI",Diesel,Oakdale,WI,35.0,0,0.0,3
2026-04-15 06:30:17,"0209 - Oakdale, WI",Unlead,Oakdale,WI,7.0,0,0.0,1
2026-04-15 06:30:17,"0210 - Rochelle, IL",Diesel,Rochelle,IL,152.0,0,0.0,3
2026-04-15 06:30:17,"0210 - Rochelle, IL",Unlead,Rochelle,IL,14.0,0,0.0,1
2026-04-15 06:30:17,"0211 - Loves Park, IL",Diesel,Loves Park,IL,0.0,0,0.0,1
2026-04-15 06:30:17,"0211 - Loves Park, IL",Unlead,Loves Park,IL,38.0,0,0.0,1
2026-04-15 06:30:17,"0225 - Princeton, IL",Diesel,Princeton,IL,0.0,1,464.0,4
2026-04-15 06:30:17,"0225 - Princeton, IL",Unlead,Princeton,IL,0.0,0,0.0,2
2026-04-15 06:30:17,"0226 - Greenwood, IN",Diesel,Greenwood,IN,265.0,0,0.0,2
2026-04-15 06:30:17,"0226 - Greenwood, IN",Unlead,Greenwood,IN,70.0,0,0.0,2
2026-04-15 06:30:17,"0235 - Hampshire, IL",Diesel,Hampshire,IL,126.0,0,0.0,2
2026-04-15 06:30:17,"0235 - Hampshire, IL",Unlead,Hampshire,IL,14.0,0,0.0,2
2026-04-15 06:30:17,"0236 - East Troy, WI",Diesel,East Troy,WI,0.0,0,0.0,2
2026-04-15 06:30:17,"0236 - East Troy, WI",Unlead,East Troy,WI,0.0,0,0.0,1
2026-04-15 06:30:17,"0240 - Lake Station, IN",Diesel,Lake Station,IN,264.0,0,0.0,5
2026-04-15 06:30:17,"0240 - Lake Station, IN",Unlead,Lake Station,IN,21.0,0,0.0,2
2026-04-15 06:30:17,"0242 - St Robert, MO",Diesel,St Robert,MO,0.0,0,0.0,4
2026-04-15 06:30:17,"0263 - Ottawa, IL",Diesel,Ottawa,IL,45.0,0,0.0,3
2026-04-15 06:30:17,"0263 - Ottawa, IL",Unlead,Ottawa,IL,19.0,0,0.0,1
2026-04-15 06:30:17,"0265 - Dixon, IL",Diesel,Dixon,IL,0.0,0,0.0,3
2026-04-15 06:30:17,"0265 - Dixon, IL",Unlead,Dixon,IL,12.86429999999973,0,0.0,1
2026-04-15 06:30:17,"0266 - New Berlin, IL",Diesel,New Berlin,IL,0.0,0,0.0,3
2026-04-15 06:30:17,"0266 - New Berlin, IL",Unlead,New Berlin,IL,23.292999999999665,0,0.0,1
2026-04-15 06:30:17,"0267 - Pharr, TX",Diesel,Pharr,TX,0.0,0,0.0,4
2026-04-15 06:30:17,"0267 - Pharr, TX",Unlead,Pharr,TX,6.0,0,0.0,1
2026-04-15 06:30:17,"0268 - Grayville, IL",Diesel,Grayville,IL,0.0,0,0.0,3
2026-04-15 06:30:17,"0268 - Grayville, IL",Unlead,Grayville,IL,10.0,0,0.0,1
2026-04-15 06:30:17,"0269 - Marshall, IL",Diesel,Marshall,IL,92.0,0,0.0,3
2026-04-15 06:30:17,"0269 - Marshall, IL",Unlead,Marshall,IL,4.0,0,0.0,1
2026-04-15 06:30:17,"0270 - Moore, TX",Diesel,Moore,TX,122.0,0,0.0,3
2026-04-15 06:30:17,"0270 - Moore, TX",Unlead,Moore,TX,84.0,0,0.0,1
2026-04-15 06:30:17,"0271 - Odessa, TX",Diesel,Odessa,TX,319.09000000000015,0,0.0,3
2026-04-15 06:30:17,"0271 - Odessa, TX",Unlead,Odessa,TX,55.100000000000364,0,0.0,1
2026-04-15 06:30:17,"0272 - Encinal, TX",Diesel,Encinal,TX,118.47299999999996,0,0.0,3
2026-04-15 06:30:17,"0272 - Encinal, TX",Unlead,Encinal,TX,2.649999999999636,0,0.0,1
2026-04-15 06:30:17,"0273 - Combes, TX",Diesel,Combes,TX,0.0,0,0.0,3
2026-04-15 06:30:17,"0273 - Combes, TX",Unlead,Combes,TX,72.4930000000004,0,0.0,1
2026-04-15 06:30:17,"0275 - Sonora, TX",Diesel,Sonora,TX,0.0,0,0.0,3
2026-04-15 06:30:17,"0275 - Sonora, TX",Unlead,Sonora,TX,0.0,0,0.0,1
2026-04-15 06:30:17,"0276 - Waco, TX",Diesel,Waco,TX,112.4996999999994,0,0.0,3
2026-04-15 06:30:17,"0276 - Waco, TX",Unlead,Waco,TX,24.24499999999898,0,0.0,1
2026-04-15 06:30:17,"0277 - New Boston, TX",Diesel,New Boston,TX,143.88450000000012,0,0.0,3
2026-04-15 06:30:17,"0277 - New Boston, TX",Unlead,New Boston,TX,25.971999999999753,0,0.0,1
2026-04-15 06:30:17,"0278 - Brinkley, AR",Diesel,Brinkley,AR,138.58600000000115,0,0.0,3
2026-04-15 06:30:17,"0278 - Brinkley, AR",Unlead,Brinkley,AR,0.0,1,3159.040000000001,1
2026-04-15 06:30:17,"0279 - Marion, IL",Diesel,Marion,IL,65.77200000000084,0,0.0,3
2026-04-15 06:30:17,"0279 - Marion, IL",Unlead,Marion,IL,39.069000000001324,0,0.0,1
2026-04-15 06:30:17,"0280 - Monahans, TX",Diesel,Monahans,TX,176.57820000000083,0,0.0,3
2026-04-15 06:30:17,"0280 - Monahans, TX",Unlead,Monahans,TX,123.78700000000026,0,0.0,1
2026-04-15 06:30:17,"0281 - Cisco, TX",Diesel,Cisco,TX,111.40500000000065,0,0.0,3
2026-04-15 06:30:17,"0281 - Cisco, TX",Unlead,Cisco,TX,10.090000000000146,0,0.0,1
2026-04-15 06:30:17,"0282 - Gainesville, TX",Diesel,Gainesville,TX,0.0,0,0.0,3
2026-04-15 06:30:17,"0282 - Gainesville, TX",Unlead,Gainesville,TX,0.0,0,0.0,1
2026-04-15 06:30:17,"0283 - Sealy, TX",Diesel,Sealy,TX,302.4924999999985,0,0.0,3
2026-04-15 06:30:17,"0283 - Sealy, TX",Unlead,Sealy,TX,10.814000000000306,0,0.0,1
2026-04-15 06:30:17,"0284 - New Deal, TX",Diesel,New Deal,TX,42.804000000001906,0,0.0,3
2026-04-15 06:30:17,"0284 - New Deal, TX",Unlead,New Deal,TX,19.91400000000067,0,0.0,1
2026-04-15 06:30:17,"0285 - Seguin, TX",Diesel,Seguin,TX,260.00940000000037,0,0.0,3
2026-04-15 06:30:17,"0285 - Seguin, TX",Unlead,Seguin,TX,21.240999999999985,0,0.0,1
2026-04-15 06:30:17,"0286 - Amarillo, TX",Diesel,Amarillo,TX,16.51299999999901,0,0.0,3
2026-04-15 06:30:17,"0286 - Amarillo, TX",Unlead,Amarillo,TX,0.0,0,0.0,1
2026-04-15 06:30:17,"0287 - Burbonnais, IL",Diesel,Burbonnais,IL,0.0,0,0.0,3
2026-04-15 06:30:17,"0287 - Burbonnais, IL",Unlead,Burbonnais,IL,46.93499999999949,0,0.0,1
2026-04-15 06:30:17,"0289 - Teague, TX",Diesel,Teague,TX,350.2444999999989,0,0.0,3
2026-04-15 06:30:17,"0289 - Teague, TX",Unlead,Teague,TX,36.15799999999945,0,0.0,1
2026-04-15 06:30:17,"0290 - Joplin, MO",Diesel,Joplin,MO,203.45530000000144,0,0.0,3
2026-04-15 06:30:17,"0290 - Joplin, MO",Unlead,Joplin,MO,0.0,0,0.0,1
2026-04-15 06:30:17,"0312 - Vidor, TX",Diesel,Vidor,TX,56.309699999998884,0,0.0,3
2026-04-15 06:30:17,"0312 - Vidor, TX",Unlead,Vidor,TX,18.44000000000051,0,0.0,1
2026-04-15 06:30:17,"0315 - Laredo, TX",Diesel,Laredo,TX,86.66800000000148,0,0.0,3
2026-04-15 06:30:17,"0315 - Laredo, TX",Unlead,Laredo,TX,5.654000000000451,0,0.0,1
2026-04-15 06:30:17,"0319 - Milford, TX",Diesel,Milford,TX,0.0,0,0.0,3
2026-04-15 06:30:17,"0319 - Milford, TX",Unlead,Milford,TX,62.3119999999999,0,0.0,1
2026-04-15 06:30:17,"0323 - Canton, TX",Diesel,Canton,TX,0.0,0,0.0,3
2026-04-15 06:30:17,"0323 - Canton, TX",Unlead,Canton,TX,19.518999999998414,0,0.0,1
2026-04-15 06:45:22,"0118 - Springfield, IL",Diesel,Springfield,IL,0.0,0,0.0,3
2026-04-15 06:45:22,"0118 - Springfield, IL",Unlead,Springfield,IL,23.0,0,0.0,1
2026-04-15 06:45:22,"0132 - Champaign, IL",Diesel,Champaign,IL,86.76699999999983,1,1366.1327999999999,3
2026-04-15 06:45:22,"0132 - Champaign, IL",Unlead,Champaign,IL,10.06499999999869,0,0.0,1
2026-04-15 06:45:22,"0136 - Cottage Grove, WI",Diesel,Cottage Grove,WI,0.0,0,0.0,2
2026-04-15 06:45:22,"0136 - Cottage Grove, WI",Unlead,Cottage Grove,WI,0.0,0,0.0,1
2026-04-15 06:45:22,"0139 - Tuscola, IL",Diesel,Tuscola,IL,123.0,0,0.0,1
2026-04-15 06:45:22,"0139 - Tuscola, IL",Unlead,Tuscola,IL,0.0,0,0.0,2
2026-04-15 06:45:22,"0140 - Mendota, IL",Diesel,Mendota,IL,69.0,0,0.0,2
2026-04-15 06:45:22,"0140 - Mendota, IL",Unlead,Mendota,IL,18.0,0,0.0,2
2026-04-15 06:45:22,"0141 - Brazil, IN",Diesel,Brazil,IN,12.346000000000458,0,0.0,4
2026-04-15 06:45:22,"0141 - Brazil, IN",Unlead,Brazil,IN,21.0,0,0.0,1
2026-04-15 06:45:22,"0144 - Elk Run Height, IA",Diesel,Elk Run Height,IA,115.0,0,0.0,4
2026-04-15 06:45:22,"0144 - Elk Run Height, IA",Unlead,Elk Run Height,IA,17.075399999999718,0,0.0,2
2026-04-15 06:45:22,"0145 - Fenton, MO",Diesel,Fenton,MO,53.0,0,0.0,2
2026-04-15 06:45:22,"0145 - Fenton, MO",Unlead,Fenton,MO,49.0,0,0.0,1
2026-04-15 06:45:22,"0157 - Okawville, IL",Diesel,Okawville,IL,0.0,0,0.0,3
2026-04-15 06:45:22,"0157 - Okawville, IL",Unlead,Okawville,IL,52.699000000000524,0,0.0,1
2026-04-15 06:45:22,"0181 - Springfield, IL",Diesel,Springfield,IL,0.0,0,0.0,3
2026-04-15 06:45:22,"0181 - Springfield, IL",Unlead,Springfield,IL,58.97700000000077,0,0.0,1
2026-04-15 06:45:22,"0185 - McLean, IL",Diesel,McLean,IL,90.45399999999972,0,0.0,4
2026-04-15 06:45:22,"0185 - McLean, IL",Unlead,McLean,IL,76.53520000000026,0,0.0,1
2026-04-15 06:45:22,"0186 - Minonk, IL",Diesel,Minonk,IL,109.71100000000115,0,0.0,3
2026-04-15 06:45:22,"0186 - Minonk, IL",Unlead,Minonk,IL,0.0,0,0.0,1
2026-04-15 06:45:22,"0187 - Chicago, IL",Diesel,Chicago,IL,136.0,0,0.0,3
2026-04-15 06:45:22,"0187 - Chicago, IL",Unlead,Chicago,IL,14.091999999998734,0,0.0,1
2026-04-15 06:45:22,"0203 - Rockford, IL",Diesel,Rockford,IL,137.64500000000044,0,0.0,1
2026-04-15 06:45:22,"0203 - Rockford, IL",Unlead,Rockford,IL,31.504000000000815,0,0.0,1
2026-04-15 06:45:22,"0205 - South Beloit, IL",Diesel,South Beloit,IL,0.0,0,0.0,3
2026-04-15 06:45:22,"0205 - South Beloit, IL",Unlead,South Beloit,IL,11.0,0,0.0,1
2026-04-15 06:45:22,"0206 - Winnebago, IL",Diesel,Winnebago,IL,13.0,0,0.0,1
2026-04-15 06:45:22,"0206 - Winnebago, IL",Unlead,Winnebago,IL,44.0,0,0.0,1
2026-04-15 06:45:22,"0209 - Oakdale, WI",Diesel,Oakdale,WI,301.0,0,0.0,3
2026-04-15 06:45:22,"0209 - Oakdale, WI",Unlead,Oakdale,WI,0.0,0,0.0,1
2026-04-15 06:45:22,"0210 - Rochelle, IL",Diesel,Rochelle,IL,0.0,0,0.0,3
2026-04-15 06:45:22,"0210 - Rochelle, IL",Unlead,Rochelle,IL,93.0,0,0.0,1
2026-04-15 06:45:22,"0211 - Loves Park, IL",Diesel,Loves Park,IL,0.0,0,0.0,1
2026-04-15 06:45:22,"0211 - Loves Park, IL",Unlead,Loves Park,IL,32.0,0,0.0,1
2026-04-15 06:45:22,"0225 - Princeton, IL",Diesel,Princeton,IL,0.0,3,3139.0,4
2026-04-15 06:45:22,"0225 - Princeton, IL",Unlead,Princeton,IL,13.0,0,0.0,2
2026-04-15 06:45:22,"0226 - Greenwood, IN",Diesel,Greenwood,IN,91.0,0,0.0,2
2026-04-15 06:45:22,"0226 - Greenwood, IN",Unlead,Greenwood,IN,21.0,0,0.0,2
2026-04-15 06:45:22,"0235 - Hampshire, IL",Diesel,Hampshire,IL,112.0,0,0.0,2
2026-04-15 06:45:22,"0235 - Hampshire, IL",Unlead,Hampshire,IL,37.0,0,0.0,2
2026-04-15 06:45:22,"0236 - East Troy, WI",Diesel,East Troy,WI,54.0,0,0.0,2
2026-04-15 06:45:22,"0236 - East Troy, WI",Unlead,East Troy,WI,0.0,0,0.0,1
2026-04-15 06:45:22,"0240 - Lake Station, IN",Diesel,Lake Station,IN,0.0,0,0.0,5
2026-04-15 06:45:22,"0240 - Lake Station, IN",Unlead,Lake Station,IN,14.0,0,0.0,2
2026-04-15 06:45:22,"0242 - St Robert, MO",Diesel,St Robert,MO,109.33700000000135,0,0.0,4
2026-04-15 06:45:22,"0263 - Ottawa, IL",Diesel,Ottawa,IL,342.0,0,0.0,3
2026-04-15 06:45:22,"0263 - Ottawa, IL",Unlead,Ottawa,IL,39.0,0,0.0,1
2026-04-15 06:45:22,"0265 - Dixon, IL",Diesel,Dixon,IL,0.0,0,0.0,3
2026-04-15 06:45:22,"0265 - Dixon, IL",Unlead,Dixon,IL,0.0,0,0.0,1
2026-04-15 06:45:22,"0266 - New Berlin, IL",Diesel,New Berlin,IL,0.0,0,0.0,3
2026-04-15 06:45:22,"0266 - New Berlin, IL",Unlead,New Berlin,IL,22.62300000000141,0,0.0,1
2026-04-15 06:45:22,"0267 - Pharr, TX",Diesel,Pharr,TX,0.0,0,0.0,4
2026-04-15 06:45:22,"0267 - Pharr, TX",Unlead,Pharr,TX,23.0,0,0.0,1
2026-04-15 06:45:22,"0268 - Grayville, IL",Diesel,Grayville,IL,114.0,0,0.0,3
2026-04-15 06:45:22,"0268 - Grayville, IL",Unlead,Grayville,IL,0.0,0,0.0,1
2026-04-15 06:45:22,"0269 - Marshall, IL",Diesel,Marshall,IL,7.0,0,0.0,3
2026-04-15 06:45:22,"0269 - Marshall, IL",Unlead,Marshall,IL,4.0,0,0.0,1
2026-04-15 06:45:22,"0270 - Moore, TX",Diesel,Moore,TX,18.0,0,0.0,3
2026-04-15 06:45:22,"0270 - Moore, TX",Unlead,Moore,TX,0.0,0,0.0,1
2026-04-15 06:45:22,"0271 - Odessa, TX",Diesel,Odessa,TX,0.0,0,0.0,3
2026-04-15 06:45:22,"0271 - Odessa, TX",Unlead,Odessa,TX,53.17499999999927,0,0.0,1
2026-04-15 06:45:22,"0272 - Encinal, TX",Diesel,Encinal,TX,97.36499999999978,0,0.0,3
2026-04-15 06:45:22,"0272 - Encinal, TX",Unlead,Encinal,TX,121.87799999999879,0,0.0,1
2026-04-15 06:45:22,"0273 - Combes, TX",Diesel,Combes,TX,42.292999999999665,0,0.0,3
2026-04-15 06:45:22,"0273 - Combes, TX",Unlead,Combes,TX,45.63299999999981,0,0.0,1
2026-04-15 06:45:22,"0275 - Sonora, TX",Diesel,Sonora,TX,194.1959999999999,0,0.0,3
2026-04-15 06:45:22,"0275 - Sonora, TX",Unlead,Sonora,TX,54.647000000000844,0,0.0,1
2026-04-15 06:45:22,"0276 - Waco, TX",Diesel,Waco,TX,562.5634999999993,0,0.0,3
2026-04-15 06:45:22,"0276 - Waco, TX",Unlead,Waco,TX,35.27100000000064,0,0.0,1
2026-04-15 06:45:22,"0277 - New Boston, TX",Diesel,New Boston,TX,97.75900000000001,0,0.0,3
2026-04-15 06:45:22,"0277 - New Boston, TX",Unlead,New Boston,TX,35.94300000000112,0,0.0,1
2026-04-15 06:45:22,"0278 - Brinkley, AR",Diesel,Brinkley,AR,150.95700000000033,0,0.0,3
2026-04-15 06:45:22,"0278 - Brinkley, AR",Unlead,Brinkley,AR,0.0,1,964.612000000001,1
2026-04-15 06:45:22,"0279 - Marion, IL",Diesel,Marion,IL,79.31999999999971,0,0.0,3
2026-04-15 06:45:22,"0279 - Marion, IL",Unlead,Marion,IL,24.536000000000058,0,0.0,1
2026-04-15 06:45:22,"0280 - Monahans, TX",Diesel,Monahans,TX,215.5040999999992,0,0.0,3
2026-04-15 06:45:22,"0280 - Monahans, TX",Unlead,Monahans,TX,46.215000000000146,0,0.0,1
2026-04-15 06:45:22,"0281 - Cisco, TX",Diesel,Cisco,TX,61.3179999999993,0,0.0,3
2026-04-15 06:45:22,"0281 - Cisco, TX",Unlead,Cisco,TX,17.852999999999156,0,0.0,1
2026-04-15 06:45:22,"0282 - Gainesville, TX",Diesel,Gainesville,TX,101.70999999999913,0,0.0,3
2026-04-15 06:45:22,"0282 - Gainesville, TX",Unlead,Gainesville,TX,0.0,0,0.0,1
2026-04-15 06:45:22,"0283 - Sealy, TX",Diesel,Sealy,TX,162.52500000000146,0,0.0,3
2026-04-15 06:45:22,"0283 - Sealy, TX",Unlead,Sealy,TX,0.0,0,0.0,1
2026-04-15 06:45:22,"0284 - New Deal, TX",Diesel,New Deal,TX,5.162000000000262,0,0.0,3
2026-04-15 06:45:22,"0284 - New Deal, TX",Unlead,New Deal,TX,36.93119999999999,0,0.0,1
2026-04-15 06:45:22,"0285 - Seguin, TX",Diesel,Seguin,TX,308.98830000000135,0,0.0,3
2026-04-15 06:45:22,"0285 - Seguin, TX",Unlead,Seguin,TX,0.0,0,0.0,1
2026-04-15 06:45:22,"0286 - Amarillo, TX",Diesel,Amarillo,TX,46.152000000000044,0,0.0,3
2026-04-15 06:45:22,"0286 - Amarillo, TX",Unlead,Amarillo,TX,0.0,0,0.0,1
2026-04-15 06:45:22,"0287 - Burbonnais, IL",Diesel,Burbonnais,IL,72.59100000000035,0,0.0,3
2026-04-15 06:45:22,"0287 - Burbonnais, IL",Unlead,Burbonnais,IL,43.82099999999991,0,0.0,1
2026-04-15 06:45:22,"0289 - Teague, TX",Diesel,Teague,TX,78.98650000000089,0,0.0,3
2026-04-15 06:45:22,"0289 - Teague, TX",Unlead,Teague,TX,31.549000000000888,0,0.0,1
2026-04-15 06:45:22,"0290 - Joplin, MO",Diesel,Joplin,MO,37.30799999999908,0,0.0,3
2026-04-15 06:45:22,"0290 - Joplin, MO",Unlead,Joplin,MO,29.301300000000083,0,0.0,1
2026-04-15 06:45:22,"0312 - Vidor, TX",Diesel,Vidor,TX,0.0,0,0.0,3
2026-04-15 06:45:22,"0312 - Vidor, TX",Unlead,Vidor,TX,14.078999999999724,0,0.0,1
2026-04-15 06:45:22,"0315 - Laredo, TX",Diesel,Laredo,TX,95.6294999999991,0,0.0,3
2026-04-15 06:45:22,"0315 - Laredo, TX",Unlead,Laredo,TX,0.0,0,0.0,1
2026-04-15 06:45:22,"0319 - Milford, TX",Diesel,Milford,TX,66.53900000000067,0,0.0,3
2026-04-15 06:45:22,"0319 - Milford, TX",Unlead,Milford,TX,46.62800000000061,0,0.0,1
2026-04-15 06:45:22,"0323 - Canton, TX",Diesel,Canton,TX,0.0,0,0.0,3
2026-04-15 06:45:22,"0323 - Canton, TX",Unlead,Canton,TX,0.0,0,0.0,1
2026-04-15 07:00:23,"0118 - Springfield, IL",Diesel,Springfield,IL,75.0,0,0.0,3
2026-04-15 07:00:23,"0118 - Springfield, IL",Unlead,Springfield,IL,32.0,0,0.0,1
2026-04-15 07:00:23,"0132 - Champaign, IL",Diesel,Champaign,IL,131.02299999999923,1,2771.9463000000005,3
2026-04-15 07:00:23,"0132 - Champaign, IL",Unlead,Champaign,IL,71.09200000000055,0,0.0,1
2026-04-15 07:00:23,"0136 - Cottage Grove, WI",Diesel,Cottage Grove,WI,0.0,0,0.0,2
2026-04-15 07:00:23,"0136 - Cottage Grove, WI",Unlead,Cottage Grove,WI,0.0,0,0.0,1
2026-04-15 07:00:23,"0139 - Tuscola, IL",Diesel,Tuscola,IL,45.0,0,0.0,1
2026-04-15 07:00:23,"0139 - Tuscola, IL",Unlead,Tuscola,IL,9.0,0,0.0,2
2026-04-15 07:00:23,"0140 - Mendota, IL",Diesel,Mendota,IL,0.0,0,0.0,2
2026-04-15 07:00:23,"0140 - Mendota, IL",Unlead,Mendota,IL,19.0,0,0.0,2
2026-04-15 07:00:23,"0141 - Brazil, IN",Diesel,Brazil,IN,145.6301999999996,0,0.0,4
2026-04-15 07:00:23,"0141 - Brazil, IN",Unlead,Brazil,IN,19.0,0,0.0,1
2026-04-15 07:00:23,"0144 - Elk Run Height, IA",Diesel,Elk Run Height,IA,32.0,0,0.0,4
2026-04-15 07:00:23,"0144 - Elk Run Height, IA",Unlead,Elk Run Height,IA,14.07300000000032,0,0.0,2
2026-04-15 07:00:23,"0145 - Fenton, MO",Diesel,Fenton,MO,142.0,0,0.0,2
2026-04-15 07:00:23,"0145 - Fenton, MO",Unlead,Fenton,MO,37.0,0,0.0,1
2026-04-15 07:00:23,"0157 - Okawville, IL",Diesel,Okawville,IL,198.0,0,0.0,3
2026-04-15 07:00:23,"0157 - Okawville, IL",Unlead,Okawville,IL,0.0,0,0.0,1
2026-04-15 07:00:23,"0181 - Springfield, IL",Diesel,Springfield,IL,86.62900000000081,0,0.0,3
2026-04-15 07:00:23,"0181 - Springfield, IL",Unlead,Springfield,IL,16.931000000000495,0,0.0,1
2026-04-15 07:00:23,"0185 - McLean, IL",Diesel,McLean,IL,130.58799999999974,0,0.0,4
2026-04-15 07:00:23,"0185 - McLean, IL",Unlead,McLean,IL,71.10589999999956,0,0.0,1
2026-04-15 07:00:23,"0186 - Minonk, IL",Diesel,Minonk,IL,125.3640000000014,0,0.0,3
2026-04-15 07:00:23,"0186 - Minonk, IL",Unlead,Minonk,IL,6.118199999999888,0,0.0,1
2026-04-15 07:00:23,"0187 - Chicago, IL",Diesel,Chicago,IL,10.0,0,0.0,3
2026-04-15 07:00:23,"0187 - Chicago, IL",Unlead,Chicago,IL,0.0,0,0.0,1
2026-04-15 07:00:23,"0203 - Rockford, IL",Diesel,Rockford,IL,0.0,0,0.0,1
2026-04-15 07:00:23,"0203 - Rockford, IL",Unlead,Rockford,IL,37.740999999999985,0,0.0,1
2026-04-15 07:00:23,"0205 - South Beloit, IL",Diesel,South Beloit,IL,0.0,0,0.0,3
2026-04-15 07:00:23,"0205 - South Beloit, IL",Unlead,South Beloit,IL,0.0,0,0.0,1
2026-04-15 07:00:23,"0206 - Winnebago, IL",Diesel,Winnebago,IL,0.0,0,0.0,1
2026-04-15 07:00:23,"0206 - Winnebago, IL",Unlead,Winnebago,IL,4.0,0,0.0,1
2026-04-15 07:00:23,"0209 - Oakdale, WI",Diesel,Oakdale,WI,64.0,0,0.0,3
2026-04-15 07:00:23,"0209 - Oakdale, WI",Unlead,Oakdale,WI,0.0,0,0.0,1
2026-04-15 07:00:23,"0210 - Rochelle, IL",Diesel,Rochelle,IL,0.0,0,0.0,3
2026-04-15 07:00:23,"0210 - Rochelle, IL",Unlead,Rochelle,IL,8.0,0,0.0,1
2026-04-15 07:00:23,"0211 - Loves Park, IL",Diesel,Loves Park,IL,0.0,0,0.0,1
2026-04-15 07:00:23,"0211 - Loves Park, IL",Unlead,Loves Park,IL,12.0,0,0.0,1
2026-04-15 07:00:23,"0225 - Princeton, IL",Diesel,Princeton,IL,79.0,2,4033.0,4
2026-04-15 07:00:23,"0225 - Princeton, IL",Unlead,Princeton,IL,10.0,0,0.0,2
2026-04-15 07:00:23,"0226 - Greenwood, IN",Diesel,Greenwood,IN,155.0,0,0.0,2
2026-04-15 07:00:23,"0226 - Greenwood, IN",Unlead,Greenwood,IN,2.0,0,0.0,2
2026-04-15 07:00:23,"0235 - Hampshire, IL",Diesel,Hampshire,IL,0.0,0,0.0,2
2026-04-15 07:00:23,"0235 - Hampshire, IL",Unlead,Hampshire,IL,30.0,0,0.0,2
2026-04-15 07:00:23,"0236 - East Troy, WI",Diesel,East Troy,WI,69.0,0,0.0,2
2026-04-15 07:00:23,"0236 - East Troy, WI",Unlead,East Troy,WI,0.0,0,0.0,1
2026-04-15 07:00:23,"0240 - Lake Station, IN",Diesel,Lake Station,IN,0.0,0,0.0,5
2026-04-15 07:00:23,"0240 - Lake Station, IN",Unlead,Lake Station,IN,47.0,0,0.0,2
2026-04-15 07:00:23,"0242 - St Robert, MO",Diesel,St Robert,MO,17.74699999999939,0,0.0,4
2026-04-15 07:00:23,"0263 - Ottawa, IL",Diesel,Ottawa,IL,347.0,0,0.0,3
2026-04-15 07:00:23,"0263 - Ottawa, IL",Unlead,Ottawa,IL,23.0,0,0.0,1
2026-04-15 07:00:23,"0265 - Dixon, IL",Diesel,Dixon,IL,0.0,0,0.0,3
2026-04-15 07:00:23,"0265 - Dixon, IL",Unlead,Dixon,IL,0.0,0,0.0,1
2026-04-15 07:00:23,"0266 - New Berlin, IL",Diesel,New Berlin,IL,0.0,0,0.0,3
2026-04-15 07:00:23,"0266 - New Berlin, IL",Unlead,New Berlin,IL,33.6299999999992,0,0.0,1
2026-04-15 07:00:23,"0267 - Pharr, TX",Diesel,Pharr,TX,0.0,0,0.0,4
2026-04-15 07:00:23,"0267 - Pharr, TX",Unlead,Pharr,TX,10.0,0,0.0,1
2026-04-15 07:00:23,"0268 - Grayville, IL",Diesel,Grayville,IL,57.0,0,0.0,3
2026-04-15 07:00:23,"0268 - Grayville, IL",Unlead,Grayville,IL,8.0,0,0.0,1
2026-04-15 07:00:23,"0269 - Marshall, IL",Diesel,Marshall,IL,5.0,0,0.0,3
2026-04-15 07:00:23,"0269 - Marshall, IL",Unlead,Marshall,IL,0.0,0,0.0,1
2026-04-15 07:00:23,"0270 - Moore, TX",Diesel,Moore,TX,25.0,0,0.0,3
2026-04-15 07:00:23,"0270 - Moore, TX",Unlead,Moore,TX,55.0,0,0.0,1
2026-04-15 07:00:23,"0271 - Odessa, TX",Diesel,Odessa,TX,160.45399999999972,0,0.0,3
2026-04-15 07:00:23,"0271 - Odessa, TX",Unlead,Odessa,TX,121.95400000000154,0,0.0,1
2026-04-15 07:00:23,"0272 - Encinal, TX",Diesel,Encinal,TX,191.58400000000074,0,0.0,3
2026-04-15 07:00:23,"0272 - Encinal, TX",Unlead,Encinal,TX,60.52300000000105,0,0.0,1
2026-04-15 07:00:23,"0273 - Combes, TX",Diesel,Combes,TX,172.40300000000025,0,0.0,3
2026-04-15 07:00:23,"0273 - Combes, TX",Unlead,Combes,TX,26.927999999999884,0,0.0,1
2026-04-15 07:00:23,"0275 - Sonora, TX",Diesel,Sonora,TX,154.09199999999964,0,0.0,3
2026-04-15 07:00:23,"0275 - Sonora, TX",Unlead,Sonora,TX,47.27299999999923,0,0.0,1
2026-04-15 07:00:23,"0276 - Waco, TX",Diesel,Waco,TX,174.60960000000205,0,0.0,3
2026-04-15 07:00:23,"0276 - Waco, TX",Unlead,Waco,TX,3.6530000000002474,0,0.0,1
2026-04-15 07:00:23,"0277 - New Boston, TX",Diesel,New Boston,TX,45.38000000000102,0,0.0,3
2026-04-15 07:00:23,"0277 - New Boston, TX",Unlead,New Boston,TX,65.22400000000016,0,0.0,1
2026-04-15 07:00:23,"0278 - Brinkley, AR",Diesel,Brinkley,AR,0.0,2,7250.950000000001,3
2026-04-15 07:00:23,"0278 - Brinkley, AR",Unlead,Brinkley,AR,27.06000000000131,0,0.0,1
2026-04-15 07:00:23,"0279 - Marion, IL",Diesel,Marion,IL,86.08699999999953,0,0.0,3
2026-04-15 07:00:23,"0279 - Marion, IL",Unlead,Marion,IL,70.82999999999993,0,0.0,1
2026-04-15 07:00:23,"0280 - Monahans, TX",Diesel,Monahans,TX,458.3018999999995,0,0.0,3
2026-04-15 07:00:23,"0280 - Monahans, TX",Unlead,Monahans,TX,10.980999999999767,0,0.0,1
2026-04-15 07:00:23,"0281 - Cisco, TX",Diesel,Cisco,TX,0.0,0,0.0,3
2026-04-15 07:00:23,"0281 - Cisco, TX",Unlead,Cisco,TX,11.869500000000698,0,0.0,1
2026-04-15 07:00:23,"0282 - Gainesville, TX",Diesel,Gainesville,TX,8.590000000000146,0,0.0,3
2026-04-15 07:00:23,"0282 - Gainesville, TX",Unlead,Gainesville,TX,0.0,0,0.0,1
2026-04-15 07:00:23,"0283 - Sealy, TX",Diesel,Sealy,TX,0.0,0,0.0,3
2026-04-15 07:00:23,"0283 - Sealy, TX",Unlead,Sealy,TX,0.0,0,0.0,1
2026-04-15 07:00:23,"0284 - New Deal, TX",Diesel,New Deal,TX,0.0,0,0.0,3
2026-04-15 07:00:23,"0284 - New Deal, TX",Unlead,New Deal,TX,20.766099999999824,0,0.0,1
2026-04-15 07:00:23,"0285 - Seguin, TX",Diesel,Seguin,TX,109.54869999999937,0,0.0,3
2026-04-15 07:00:23,"0285 - Seguin, TX",Unlead,Seguin,TX,38.43409999999949,0,0.0,1
2026-04-15 07:00:23,"0286 - Amarillo, TX",Diesel,Amarillo,TX,0.0,0,0.0,3
2026-04-15 07:00:23,"0286 - Amarillo, TX",Unlead,Amarillo,TX,0.0,0,0.0,1
2026-04-15 07:00:23,"0287 - Burbonnais, IL",Diesel,Burbonnais,IL,0.0,0,0.0,3
2026-04-15 07:00:23,"0287 - Burbonnais, IL",Unlead,Burbonnais,IL,26.532999999999447,0,0.0,1
2026-04-15 07:00:23,"0289 - Teague, TX",Diesel,Teague,TX,199.3000000000011,0,0.0,3
2026-04-15 07:00:23,"0289 - Teague, TX",Unlead,Teague,TX,19.55199999999968,0,0.0,1
2026-04-15 07:00:23,"0290 - Joplin, MO",Diesel,Joplin,MO,10.765999999999622,0,0.0,3
2026-04-15 07:00:23,"0290 - Joplin, MO",Unlead,Joplin,MO,6.1710000000002765,0,0.0,1
2026-04-15 07:00:23,"0312 - Vidor, TX",Diesel,Vidor,TX,130.22700000000077,0,0.0,3
2026-04-15 07:00:23,"0312 - Vidor, TX",Unlead,Vidor,TX,20.204000000001543,0,0.0,1
2026-04-15 07:00:23,"0315 - Laredo, TX",Diesel,Laredo,TX,0.0,0,0.0,3
2026-04-15 07:00:23,"0315 - Laredo, TX",Unlead,Laredo,TX,36.72899999999936,0,0.0,1
2026-04-15 07:00:23,"0319 - Milford, TX",Diesel,Milford,TX,0.0,0,0.0,3
2026-04-15 07:00:23,"0319 - Milford, TX",Unlead,Milford,TX,58.41100000000006,0,0.0,1
2026-04-15 07:00:23,"0323 - Canton, TX",Diesel,Canton,TX,0.0,0,0.0,3
2026-04-15 07:00:23,"0323 - Canton, TX",Unlead,Canton,TX,89.5069999999996,0,0.0,1
2026-04-15 07:15:24,"0118 - Springfield, IL",Diesel,Springfield,IL,0.0,0,0.0,3
2026-04-15 07:15:24,"0118 - Springfield, IL",Unlead,Springfield,IL,33.0,0,0.0,1
2026-04-15 07:15:24,"0132 - Champaign, IL",Diesel,Champaign,IL,137.94900000000052,0,0.0,3
2026-04-15 07:15:24,"0132 - Champaign, IL",Unlead,Champaign,IL,23.89300000000003,0,0.0,1
2026-04-15 07:15:24,"0136 - Cottage Grove, WI",Diesel,Cottage Grove,WI,0.0,0,0.0,2
2026-04-15 07:15:24,"0136 - Cottage Grove, WI",Unlead,Cottage Grove,WI,0.0,0,0.0,1
2026-04-15 07:15:24,"0139 - Tuscola, IL",Diesel,Tuscola,IL,166.0,0,0.0,1
2026-04-15 07:15:24,"0139 - Tuscola, IL",Unlead,Tuscola,IL,9.0,0,0.0,2
2026-04-15 07:15:24,"0140 - Mendota, IL",Diesel,Mendota,IL,0.0,0,0.0,2
2026-04-15 07:15:24,"0140 - Mendota, IL",Unlead,Mendota,IL,4.0,0,0.0,2
2026-04-15 07:15:24,"0141 - Brazil, IN",Diesel,Brazil,IN,27.614700000000994,0,0.0,4
2026-04-15 07:15:24,"0141 - Brazil, IN",Unlead,Brazil,IN,29.0,0,0.0,1
2026-04-15 07:15:24,"0144 - Elk Run Height, IA",Diesel,Elk Run Height,IA,189.0,0,0.0,4
2026-04-15 07:15:24,"0144 - Elk Run Height, IA",Unlead,Elk Run Height,IA,11.11869999999999,0,0.0,2
2026-04-15 07:15:24,"0145 - Fenton, MO",Diesel,Fenton,MO,37.0,0,0.0,2
2026-04-15 07:15:24,"0145 - Fenton, MO",Unlead,Fenton,MO,28.0,0,0.0,1
2026-04-15 07:15:24,"0157 - Okawville, IL",Diesel,Okawville,IL,0.0,0,0.0,3
2026-04-15 07:15:24,"0157 - Okawville, IL",Unlead,Okawville,IL,5.49199999999837,0,0.0,1
2026-04-15 07:15:24,"0181 - Springfield, IL",Diesel,Springfield,IL,0.0,0,0.0,3
2026-04-15 07:15:24,"0181 - Springfield, IL",Unlead,Springfield,IL,26.997999999999593,0,0.0,1
2026-04-15 07:15:24,"0185 - McLean, IL",Diesel,McLean,IL,218.9429999999993,0,0.0,4
2026-04-15 07:15:24,"0185 - McLean, IL",Unlead,McLean,IL,40.665100000000166,0,0.0,1
2026-04-15 07:15:24,"0186 - Minonk, IL",Diesel,Minonk,IL,143.0540000000001,0,0.0,3
2026-04-15 07:15:24,"0186 - Minonk, IL",Unlead,Minonk,IL,64.39580000000024,0,0.0,1
2026-04-15 07:15:24,"0187 - Chicago, IL",Diesel,Chicago,IL,57.0,0,0.0,3
2026-04-15 07:15:24,"0187 - Chicago, IL",Unlead,Chicago,IL,9.183999999999287,0,0.0,1
2026-04-15 07:15:24,"0203 - Rockford, IL",Diesel,Rockford,IL,0.0,0,0.0,1
2026-04-15 07:15:24,"0203 - Rockford, IL",Unlead,Rockford,IL,54.6299999999992,0,0.0,1
2026-04-15 07:15:24,"0205 - South Beloit, IL",Diesel,South Beloit,IL,0.0,0,0.0,3
2026-04-15 07:15:24,"0205 - South Beloit, IL",Unlead,South Beloit,IL,54.0,0,0.0,1
2026-04-15 07:15:24,"0206 - Winnebago, IL",Diesel,Winnebago,IL,0.0,0,0.0,1
2026-04-15 07:15:24,"0206 - Winnebago, IL",Unlead,Winnebago,IL,11.0,0,0.0,1
2026-04-15 07:15:24,"0209 - Oakdale, WI",Diesel,Oakdale,WI,78.0,0,0.0,3
2026-04-15 07:15:24,"0209 - Oakdale, WI",Unlead,Oakdale,WI,0.0,0,0.0,1
2026-04-15 07:15:24,"0210 - Rochelle, IL",Diesel,Rochelle,IL,168.0,0,0.0,3
2026-04-15 07:15:24,"0210 - Rochelle, IL",Unlead,Rochelle,IL,8.0,0,0.0,1
2026-04-15 07:15:24,"0211 - Loves Park, IL",Diesel,Loves Park,IL,0.0,0,0.0,1
2026-04-15 07:15:24,"0211 - Loves Park, IL",Unlead,Loves Park,IL,64.0,0,0.0,1
2026-04-15 07:15:24,"0225 - Princeton, IL",Diesel,Princeton,IL,350.0,1,138.0,4
2026-04-15 07:15:24,"0225 - Princeton, IL",Unlead,Princeton,IL,14.0,0,0.0,2
2026-04-15 07:15:24,"0226 - Greenwood, IN",Diesel,Greenwood,IN,71.0,0,0.0,2
2026-04-15 07:15:24,"0226 - Greenwood, IN",Unlead,Greenwood,IN,25.0,0,0.0,2
2026-04-15 07:15:24,"0235 - Hampshire, IL",Diesel,Hampshire,IL,85.0,0,0.0,2
2026-04-15 07:15:24,"0235 - Hampshire, IL",Unlead,Hampshire,IL,45.0,0,0.0,2
2026-04-15 07:15:24,"0236 - East Troy, WI",Diesel,East Troy,WI,0.0,0,0.0,2
2026-04-15 07:15:24,"0236 - East Troy, WI",Unlead,East Troy,WI,30.0,0,0.0,1
2026-04-15 07:15:24,"0240 - Lake Station, IN",Diesel,Lake Station,IN,393.0,0,0.0,5
2026-04-15 07:15:24,"0240 - Lake Station, IN",Unlead,Lake Station,IN,31.0,0,0.0,2
2026-04-15 07:15:24,"0242 - St Robert, MO",Diesel,St Robert,MO,65.94899999999689,0,0.0,4
2026-04-15 07:15:24,"0263 - Ottawa, IL",Diesel,Ottawa,IL,110.0,0,0.0,3
2026-04-15 07:15:24,"0263 - Ottawa, IL",Unlead,Ottawa,IL,21.0,0,0.0,1
2026-04-15 07:15:24,"0265 - Dixon, IL",Diesel,Dixon,IL,0.0,0,0.0,3
2026-04-15 07:15:24,"0265 - Dixon, IL",Unlead,Dixon,IL,4.983900000000176,0,0.0,1
2026-04-15 07:15:24,"0266 - New Berlin, IL",Diesel,New Berlin,IL,0.0,0,0.0,3
2026-04-15 07:15:24,"0266 - New Berlin, IL",Unlead,New Berlin,IL,25.453999999999724,0,0.0,1
2026-04-15 07:15:24,"0267 - Pharr, TX",Diesel,Pharr,TX,67.0,2,3800.0,4
2026-04-15 07:15:24,"0267 - Pharr, TX",Unlead,Pharr,TX,0.0,0,0.0,1
2026-04-15 07:15:24,"0268 - Grayville, IL",Diesel,Grayville,IL,76.0,0,0.0,3
2026-04-15 07:15:24,"0268 - Grayville, IL",Unlead,Grayville,IL,0.0,0,0.0,1
2026-04-15 07:15:24,"0269 - Marshall, IL",Diesel,Marshall,IL,77.0,0,0.0,3
2026-04-15 07:15:24,"0269 - Marshall, IL",Unlead,Marshall,IL,14.0,0,0.0,1
2026-04-15 07:15:24,"0270 - Moore, TX",Diesel,Moore,TX,8.0,0,0.0,3
2026-04-15 07:15:24,"0270 - Moore, TX",Unlead,Moore,TX,10.0,0,0.0,1
2026-04-15 07:15:24,"0271 - Odessa, TX",Diesel,Odessa,TX,380.8050000000003,0,0.0,3
2026-04-15 07:15:24,"0271 - Odessa, TX",Unlead,Odessa,TX,104.67599999999948,0,0.0,1
2026-04-15 07:15:24,"0272 - Encinal, TX",Diesel,Encinal,TX,56.393999999998414,0,0.0,3
2026-04-15 07:15:24,"0272 - Encinal, TX",Unlead,Encinal,TX,26.457000000000335,0,0.0,1
2026-04-15 07:15:24,"0273 - Combes, TX",Diesel,Combes,TX,66.63899999999921,0,0.0,3
2026-04-15 07:15:24,"0273 - Combes, TX",Unlead,Combes,TX,82.72500000000036,0,0.0,1
2026-04-15 07:15:24,"0275 - Sonora, TX",Diesel,Sonora,TX,5.559300000000803,0,0.0,3
2026-04-15 07:15:24,"0275 - Sonora, TX",Unlead,Sonora,TX,14.751000000000204,0,0.0,1
2026-04-15 07:15:24,"0276 - Waco, TX",Diesel,Waco,TX,434.03329999999914,0,0.0,3
2026-04-15 07:15:24,"0276 - Waco, TX",Unlead,Waco,TX,35.24200000000019,0,0.0,1
2026-04-15 07:15:24,"0277 - New Boston, TX",Diesel,New Boston,TX,0.0,0,0.0,3
2026-04-15 07:15:24,"0277 - New Boston, TX",Unlead,New Boston,TX,38.86399999999958,0,0.0,1
2026-04-15 07:15:24,"0278 - Brinkley, AR",Diesel,Brinkley,AR,111.60000000000036,0,0.0,3
2026-04-15 07:15:24,"0278 - Brinkley, AR",Unlead,Brinkley,AR,21.40100000000166,0,0.0,1
2026-04-15 07:15:24,"0279 - Marion, IL",Diesel,Marion,IL,0.0,0,0.0,3
2026-04-15 07:15:24,"0279 - Marion, IL",Unlead,Marion,IL,28.769999999998618,0,0.0,1
2026-04-15 07:15:24,"0280 - Monahans, TX",Diesel,Monahans,TX,127.25630000000001,0,0.0,3
2026-04-15 07:15:24,"0280 - Monahans, TX",Unlead,Monahans,TX,54.89099999999962,0,0.0,1
2026-04-15 07:15:24,"0281 - Cisco, TX",Diesel,Cisco,TX,125.45549999999821,0,0.0,3
2026-04-15 07:15:24,"0281 - Cisco, TX",Unlead,Cisco,TX,5.8104999999995925,0,0.0,1
2026-04-15 07:15:24,"0282 - Gainesville, TX",Diesel,Gainesville,TX,97.37999999999556,0,0.0,3
2026-04-15 07:15:24,"0282 - Gainesville, TX",Unlead,Gainesville,TX,50.112999999999374,0,0.0,1
2026-04-15 07:15:24,"0283 - Sealy, TX",Diesel,Sealy,TX,7.742999999998574,0,0.0,3
2026-04-15 07:15:24,"0283 - Sealy, TX",Unlead,Sealy,TX,3.4069999999992433,0,0.0,1
2026-04-15 07:15:24,"0284 - New Deal, TX",Diesel,New Deal,TX,42.41399999999885,0,0.0,3
2026-04-15 07:15:24,"0284 - New Deal, TX",Unlead,New Deal,TX,0.0,1,2364.8046999999997,1
2026-04-15 07:15:24,"0285 - Seguin, TX",Diesel,Seguin,TX,107.42910000000029,0,0.0,3
2026-04-15 07:15:24,"0285 - Seguin, TX",Unlead,Seguin,TX,24.56500000000051,0,0.0,1
2026-04-15 07:15:24,"0286 - Amarillo, TX",Diesel,Amarillo,TX,119.52000000000044,0,0.0,3
2026-04-15 07:15:24,"0286 - Amarillo, TX",Unlead,Amarillo,TX,12.988999999999578,0,0.0,1
2026-04-15 07:15:24,"0287 - Burbonnais, IL",Diesel,Burbonnais,IL,0.0,0,0.0,3
2026-04-15 07:15:24,"0287 - Burbonnais, IL",Unlead,Burbonnais,IL,30.936999999999898,0,0.0,1
2026-04-15 07:15:24,"0289 - Teague, TX",Diesel,Teague,TX,271.2669999999998,0,0.0,3
2026-04-15 07:15:24,"0289 - Teague, TX",Unlead,Teague,TX,72.4369999999999,0,0.0,1
2026-04-15 07:15:24,"0290 - Joplin, MO",Diesel,Joplin,MO,103.82360000000062,0,0.0,3
2026-04-15 07:15:24,"0290 - Joplin, MO",Unlead,Joplin,MO,25.187299999999595,0,0.0,1
2026-04-15 07:15:24,"0312 - Vidor, TX",Diesel,Vidor,TX,77.71640000000025,0,0.0,3
2026-04-15 07:15:24,"0312 - Vidor, TX",Unlead,Vidor,TX,0.0,0,0.0,1
2026-04-15 07:15:24,"0315 - Laredo, TX",Diesel,Laredo,TX,36.93700000000172,0,0.0,3
2026-04-15 07:15:24,"0315 - Laredo, TX",Unlead,Laredo,TX,26.645000000000437,0,0.0,1
2026-04-15 07:15:24,"0319 - Milford, TX",Diesel,Milford,TX,168.56900000000132,0,0.0,3
2026-04-15 07:15:24,"0319 - Milford, TX",Unlead,Milford,TX,42.43499999999949,0,0.0,1
2026-04-15 07:15:24,"0323 - Canton, TX",Diesel,Canton,TX,6.20299999999952,1,3462.9829999999993,3
2026-04-15 07:15:24,"0323 - Canton, TX",Unlead,Canton,TX,45.61399999999958,0,0.0,1
2026-04-15 07:30:29,"0118 - Springfield, IL",Diesel,Springfield,IL,211.0,0,0.0,3
2026-04-15 07:30:29,"0118 - Springfield, IL",Unlead,Springfield,IL,71.0,0,0.0,1
2026-04-15 07:30:29,"0132 - Champaign, IL",Diesel,Champaign,IL,0.0,0,0.0,3
2026-04-15 07:30:29,"0132 - Champaign, IL",Unlead,Champaign,IL,13.609000000000378,0,0.0,1
2026-04-15 07:30:29,"0136 - Cottage Grove, WI",Diesel,Cottage Grove,WI,0.0,0,0.0,2
2026-04-15 07:30:29,"0136 - Cottage Grove, WI",Unlead,Cottage Grove,WI,0.0,0,0.0,1
2026-04-15 07:30:29,"0139 - Tuscola, IL",Diesel,Tuscola,IL,177.0,0,0.0,1
2026-04-15 07:30:29,"0139 - Tuscola, IL",Unlead,Tuscola,IL,22.0,0,0.0,2
2026-04-15 07:30:29,"0140 - Mendota, IL",Diesel,Mendota,IL,19.0,0,0.0,2
2026-04-15 07:30:29,"0140 - Mendota, IL",Unlead,Mendota,IL,10.0,0,0.0,2
2026-04-15 07:30:29,"0141 - Brazil, IN",Diesel,Brazil,IN,0.0,0,0.0,4
2026-04-15 07:30:29,"0141 - Brazil, IN",Unlead,Brazil,IN,0.0,0,0.0,1
2026-04-15 07:30:29,"0144 - Elk Run Height, IA",Diesel,Elk Run Height,IA,115.0,0,0.0,4
2026-04-15 07:30:29,"0144 - Elk Run Height, IA",Unlead,Elk Run Height,IA,12.309400000000096,0,0.0,2
2026-04-15 07:30:29,"0145 - Fenton, MO",Diesel,Fenton,MO,181.0,0,0.0,2
2026-04-15 07:30:29,"0145 - Fenton, MO",Unlead,Fenton,MO,29.0,0,0.0,1
2026-04-15 07:30:29,"0157 - Okawville, IL",Diesel,Okawville,IL,0.0,0,0.0,3
2026-04-15 07:30:29,"0157 - Okawville, IL",Unlead,Okawville,IL,10.701000000000931,0,0.0,1
2026-04-15 07:30:29,"0181 - Springfield, IL",Diesel,Springfield,IL,298.5300000000025,0,0.0,3
2026-04-15 07:30:29,"0181 - Springfield, IL",Unlead,Springfield,IL,55.10599999999977,0,0.0,1
2026-04-15 07:30:29,"0185 - McLean, IL",Diesel,McLean,IL,106.41700000000128,0,0.0,4
2026-04-15 07:30:29,"0185 - McLean, IL",Unlead,McLean,IL,44.618099999999686,0,0.0,1
2026-04-15 07:30:29,"0186 - Minonk, IL",Diesel,Minonk,IL,134.2479999999996,0,0.0,3
2026-04-15 07:30:29,"0186 - Minonk, IL",Unlead,Minonk,IL,17.510699999999815,0,0.0,1
2026-04-15 07:30:29,"0187 - Chicago, IL",Diesel,Chicago,IL,15.0,0,0.0,3
2026-04-15 07:30:29,"0187 - Chicago, IL",Unlead,Chicago,IL,10.958000000000538,0,0.0,1
2026-04-15 07:30:29,"0203 - Rockford, IL",Diesel,Rockford,IL,0.0,0,0.0,1
2026-04-15 07:30:29,"0203 - Rockford, IL",Unlead,Rockford,IL,24.75,0,0.0,1
2026-04-15 07:30:29,"0205 - South Beloit, IL",Diesel,South Beloit,IL,0.0,0,0.0,3
2026-04-15 07:30:29,"0205 - South Beloit, IL",Unlead,South Beloit,IL,58.0,0,0.0,1
2026-04-15 07:30:29,"0206 - Winnebago, IL",Diesel,Winnebago,IL,0.0,0,0.0,1
2026-04-15 07:30:29,"0206 - Winnebago, IL",Unlead,Winnebago,IL,37.0,0,0.0,1
2026-04-15 07:30:29,"0209 - Oakdale, WI",Diesel,Oakdale,WI,111.0,0,0.0,3
2026-04-15 07:30:29,"0209 - Oakdale, WI",Unlead,Oakdale,WI,0.0,0,0.0,1
2026-04-15 07:30:29,"0210 - Rochelle, IL",Diesel,Rochelle,IL,79.0,0,0.0,3
2026-04-15 07:30:29,"0210 - Rochelle, IL",Unlead,Rochelle,IL,7.0,0,0.0,1
2026-04-15 07:30:29,"0211 - Loves Park, IL",Diesel,Loves Park,IL,0.0,0,0.0,1
2026-04-15 07:30:29,"0211 - Loves Park, IL",Unlead,Loves Park,IL,16.0,0,0.0,1
2026-04-15 07:30:29,"0225 - Princeton, IL",Diesel,Princeton,IL,265.0,0,0.0,4
2026-04-15 07:30:29,"0225 - Princeton, IL",Unlead,Princeton,IL,41.0,0,0.0,2
2026-04-15 07:30:29,"0226 - Greenwood, IN",Diesel,Greenwood,IN,0.0,0,0.0,2
2026-04-15 07:30:29,"0226 - Greenwood, IN",Unlead,Greenwood,IN,7.0,0,0.0,2
2026-04-15 07:30:29,"0235 - Hampshire, IL",Diesel,Hampshire,IL,155.0,0,0.0,2
2026-04-15 07:30:29,"0235 - Hampshire, IL",Unlead,Hampshire,IL,38.0,0,0.0,2
2026-04-15 07:30:29,"0236 - East Troy, WI",Diesel,East Troy,WI,0.0,0,0.0,2
2026-04-15 07:30:29,"0236 - East Troy, WI",Unlead,East Troy,WI,0.0,0,0.0,1
2026-04-15 07:30:29,"0240 - Lake Station, IN",Diesel,Lake Station,IN,118.0,0,0.0,5
2026-04-15 07:30:29,"0240 - Lake Station, IN",Unlead,Lake Station,IN,9.0,0,0.0,2
2026-04-15 07:30:29,"0242 - St Robert, MO",Diesel,St Robert,MO,131.07400000000052,0,0.0,4
2026-04-15 07:30:29,"0263 - Ottawa, IL",Diesel,Ottawa,IL,273.0,0,0.0,3
2026-04-15 07:30:29,"0263 - Ottawa, IL",Unlead,Ottawa,IL,46.0,0,0.0,1
2026-04-15 07:30:29,"0265 - Dixon, IL",Diesel,Dixon,IL,0.0,0,0.0,3
2026-04-15 07:30:29,"0265 - Dixon, IL",Unlead,Dixon,IL,0.0,0,0.0,1
2026-04-15 07:30:29,"0266 - New Berlin, IL",Diesel,New Berlin,IL,0.0,0,0.0,3
2026-04-15 07:30:29,"0266 - New Berlin, IL",Unlead,New Berlin,IL,32.88800000000083,0,0.0,1
2026-04-15 07:30:29,"0267 - Pharr, TX",Diesel,Pharr,TX,0.0,2,4001.0,4
2026-04-15 07:30:29,"0267 - Pharr, TX",Unlead,Pharr,TX,7.0,0,0.0,1
2026-04-15 07:30:29,"0268 - Grayville, IL",Diesel,Grayville,IL,259.0,0,0.0,3
2026-04-15 07:30:29,"0268 - Grayville, IL",Unlead,Grayville,IL,0.0,0,0.0,1
2026-04-15 07:30:29,"0269 - Marshall, IL",Diesel,Marshall,IL,272.0,0,0.0,3
2026-04-15 07:30:29,"0269 - Marshall, IL",Unlead,Marshall,IL,10.0,0,0.0,1
2026-04-15 07:30:29,"0270 - Moore, TX",Diesel,Moore,TX,0.0,0,0.0,3
2026-04-15 07:30:29,"0270 - Moore, TX",Unlead,Moore,TX,27.0,0,0.0,1
2026-04-15 07:30:29,"0271 - Odessa, TX",Diesel,Odessa,TX,224.82200000000012,0,0.0,3
2026-04-15 07:30:29,"0271 - Odessa, TX",Unlead,Odessa,TX,41.24799999999959,0,0.0,1
2026-04-15 07:30:29,"0272 - Encinal, TX",Diesel,Encinal,TX,90.75100000000384,0,0.0,3
2026-04-15 07:30:29,"0272 - Encinal, TX",Unlead,Encinal,TX,28.40299999999843,0,0.0,1
2026-04-15 07:30:29,"0273 - Combes, TX",Diesel,Combes,TX,22.395000000000437,0,0.0,3
2026-04-15 07:30:29,"0273 - Combes, TX",Unlead,Combes,TX,75.11599999999999,0,0.0,1
2026-04-15 07:30:29,"0275 - Sonora, TX",Diesel,Sonora,TX,117.70940000000064,0,0.0,3
2026-04-15 07:30:29,"0275 - Sonora, TX",Unlead,Sonora,TX,11.798000000000684,0,0.0,1
2026-04-15 07:30:29,"0276 - Waco, TX",Diesel,Waco,TX,416.0740000000005,0,0.0,3
2026-04-15 07:30:29,"0276 - Waco, TX",Unlead,Waco,TX,28.28899999999885,0,0.0,1
2026-04-15 07:30:29,"0277 - New Boston, TX",Diesel,New Boston,TX,115.58899999999812,0,0.0,3
2026-04-15 07:30:29,"0277 - New Boston, TX",Unlead,New Boston,TX,54.31999999999971,0,0.0,1
2026-04-15 07:30:29,"0278 - Brinkley, AR",Diesel,Brinkley,AR,98.34100000000035,0,0.0,3
2026-04-15 07:30:29,"0278 - Brinkley, AR",Unlead,Brinkley,AR,43.53399999999965,0,0.0,1
2026-04-15 07:30:29,"0279 - Marion, IL",Diesel,Marion,IL,49.801000000001295,0,0.0,3
2026-04-15 07:30:29,"0279 - Marion, IL",Unlead,Marion,IL,106.57099999999991,0,0.0,1
2026-04-15 07:30:29,"0280 - Monahans, TX",Diesel,Monahans,TX,184.20180000000164,0,0.0,3
2026-04-15 07:30:29,"0280 - Monahans, TX",Unlead,Monahans,TX,45.090000000000146,0,0.0,1
2026-04-15 07:30:29,"0281 - Cisco, TX",Diesel,Cisco,TX,73.47550000000047,0,0.0,3
2026-04-15 07:30:29,"0281 - Cisco, TX",Unlead,Cisco,TX,82.12299999999959,0,0.0,1
2026-04-15 07:30:29,"0282 - Gainesville, TX",Diesel,Gainesville,TX,81.2925000000032,0,0.0,3
2026-04-15 07:30:29,"0282 - Gainesville, TX",Unlead,Gainesville,TX,32.34300000000076,0,0.0,1
2026-04-15 07:30:29,"0283 - Sealy, TX",Diesel,Sealy,TX,32.87699999999859,0,0.0,3
2026-04-15 07:30:29,"0283 - Sealy, TX",Unlead,Sealy,TX,6.342000000000553,0,0.0,1
2026-04-15 07:30:29,"0284 - New Deal, TX",Diesel,New Deal,TX,31.022000000002663,0,0.0,3
2026-04-15 07:30:29,"0284 - New Deal, TX",Unlead,New Deal,TX,0.0,1,5135.3150000000005,1
2026-04-15 07:30:29,"0285 - Seguin, TX",Diesel,Seguin,TX,131.31689999999844,0,0.0,3
2026-04-15 07:30:29,"0285 - Seguin, TX",Unlead,Seguin,TX,6.47440000000006,0,0.0,1
2026-04-15 07:30:29,"0286 - Amarillo, TX",Diesel,Amarillo,TX,0.0,0,0.0,3
2026-04-15 07:30:29,"0286 - Amarillo, TX",Unlead,Amarillo,TX,15.451000000000931,0,0.0,1
2026-04-15 07:30:29,"0287 - Burbonnais, IL",Diesel,Burbonnais,IL,0.0,0,0.0,3
2026-04-15 07:30:29,"0287 - Burbonnais, IL",Unlead,Burbonnais,IL,19.014000000001033,0,0.0,1
2026-04-15 07:30:29,"0289 - Teague, TX",Diesel,Teague,TX,373.1839999999993,0,0.0,3
2026-04-15 07:30:29,"0289 - Teague, TX",Unlead,Teague,TX,140.89099999999962,0,0.0,1
2026-04-15 07:30:29,"0290 - Joplin, MO",Diesel,Joplin,MO,134.42470000000048,0,0.0,3
2026-04-15 07:30:29,"0290 - Joplin, MO",Unlead,Joplin,MO,36.903699999999844,0,0.0,1
2026-04-15 07:30:29,"0312 - Vidor, TX",Diesel,Vidor,TX,0.0,0,0.0,3
2026-04-15 07:30:29,"0312 - Vidor, TX",Unlead,Vidor,TX,38.20399999999972,0,0.0,1
2026-04-15 07:30:29,"0315 - Laredo, TX",Diesel,Laredo,TX,27.329999999999927,0,0.0,3
2026-04-15 07:30:29,"0315 - Laredo, TX",Unlead,Laredo,TX,20.688000000000102,0,0.0,1
2026-04-15 07:30:29,"0319 - Milford, TX",Diesel,Milford,TX,130.04899999999907,0,0.0,3
2026-04-15 07:30:29,"0319 - Milford, TX",Unlead,Milford,TX,52.271999999999025,0,0.0,1
2026-04-15 07:30:29,"0323 - Canton, TX",Diesel,Canton,TX,0.0,1,3077.451000000001,3
2026-04-15 07:30:29,"0323 - Canton, TX",Unlead,Canton,TX,65.81500000000051,0,0.0,1
2026-04-15 07:45:33,"0118 - Springfield, IL",Diesel,Springfield,IL,0.0,0,0.0,3
2026-04-15 07:45:33,"0118 - Springfield, IL",Unlead,Springfield,IL,24.0,0,0.0,1
2026-04-15 07:45:33,"0132 - Champaign, IL",Diesel,Champaign,IL,23.51599999999962,0,0.0,3
2026-04-15 07:45:33,"0132 - Champaign, IL",Unlead,Champaign,IL,32.162500000000364,0,0.0,1
2026-04-15 07:45:33,"0136 - Cottage Grove, WI",Diesel,Cottage Grove,WI,0.0,0,0.0,2
2026-04-15 07:45:33,"0136 - Cottage Grove, WI",Unlead,Cottage Grove,WI,0.0,0,0.0,1
2026-04-15 07:45:33,"0139 - Tuscola, IL",Diesel,Tuscola,IL,75.0,0,0.0,1
2026-04-15 07:45:33,"0139 - Tuscola, IL",Unlead,Tuscola,IL,0.0,0,0.0,2
2026-04-15 07:45:33,"0140 - Mendota, IL",Diesel,Mendota,IL,0.0,0,0.0,2
2026-04-15 07:45:33,"0140 - Mendota, IL",Unlead,Mendota,IL,36.0,0,0.0,2
2026-04-15 07:45:33,"0141 - Brazil, IN",Diesel,Brazil,IN,0.0,0,0.0,4
2026-04-15 07:45:33,"0141 - Brazil, IN",Unlead,Brazil,IN,20.0,0,0.0,1
2026-04-15 07:45:33,"0144 - Elk Run Height, IA",Diesel,Elk Run Height,IA,223.0,0,0.0,4
2026-04-15 07:45:33,"0144 - Elk Run Height, IA",Unlead,Elk Run Height,IA,102.86999999999989,0,0.0,2
2026-04-15 07:45:33,"0145 - Fenton, MO",Diesel,Fenton,MO,313.0,0,0.0,2
2026-04-15 07:45:33,"0145 - Fenton, MO",Unlead,Fenton,MO,34.0,0,0.0,1
2026-04-15 07:45:33,"0157 - Okawville, IL",Diesel,Okawville,IL,0.0,0,0.0,3
2026-04-15 07:45:33,"0157 - Okawville, IL",Unlead,Okawville,IL,84.82800000000134,0,0.0,1
2026-04-15 07:45:33,"0181 - Springfield, IL",Diesel,Springfield,IL,17.763999999999214,0,0.0,3
2026-04-15 07:45:33,"0181 - Springfield, IL",Unlead,Springfield,IL,84.10000000000036,0,0.0,1
2026-04-15 07:45:33,"0185 - McLean, IL",Diesel,McLean,IL,112.79999999999745,0,0.0,4
2026-04-15 07:45:33,"0185 - McLean, IL",Unlead,McLean,IL,43.87930000000051,0,0.0,1
2026-04-15 07:45:33,"0186 - Minonk, IL",Diesel,Minonk,IL,39.3859999999986,0,0.0,3
2026-04-15 07:45:33,"0186 - Minonk, IL",Unlead,Minonk,IL,68.20510000000013,0,0.0,1
2026-04-15 07:45:33,"0187 - Chicago, IL",Diesel,Chicago,IL,0.0,0,0.0,3
2026-04-15 07:45:33,"0187 - Chicago, IL",Unlead,Chicago,IL,30.011000000000422,0,0.0,1
2026-04-15 07:45:33,"0203 - Rockford, IL",Diesel,Rockford,IL,0.0,0,0.0,1
2026-04-15 07:45:33,"0203 - Rockford, IL",Unlead,Rockford,IL,34.09200000000055,0,0.0,1
2026-04-15 07:45:33,"0205 - South Beloit, IL",Diesel,South Beloit,IL,174.0,0,0.0,3
2026-04-15 07:45:33,"0205 - South Beloit, IL",Unlead,South Beloit,IL,22.0,0,0.0,1
2026-04-15 07:45:33,"0206 - Winnebago, IL",Diesel,Winnebago,IL,0.0,0,0.0,1
2026-04-15 07:45:33,"0206 - Winnebago, IL",Unlead,Winnebago,IL,22.0,0,0.0,1
2026-04-15 07:45:33,"0209 - Oakdale, WI",Diesel,Oakdale,WI,202.0,0,0.0,3
2026-04-15 07:45:33,"0209 - Oakdale, WI",Unlead,Oakdale,WI,0.0,0,0.0,1
2026-04-15 07:45:33,"0210 - Rochelle, IL",Diesel,Rochelle,IL,54.0,0,0.0,3
2026-04-15 07:45:33,"0210 - Rochelle, IL",Unlead,Rochelle,IL,38.0,0,0.0,1
2026-04-15 07:45:33,"0211 - Loves Park, IL",Diesel,Loves Park,IL,79.0,0,0.0,1
2026-04-15 07:45:33,"0211 - Loves Park, IL",Unlead,Loves Park,IL,35.0,0,0.0,1
2026-04-15 07:45:33,"0225 - Princeton, IL",Diesel,Princeton,IL,5.0,0,0.0,4
2026-04-15 07:45:33,"0225 - Princeton, IL",Unlead,Princeton,IL,0.0,0,0.0,2
2026-04-15 07:45:33,"0226 - Greenwood, IN",Diesel,Greenwood,IN,0.0,0,0.0,2
2026-04-15 07:45:33,"0226 - Greenwood, IN",Unlead,Greenwood,IN,35.0,0,0.0,2
2026-04-15 07:45:33,"0235 - Hampshire, IL",Diesel,Hampshire,IL,120.0,0,0.0,2
2026-04-15 07:45:33,"0235 - Hampshire, IL",Unlead,Hampshire,IL,35.0,0,0.0,2
2026-04-15 07:45:33,"0236 - East Troy, WI",Diesel,East Troy,WI,7.0,0,0.0,2
2026-04-15 07:45:33,"0236 - East Troy, WI",Unlead,East Troy,WI,0.0,0,0.0,1
2026-04-15 07:45:33,"0240 - Lake Station, IN",Diesel,Lake Station,IN,271.0,0,0.0,5
2026-04-15 07:45:33,"0240 - Lake Station, IN",Unlead,Lake Station,IN,23.0,0,0.0,2
2026-04-15 07:45:33,"0242 - St Robert, MO",Diesel,St Robert,MO,195.33900000000176,0,0.0,4
2026-04-15 07:45:33,"0263 - Ottawa, IL",Diesel,Ottawa,IL,93.0,0,0.0,3
2026-04-15 07:45:33,"0263 - Ottawa, IL",Unlead,Ottawa,IL,0.0,0,0.0,1
2026-04-15 07:45:33,"0265 - Dixon, IL",Diesel,Dixon,IL,0.0,0,0.0,3
2026-04-15 07:45:33,"0265 - Dixon, IL",Unlead,Dixon,IL,17.17529999999988,0,0.0,1
2026-04-15 07:45:33,"0266 - New Berlin, IL",Diesel,New Berlin,IL,0.0,0,0.0,3
2026-04-15 07:45:33,"0266 - New Berlin, IL",Unlead,New Berlin,IL,38.48699999999917,0,0.0,1
2026-04-15 07:45:33,"0267 - Pharr, TX",Diesel,Pharr,TX,0.0,0,0.0,4
2026-04-15 07:45:33,"0267 - Pharr, TX",Unlead,Pharr,TX,14.0,0,0.0,1
2026-04-15 07:45:33,"0268 - Grayville, IL",Diesel,Grayville,IL,99.0,0,0.0,3
2026-04-15 07:45:33,"0268 - Grayville, IL",Unlead,Grayville,IL,19.0,0,0.0,1
2026-04-15 07:45:33,"0269 - Marshall, IL",Diesel,Marshall,IL,413.0,0,0.0,3
2026-04-15 07:45:33,"0269 - Marshall, IL",Unlead,Marshall,IL,15.0,0,0.0,1
2026-04-15 07:45:33,"0270 - Moore, TX",Diesel,Moore,TX,0.0,0,0.0,3
2026-04-15 07:45:33,"0270 - Moore, TX",Unlead,Moore,TX,48.0,0,0.0,1
2026-04-15 07:45:33,"0271 - Odessa, TX",Diesel,Odessa,TX,145.17999999999847,0,0.0,3
2026-04-15 07:45:33,"0271 - Odessa, TX",Unlead,Odessa,TX,59.89600000000064,0,0.0,1
2026-04-15 07:45:33,"0272 - Encinal, TX",Diesel,Encinal,TX,182.89999999999782,0,0.0,3
2026-04-15 07:45:33,"0272 - Encinal, TX",Unlead,Encinal,TX,17.895000000000437,0,0.0,1
2026-04-15 07:45:33,"0273 - Combes, TX",Diesel,Combes,TX,153.3060000000005,0,0.0,3
2026-04-15 07:45:33,"0273 - Combes, TX",Unlead,Combes,TX,89.4320000000007,0,0.0,1
2026-04-15 07:45:33,"0275 - Sonora, TX",Diesel,Sonora,TX,127.07999999999993,1,1590.3576999999996,3
2026-04-15 07:45:33,"0275 - Sonora, TX",Unlead,Sonora,TX,16.105999999999767,0,0.0,1
2026-04-15 07:45:33,"0276 - Waco, TX",Diesel,Waco,TX,272.97009999999955,0,0.0,3
2026-04-15 07:45:33,"0276 - Waco, TX",Unlead,Waco,TX,31.125,0,0.0,1
2026-04-15 07:45:33,"0277 - New Boston, TX",Diesel,New Boston,TX,166.77499999999964,0,0.0,3
2026-04-15 07:45:33,"0277 - New Boston, TX",Unlead,New Boston,TX,19.424999999999272,0,0.0,1
2026-04-15 07:45:33,"0278 - Brinkley, AR",Diesel,Brinkley,AR,65.10599999999977,0,0.0,3
2026-04-15 07:45:33,"0278 - Brinkley, AR",Unlead,Brinkley,AR,40.82099999999991,0,0.0,1
2026-04-15 07:45:33,"0279 - Marion, IL",Diesel,Marion,IL,102.41699999999946,0,0.0,3
2026-04-15 07:45:33,"0279 - Marion, IL",Unlead,Marion,IL,44.9950000000008,0,0.0,1
2026-04-15 07:45:33,"0280 - Monahans, TX",Diesel,Monahans,TX,435.2408999999989,0,0.0,3
2026-04-15 07:45:33,"0280 - Monahans, TX",Unlead,Monahans,TX,126.86399999999958,0,0.0,1
2026-04-15 07:45:33,"0281 - Cisco, TX",Diesel,Cisco,TX,110.76599999999962,0,0.0,3
2026-04-15 07:45:33,"0281 - Cisco, TX",Unlead,Cisco,TX,44.64300000000003,0,0.0,1
2026-04-15 07:45:33,"0282 - Gainesville, TX",Diesel,Gainesville,TX,46.85149999999885,0,0.0,3
2026-04-15 07:45:33,"0282 - Gainesville, TX",Unlead,Gainesville,TX,14.77599999999984,0,0.0,1
2026-04-15 07:45:33,"0283 - Sealy, TX",Diesel,Sealy,TX,37.9950000000008,0,0.0,3
2026-04-15 07:45:33,"0283 - Sealy, TX",Unlead,Sealy,TX,14.337999999999738,0,0.0,1
2026-04-15 07:45:33,"0284 - New Deal, TX",Diesel,New Deal,TX,220.4310000000005,0,0.0,3
2026-04-15 07:45:33,"0284 - New Deal, TX",Unlead,New Deal,TX,17.932999999999083,0,0.0,1
2026-04-15 07:45:33,"0285 - Seguin, TX",Diesel,Seguin,TX,140.60670000000073,0,0.0,3
2026-04-15 07:45:33,"0285 - Seguin, TX",Unlead,Seguin,TX,15.770700000000033,0,0.0,1
2026-04-15 07:45:33,"0286 - Amarillo, TX",Diesel,Amarillo,TX,23.686999999999898,0,0.0,3
2026-04-15 07:45:33,"0286 - Amarillo, TX",Unlead,Amarillo,TX,3.7039999999997235,0,0.0,1
2026-04-15 07:45:33,"0287 - Burbonnais, IL",Diesel,Burbonnais,IL,99.90400000000045,0,0.0,3
2026-04-15 07:45:33,"0287 - Burbonnais, IL",Unlead,Burbonnais,IL,47.04249999999956,0,0.0,1
2026-04-15 07:45:33,"0289 - Teague, TX",Diesel,Teague,TX,150.78399999999965,0,0.0,3
2026-04-15 07:45:33,"0289 - Teague, TX",Unlead,Teague,TX,64.02400000000125,0,0.0,1
2026-04-15 07:45:33,"0290 - Joplin, MO",Diesel,Joplin,MO,202.15829999999914,0,0.0,3
2026-04-15 07:45:33,"0290 - Joplin, MO",Unlead,Joplin,MO,13.81460000000061,0,0.0,1
2026-04-15 07:45:33,"0312 - Vidor, TX",Diesel,Vidor,TX,325.3154000000013,0,0.0,3
2026-04-15 07:45:33,"0312 - Vidor, TX",Unlead,Vidor,TX,53.097999999999956,0,0.0,1
2026-04-15 07:45:33,"0315 - Laredo, TX",Diesel,Laredo,TX,0.0,0,0.0,3
2026-04-15 07:45:33,"0315 - Laredo, TX",Unlead,Laredo,TX,0.0,0,0.0,1
2026-04-15 07:45:33,"0319 - Milford, TX",Diesel,Milford,TX,85.8030000000017,0,0.0,3
2026-04-15 07:45:33,"0319 - Milford, TX",Unlead,Milford,TX,41.22600000000057,0,0.0,1
2026-04-15 07:45:33,"0323 - Canton, TX",Diesel,Canton,TX,10.657000000001062,1,483.11199999999917,3
2026-04-15 07:45:33,"0323 - Canton, TX",Unlead,Canton,TX,33.074000000000524,0,0.0,1
2026-04-15 08:00:34,"0118 - Springfield, IL",Diesel,Springfield,IL,114.0,0,0.0,3
2026-04-15 08:00:34,"0118 - Springfield, IL",Unlead,Springfield,IL,6.0,0,0.0,1
2026-04-15 08:00:34,"0132 - Champaign, IL",Diesel,Champaign,IL,60.86700000000019,0,0.0,3
2026-04-15 08:00:34,"0132 - Champaign, IL",Unlead,Champaign,IL,36.41649999999936,0,0.0,1
2026-04-15 08:00:34,"0136 - Cottage Grove, WI",Diesel,Cottage Grove,WI,0.0,0,0.0,2
2026-04-15 08:00:34,"0136 - Cottage Grove, WI",Unlead,Cottage Grove,WI,0.0,0,0.0,1
2026-04-15 08:00:34,"0139 - Tuscola, IL",Diesel,Tuscola,IL,101.0,0,0.0,1
2026-04-15 08:00:34,"0139 - Tuscola, IL",Unlead,Tuscola,IL,0.0,0,0.0,2
2026-04-15 08:00:34,"0140 - Mendota, IL",Diesel,Mendota,IL,0.0,0,0.0,2
2026-04-15 08:00:34,"0140 - Mendota, IL",Unlead,Mendota,IL,26.0,0,0.0,2
2026-04-15 08:00:34,"0141 - Brazil, IN",Diesel,Brazil,IN,13.606600000000071,0,0.0,4
2026-04-15 08:00:34,"0141 - Brazil, IN",Unlead,Brazil,IN,8.0,0,0.0,1
2026-04-15 08:00:34,"0144 - Elk Run Height, IA",Diesel,Elk Run Height,IA,76.0,0,0.0,4
2026-04-15 08:00:34,"0144 - Elk Run Height, IA",Unlead,Elk Run Height,IA,0.0,0,0.0,2
2026-04-15 08:00:34,"0145 - Fenton, MO",Diesel,Fenton,MO,125.0,0,0.0,2
2026-04-15 08:00:34,"0145 - Fenton, MO",Unlead,Fenton,MO,14.0,0,0.0,1
2026-04-15 08:00:34,"0157 - Okawville, IL",Diesel,Okawville,IL,474.0,0,0.0,3
2026-04-15 08:00:34,"0157 - Okawville, IL",Unlead,Okawville,IL,17.3849999999984,0,0.0,1
2026-04-15 08:00:34,"0181 - Springfield, IL",Diesel,Springfield,IL,0.0,0,0.0,3
2026-04-15 08:00:34,"0181 - Springfield, IL",Unlead,Springfield,IL,26.020000000000437,0,0.0,1
2026-04-15 08:00:34,"0185 - McLean, IL",Diesel,McLean,IL,217.63800000000083,0,0.0,4
2026-04-15 08:00:34,"0185 - McLean, IL",Unlead,McLean,IL,121.6866,0,0.0,1
2026-04-15 08:00:34,"0186 - Minonk, IL",Diesel,Minonk,IL,15.459999999999127,0,0.0,3
2026-04-15 08:00:34,"0186 - Minonk, IL",Unlead,Minonk,IL,24.703099999999722,0,0.0,1
2026-04-15 08:00:34,"0187 - Chicago, IL",Diesel,Chicago,IL,0.0,0,0.0,3
2026-04-15 08:00:34,"0187 - Chicago, IL",Unlead,Chicago,IL,72.05799999999999,0,0.0,1
2026-04-15 08:00:34,"0203 - Rockford, IL",Diesel,Rockford,IL,0.0,0,0.0,1
2026-04-15 08:00:34,"0203 - Rockford, IL",Unlead,Rockford,IL,33.847999999999956,0,0.0,1
2026-04-15 08:00:34,"0205 - South Beloit, IL",Diesel,South Beloit,IL,0.0,0,0.0,3
2026-04-15 08:00:34,"0205 - South Beloit, IL",Unlead,South Beloit,IL,7.0,0,0.0,1
2026-04-15 08:00:34,"0206 - Winnebago, IL",Diesel,Winnebago,IL,0.0,0,0.0,1
2026-04-15 08:00:34,"0206 - Winnebago, IL",Unlead,Winnebago,IL,110.0,0,0.0,1
2026-04-15 08:00:34,"0209 - Oakdale, WI",Diesel,Oakdale,WI,131.0,0,0.0,3
2026-04-15 08:00:34,"0209 - Oakdale, WI",Unlead,Oakdale,WI,0.0,0,0.0,1
2026-04-15 08:00:34,"0210 - Rochelle, IL",Diesel,Rochelle,IL,44.0,0,0.0,3
2026-04-15 08:00:34,"0210 - Rochelle, IL",Unlead,Rochelle,IL,17.0,0,0.0,1
2026-04-15 08:00:34,"0211 - Loves Park, IL",Diesel,Loves Park,IL,30.0,0,0.0,1
2026-04-15 08:00:34,"0211 - Loves Park, IL",Unlead,Loves Park,IL,12.0,0,0.0,1
2026-04-15 08:00:34,"0225 - Princeton, IL",Diesel,Princeton,IL,86.0,0,0.0,4
2026-04-15 08:00:34,"0225 - Princeton, IL",Unlead,Princeton,IL,0.0,0,0.0,2
2026-04-15 08:00:34,"0226 - Greenwood, IN",Diesel,Greenwood,IN,0.0,0,0.0,2
2026-04-15 08:00:34,"0226 - Greenwood, IN",Unlead,Greenwood,IN,11.0,0,0.0,2
2026-04-15 08:00:34,"0235 - Hampshire, IL",Diesel,Hampshire,IL,0.0,0,0.0,2
2026-04-15 08:00:34,"0235 - Hampshire, IL",Unlead,Hampshire,IL,69.0,0,0.0,2
2026-04-15 08:00:34,"0236 - East Troy, WI",Diesel,East Troy,WI,0.0,0,0.0,2
2026-04-15 08:00:34,"0236 - East Troy, WI",Unlead,East Troy,WI,0.0,0,0.0,1
2026-04-15 08:00:34,"0240 - Lake Station, IN",Diesel,Lake Station,IN,32.0,0,0.0,5
2026-04-15 08:00:34,"0240 - Lake Station, IN",Unlead,Lake Station,IN,33.0,0,0.0,2
2026-04-15 08:00:34,"0242 - St Robert, MO",Diesel,St Robert,MO,228.3249999999989,0,0.0,4
2026-04-15 08:00:34,"0263 - Ottawa, IL",Diesel,Ottawa,IL,78.0,0,0.0,3
2026-04-15 08:00:34,"0263 - Ottawa, IL",Unlead,Ottawa,IL,9.0,0,0.0,1
2026-04-15 08:00:34,"0265 - Dixon, IL",Diesel,Dixon,IL,0.0,0,0.0,3
2026-04-15 08:00:34,"0265 - Dixon, IL",Unlead,Dixon,IL,9.222699999999804,0,0.0,1
2026-04-15 08:00:34,"0266 - New Berlin, IL",Diesel,New Berlin,IL,0.0,0,0.0,3
2026-04-15 08:00:34,"0266 - New Berlin, IL",Unlead,New Berlin,IL,85.1820000000007,0,0.0,1
2026-04-15 08:00:34,"0267 - Pharr, TX",Diesel,Pharr,TX,195.0,0,0.0,4
2026-04-15 08:00:34,"0267 - Pharr, TX",Unlead,Pharr,TX,0.0,0,0.0,1
2026-04-15 08:00:34,"0268 - Grayville, IL",Diesel,Grayville,IL,0.0,0,0.0,3
2026-04-15 08:00:34,"0268 - Grayville, IL",Unlead,Grayville,IL,14.0,0,0.0,1
2026-04-15 08:00:34,"0269 - Marshall, IL",Diesel,Marshall,IL,123.0,0,0.0,3
2026-04-15 08:00:34,"0269 - Marshall, IL",Unlead,Marshall,IL,11.0,0,0.0,1
2026-04-15 08:00:34,"0270 - Moore, TX",Diesel,Moore,TX,119.0,0,0.0,3
2026-04-15 08:00:34,"0270 - Moore, TX",Unlead,Moore,TX,84.0,0,0.0,1
2026-04-15 08:00:34,"0271 - Odessa, TX",Diesel,Odessa,TX,156.66899999999987,0,0.0,3
2026-04-15 08:00:34,"0271 - Odessa, TX",Unlead,Odessa,TX,107.65799999999945,0,0.0,1
2026-04-15 08:00:34,"0272 - Encinal, TX",Diesel,Encinal,TX,150.4349999999995,0,0.0,3
2026-04-15 08:00:34,"0272 - Encinal, TX",Unlead,Encinal,TX,54.254000000000815,0,0.0,1
2026-04-15 08:00:34,"0273 - Combes, TX",Diesel,Combes,TX,0.0,0,0.0,3
2026-04-15 08:00:34,"0273 - Combes, TX",Unlead,Combes,TX,81.65999999999985,0,0.0,1
2026-04-15 08:00:34,"0275 - Sonora, TX",Diesel,Sonora,TX,68.53299999999945,2,4903.908000000001,3
2026-04-15 08:00:34,"0275 - Sonora, TX",Unlead,Sonora,TX,47.90599999999904,0,0.0,1
2026-04-15 08:00:34,"0276 - Waco, TX",Diesel,Waco,TX,49.14599999999882,0,0.0,3
2026-04-15 08:00:34,"0276 - Waco, TX",Unlead,Waco,TX,64.61700000000019,0,0.0,1
2026-04-15 08:00:34,"0277 - New Boston, TX",Diesel,New Boston,TX,17.120999999999185,0,0.0,3
2026-04-15 08:00:34,"0277 - New Boston, TX",Unlead,New Boston,TX,33.98000000000138,0,0.0,1
2026-04-15 08:00:34,"0278 - Brinkley, AR",Diesel,Brinkley,AR,117.88600000000042,0,0.0,3
2026-04-15 08:00:34,"0278 - Brinkley, AR",Unlead,Brinkley,AR,69.0659999999989,0,0.0,1
2026-04-15 08:00:34,"0279 - Marion, IL",Diesel,Marion,IL,154.91300000000047,0,0.0,3
2026-04-15 08:00:34,"0279 - Marion, IL",Unlead,Marion,IL,46.70800000000054,0,0.0,1
2026-04-15 08:00:34,"0280 - Monahans, TX",Diesel,Monahans,TX,285.04179999999997,0,0.0,3
2026-04-15 08:00:34,"0280 - Monahans, TX",Unlead,Monahans,TX,125.6760000000013,0,0.0,1
2026-04-15 08:00:34,"0281 - Cisco, TX",Diesel,Cisco,TX,132.4350000000013,0,0.0,3
2026-04-15 08:00:34,"0281 - Cisco, TX",Unlead,Cisco,TX,5.915000000000873,0,0.0,1
2026-04-15 08:00:34,"0282 - Gainesville, TX",Diesel,Gainesville,TX,149.42700000000332,0,0.0,3
2026-04-15 08:00:34,"0282 - Gainesville, TX",Unlead,Gainesville,TX,0.0,0,0.0,1
2026-04-15 08:00:34,"0283 - Sealy, TX",Diesel,Sealy,TX,0.0,0,0.0,3
2026-04-15 08:00:34,"0283 - Sealy, TX",Unlead,Sealy,TX,27.56500000000051,0,0.0,1
2026-04-15 08:00:34,"0284 - New Deal, TX",Diesel,New Deal,TX,60.40799999999945,0,0.0,3
2026-04-15 08:00:34,"0284 - New Deal, TX",Unlead,New Deal,TX,139.6810000000005,0,0.0,1
2026-04-15 08:00:34,"0285 - Seguin, TX",Diesel,Seguin,TX,89.41460000000097,0,0.0,3
2026-04-15 08:00:34,"0285 - Seguin, TX",Unlead,Seguin,TX,67.70629999999983,0,0.0,1
2026-04-15 08:00:34,"0286 - Amarillo, TX",Diesel,Amarillo,TX,6.77350000000115,0,0.0,3
2026-04-15 08:00:34,"0286 - Amarillo, TX",Unlead,Amarillo,TX,12.209999999999127,0,0.0,1
2026-04-15 08:00:34,"0287 - Burbonnais, IL",Diesel,Burbonnais,IL,122.27700000000004,0,0.0,3
2026-04-15 08:00:34,"0287 - Burbonnais, IL",Unlead,Burbonnais,IL,45.4945000000007,0,0.0,1
2026-04-15 08:00:34,"0289 - Teague, TX",Diesel,Teague,TX,6.640999999999622,1,2713.9390000000003,3
2026-04-15 08:00:34,"0289 - Teague, TX",Unlead,Teague,TX,15.08299999999872,0,0.0,1
2026-04-15 08:00:34,"0290 - Joplin, MO",Diesel,Joplin,MO,147.84299999999985,0,0.0,3
2026-04-15 08:00:34,"0290 - Joplin, MO",Unlead,Joplin,MO,24.136399999999412,0,0.0,1
2026-04-15 08:00:34,"0312 - Vidor, TX",Diesel,Vidor,TX,50.37249999999767,0,0.0,3
2026-04-15 08:00:34,"0312 - Vidor, TX",Unlead,Vidor,TX,3.879000000000815,0,0.0,1
2026-04-15 08:00:34,"0315 - Laredo, TX",Diesel,Laredo,TX,41.528000000002066,0,0.0,3
2026-04-15 08:00:34,"0315 - Laredo, TX",Unlead,Laredo,TX,0.0,0,0.0,1
2026-04-15 08:00:34,"0319 - Milford, TX",Diesel,Milford,TX,11.510999999998603,0,0.0,3
2026-04-15 08:00:34,"0319 - Milford, TX",Unlead,Milford,TX,38.23099999999977,0,0.0,1
2026-04-15 08:00:34,"0323 - Canton, TX",Diesel,Canton,TX,6.596999999999753,0,0.0,3
2026-04-15 08:00:34,"0323 - Canton, TX",Unlead,Canton,TX,85.47400000000016,0,0.0,1
2026-04-15 08:15:35,"0118 - Springfield, IL",Diesel,Springfield,IL,0.0,0,0.0,3
2026-04-15 08:15:35,"0118 - Springfield, IL",Unlead,Springfield,IL,0.0,0,0.0,1
2026-04-15 08:15:35,"0132 - Champaign, IL",Diesel,Champaign,IL,86.99499999999898,0,0.0,3
2026-04-15 08:15:35,"0132 - Champaign, IL",Unlead,Champaign,IL,65.92900000000009,0,0.0,1
2026-04-15 08:15:35,"0136 - Cottage Grove, WI",Diesel,Cottage Grove,WI,0.0,0,0.0,2
2026-04-15 08:15:35,"0136 - Cottage Grove, WI",Unlead,Cottage Grove,WI,0.0,0,0.0,1
2026-04-15 08:15:35,"0139 - Tuscola, IL",Diesel,Tuscola,IL,84.0,0,0.0,1
2026-04-15 08:15:35,"0139 - Tuscola, IL",Unlead,Tuscola,IL,22.0,0,0.0,2
2026-04-15 08:15:35,"0140 - Mendota, IL",Diesel,Mendota,IL,0.0,0,0.0,2
2026-04-15 08:15:35,"0140 - Mendota, IL",Unlead,Mendota,IL,18.0,0,0.0,2
2026-04-15 08:15:35,"0141 - Brazil, IN",Diesel,Brazil,IN,0.0,0,0.0,4
2026-04-15 08:15:35,"0141 - Brazil, IN",Unlead,Brazil,IN,12.0,0,0.0,1
2026-04-15 08:15:35,"0144 - Elk Run Height, IA",Diesel,Elk Run Height,IA,253.0,0,0.0,4
2026-04-15 08:15:35,"0144 - Elk Run Height, IA",Unlead,Elk Run Height,IA,15.111800000000585,0,0.0,2
2026-04-15 08:15:35,"0145 - Fenton, MO",Diesel,Fenton,MO,198.0,0,0.0,2
2026-04-15 08:15:35,"0145 - Fenton, MO",Unlead,Fenton,MO,20.0,0,0.0,1
2026-04-15 08:15:35,"0157 - Okawville, IL",Diesel,Okawville,IL,144.0,0,0.0,3
2026-04-15 08:15:35,"0157 - Okawville, IL",Unlead,Okawville,IL,32.638999999999214,0,0.0,1
2026-04-15 08:15:35,"0181 - Springfield, IL",Diesel,Springfield,IL,98.02300000000105,0,0.0,3
2026-04-15 08:15:35,"0181 - Springfield, IL",Unlead,Springfield,IL,54.16699999999946,0,0.0,1
2026-04-15 08:15:35,"0185 - McLean, IL",Diesel,McLean,IL,39.774999999999636,0,0.0,4
2026-04-15 08:15:35,"0185 - McLean, IL",Unlead,McLean,IL,43.96939999999995,0,0.0,1
2026-04-15 08:15:35,"0186 - Minonk, IL",Diesel,Minonk,IL,6.4430000000011205,0,0.0,3
2026-04-15 08:15:35,"0186 - Minonk, IL",Unlead,Minonk,IL,4.082499999999982,0,0.0,1
2026-04-15 08:15:35,"0187 - Chicago, IL",Diesel,Chicago,IL,0.0,0,0.0,3
2026-04-15 08:15:35,"0187 - Chicago, IL",Unlead,Chicago,IL,4.040999999999258,0,0.0,1
2026-04-15 08:15:35,"0203 - Rockford, IL",Diesel,Rockford,IL,0.0,0,0.0,1
2026-04-15 08:15:35,"0203 - Rockford, IL",Unlead,Rockford,IL,0.0,0,0.0,1
2026-04-15 08:15:35,"0205 - South Beloit, IL",Diesel,South Beloit,IL,0.0,0,0.0,3
2026-04-15 08:15:35,"0205 - South Beloit, IL",Unlead,South Beloit,IL,7.0,0,0.0,1
2026-04-15 08:15:35,"0206 - Winnebago, IL",Diesel,Winnebago,IL,0.0,0,0.0,1
2026-04-15 08:15:35,"0206 - Winnebago, IL",Unlead,Winnebago,IL,137.0,0,0.0,1
2026-04-15 08:15:35,"0209 - Oakdale, WI",Diesel,Oakdale,WI,0.0,0,0.0,3
2026-04-15 08:15:35,"0209 - Oakdale, WI",Unlead,Oakdale,WI,0.0,0,0.0,1
2026-04-15 08:15:35,"0210 - Rochelle, IL",Diesel,Rochelle,IL,80.0,0,0.0,3
2026-04-15 08:15:35,"0210 - Rochelle, IL",Unlead,Rochelle,IL,12.0,0,0.0,1
2026-04-15 08:15:35,"0211 - Loves Park, IL",Diesel,Loves Park,IL,11.0,0,0.0,1
2026-04-15 08:15:35,"0211 - Loves Park, IL",Unlead,Loves Park,IL,65.0,0,0.0,1
2026-04-15 08:15:35,"0225 - Princeton, IL",Diesel,Princeton,IL,37.0,0,0.0,4
2026-04-15 08:15:35,"0225 - Princeton, IL",Unlead,Princeton,IL,0.0,0,0.0,2
2026-04-15 08:15:35,"0226 - Greenwood, IN",Diesel,Greenwood,IN,0.0,0,0.0,2
2026-04-15 08:15:35,"0226 - Greenwood, IN",Unlead,Greenwood,IN,54.0,0,0.0,2
2026-04-15 08:15:35,"0235 - Hampshire, IL",Diesel,Hampshire,IL,15.0,0,0.0,2
2026-04-15 08:15:35,"0235 - Hampshire, IL",Unlead,Hampshire,IL,51.0,0,0.0,2
2026-04-15 08:15:35,"0236 - East Troy, WI",Diesel,East Troy,WI,0.0,0,0.0,2
2026-04-15 08:15:35,"0236 - East Troy, WI",Unlead,East Troy,WI,0.0,0,0.0,1
2026-04-15 08:15:35,"0240 - Lake Station, IN",Diesel,Lake Station,IN,238.0,0,0.0,5
2026-04-15 08:15:35,"0240 - Lake Station, IN",Unlead,Lake Station,IN,9.0,0,0.0,2
2026-04-15 08:15:35,"0242 - St Robert, MO",Diesel,St Robert,MO,10.295000000000073,0,0.0,4
2026-04-15 08:15:35,"0263 - Ottawa, IL",Diesel,Ottawa,IL,71.0,0,0.0,3
2026-04-15 08:15:35,"0263 - Ottawa, IL",Unlead,Ottawa,IL,0.0,0,0.0,1
2026-04-15 08:15:35,"0265 - Dixon, IL",Diesel,Dixon,IL,0.0,0,0.0,3
2026-04-15 08:15:35,"0265 - Dixon, IL",Unlead,Dixon,IL,0.0,0,0.0,1
2026-04-15 08:15:35,"0266 - New Berlin, IL",Diesel,New Berlin,IL,0.0,0,0.0,3
2026-04-15 08:15:35,"0266 - New Berlin, IL",Unlead,New Berlin,IL,72.90699999999924,0,0.0,1
2026-04-15 08:15:35,"0267 - Pharr, TX",Diesel,Pharr,TX,40.0,0,0.0,4
2026-04-15 08:15:35,"0267 - Pharr, TX",Unlead,Pharr,TX,3.0,0,0.0,1
2026-04-15 08:15:35,"0268 - Grayville, IL",Diesel,Grayville,IL,16.0,1,3494.0,3
2026-04-15 08:15:35,"0268 - Grayville, IL",Unlead,Grayville,IL,16.0,0,0.0,1
2026-04-15 08:15:35,"0269 - Marshall, IL",Diesel,Marshall,IL,7.0,0,0.0,3
2026-04-15 08:15:35,"0269 - Marshall, IL",Unlead,Marshall,IL,24.0,0,0.0,1
2026-04-15 08:15:35,"0270 - Moore, TX",Diesel,Moore,TX,129.0,0,0.0,3
2026-04-15 08:15:35,"0270 - Moore, TX",Unlead,Moore,TX,32.0,0,0.0,1
2026-04-15 08:15:35,"0271 - Odessa, TX",Diesel,Odessa,TX,0.0,2,3704.395999999997,3
2026-04-15 08:15:35,"0271 - Odessa, TX",Unlead,Odessa,TX,74.43399999999929,0,0.0,1
2026-04-15 08:15:35,"0272 - Encinal, TX",Diesel,Encinal,TX,226.75100000000202,0,0.0,3
2026-04-15 08:15:35,"0272 - Encinal, TX",Unlead,Encinal,TX,10.958999999998923,0,0.0,1
2026-04-15 08:15:35,"0273 - Combes, TX",Diesel,Combes,TX,45.26649999999972,0,0.0,3
2026-04-15 08:15:35,"0273 - Combes, TX",Unlead,Combes,TX,44.0,0,0.0,1
2026-04-15 08:15:35,"0275 - Sonora, TX",Diesel,Sonora,TX,27.55500000000211,1,896.25,3
2026-04-15 08:15:35,"0275 - Sonora, TX",Unlead,Sonora,TX,45.58800000000156,0,0.0,1
2026-04-15 08:15:35,"0276 - Waco, TX",Diesel,Waco,TX,130.6523000000011,0,0.0,3
2026-04-15 08:15:35,"0276 - Waco, TX",Unlead,Waco,TX,16.38500000000022,0,0.0,1
2026-04-15 08:15:35,"0277 - New Boston, TX",Diesel,New Boston,TX,51.257000000001426,0,0.0,3
2026-04-15 08:15:35,"0277 - New Boston, TX",Unlead,New Boston,TX,48.836999999999534,0,0.0,1
2026-04-15 08:15:35,"0278 - Brinkley, AR",Diesel,Brinkley,AR,690.9329999999991,0,0.0,3
2026-04-15 08:15:35,"0278 - Brinkley, AR",Unlead,Brinkley,AR,14.496999999999389,0,0.0,1
2026-04-15 08:15:35,"0279 - Marion, IL",Diesel,Marion,IL,79.6890000000003,0,0.0,3
2026-04-15 08:15:35,"0279 - Marion, IL",Unlead,Marion,IL,71.60800000000017,0,0.0,1
2026-04-15 08:15:35,"0280 - Monahans, TX",Diesel,Monahans,TX,202.33000000000084,0,0.0,3
2026-04-15 08:15:35,"0280 - Monahans, TX",Unlead,Monahans,TX,94.01299999999901,0,0.0,1
2026-04-15 08:15:35,"0281 - Cisco, TX",Diesel,Cisco,TX,0.0,0,0.0,3
2026-04-15 08:15:35,"0281 - Cisco, TX",Unlead,Cisco,TX,28.318999999999505,0,0.0,1
2026-04-15 08:15:35,"0282 - Gainesville, TX",Diesel,Gainesville,TX,40.29099999999744,0,0.0,3
2026-04-15 08:15:35,"0282 - Gainesville, TX",Unlead,Gainesville,TX,28.1875,0,0.0,1
2026-04-15 08:15:35,"0283 - Sealy, TX",Diesel,Sealy,TX,54.28500000000167,0,0.0,3
2026-04-15 08:15:35,"0283 - Sealy, TX",Unlead,Sealy,TX,35.33799999999974,0,0.0,1
2026-04-15 08:15:35,"0284 - New Deal, TX",Diesel,New Deal,TX,96.09699999999975,0,0.0,3
2026-04-15 08:15:35,"0284 - New Deal, TX",Unlead,New Deal,TX,109.26800000000003,0,0.0,1
2026-04-15 08:15:35,"0285 - Seguin, TX",Diesel,Seguin,TX,30.213800000000447,0,0.0,3
2026-04-15 08:15:35,"0285 - Seguin, TX",Unlead,Seguin,TX,13.691600000000108,0,0.0,1
2026-04-15 08:15:35,"0286 - Amarillo, TX",Diesel,Amarillo,TX,140.41699999999764,0,0.0,3
2026-04-15 08:15:35,"0286 - Amarillo, TX",Unlead,Amarillo,TX,0.0,0,0.0,1
2026-04-15 08:15:35,"0287 - Burbonnais, IL",Diesel,Burbonnais,IL,167.59599999999955,0,0.0,3
2026-04-15 08:15:35,"0287 - Burbonnais, IL",Unlead,Burbonnais,IL,0.0,0,0.0,1
2026-04-15 08:15:35,"0289 - Teague, TX",Diesel,Teague,TX,0.0,2,3079.1139999999996,3
2026-04-15 08:15:35,"0289 - Teague, TX",Unlead,Teague,TX,9.227000000000771,0,0.0,1
2026-04-15 08:15:35,"0290 - Joplin, MO",Diesel,Joplin,MO,103.14940000000115,0,0.0,3
2026-04-15 08:15:35,"0290 - Joplin, MO",Unlead,Joplin,MO,0.0,1,205.3726999999999,1
2026-04-15 08:15:35,"0312 - Vidor, TX",Diesel,Vidor,TX,19.28399999999965,0,0.0,3
2026-04-15 08:15:35,"0312 - Vidor, TX",Unlead,Vidor,TX,22.337999999999738,0,0.0,1
2026-04-15 08:15:35,"0315 - Laredo, TX",Diesel,Laredo,TX,152.1969999999983,0,0.0,3
2026-04-15 08:15:35,"0315 - Laredo, TX",Unlead,Laredo,TX,5.837000000001353,0,0.0,1
2026-04-15 08:15:35,"0319 - Milford, TX",Diesel,Milford,TX,48.090000000000146,0,0.0,3
2026-04-15 08:15:35,"0319 - Milford, TX",Unlead,Milford,TX,23.574000000000524,0,0.0,1
2026-04-15 08:15:35,"0323 - Canton, TX",Diesel,Canton,TX,0.0,0,0.0,3
2026-04-15 08:15:35,"0323 - Canton, TX",Unlead,Canton,TX,94.93399999999929,0,0.0,1
2026-04-15 08:30:40,"0118 - Springfield, IL",Diesel,Springfield,IL,70.0,0,0.0,3
2026-04-15 08:30:40,"0118 - Springfield, IL",Unlead,Springfield,IL,6.0,0,0.0,1
2026-04-15 08:30:40,"0132 - Champaign, IL",Diesel,Champaign,IL,0.0,0,0.0,3
2026-04-15 08:30:40,"0132 - Champaign, IL",Unlead,Champaign,IL,42.225000000000364,0,0.0,1
2026-04-15 08:30:40,"0136 - Cottage Grove, WI",Diesel,Cottage Grove,WI,0.0,0,0.0,2
2026-04-15 08:30:40,"0136 - Cottage Grove, WI",Unlead,Cottage Grove,WI,0.0,0,0.0,1
2026-04-15 08:30:40,"0139 - Tuscola, IL",Diesel,Tuscola,IL,0.0,0,0.0,1
2026-04-15 08:30:40,"0139 - Tuscola, IL",Unlead,Tuscola,IL,0.0,0,0.0,2
2026-04-15 08:30:40,"0140 - Mendota, IL",Diesel,Mendota,IL,0.0,0,0.0,2
2026-04-15 08:30:40,"0140 - Mendota, IL",Unlead,Mendota,IL,0.0,0,0.0,2
2026-04-15 08:30:40,"0141 - Brazil, IN",Diesel,Brazil,IN,0.0,0,0.0,4
2026-04-15 08:30:40,"0141 - Brazil, IN",Unlead,Brazil,IN,6.0,0,0.0,1
2026-04-15 08:30:40,"0144 - Elk Run Height, IA",Diesel,Elk Run Height,IA,105.0,0,0.0,4
2026-04-15 08:30:40,"0144 - Elk Run Height, IA",Unlead,Elk Run Height,IA,0.0,0,0.0,2
2026-04-15 08:30:40,"0145 - Fenton, MO",Diesel,Fenton,MO,0.0,0,0.0,2
2026-04-15 08:30:40,"0145 - Fenton, MO",Unlead,Fenton,MO,31.0,0,0.0,1
2026-04-15 08:30:40,"0157 - Okawville, IL",Diesel,Okawville,IL,0.0,0,0.0,3
2026-04-15 08:30:40,"0157 - Okawville, IL",Unlead,Okawville,IL,7.207000000002154,0,0.0,1
2026-04-15 08:30:40,"0181 - Springfield, IL",Diesel,Springfield,IL,165.9499999999989,0,0.0,3
2026-04-15 08:30:40,"0181 - Springfield, IL",Unlead,Springfield,IL,21.71600000000035,0,0.0,1
2026-04-15 08:30:40,"0185 - McLean, IL",Diesel,McLean,IL,128.1820000000007,0,0.0,4
2026-04-15 08:30:40,"0185 - McLean, IL",Unlead,McLean,IL,33.427599999999984,0,0.0,1
2026-04-15 08:30:40,"0186 - Minonk, IL",Diesel,Minonk,IL,92.47799999999916,0,0.0,3
2026-04-15 08:30:40,"0186 - Minonk, IL",Unlead,Minonk,IL,5.738100000000031,0,0.0,1
2026-04-15 08:30:40,"0187 - Chicago, IL",Diesel,Chicago,IL,104.0,0,0.0,3
2026-04-15 08:30:40,"0187 - Chicago, IL",Unlead,Chicago,IL,9.769000000000233,0,0.0,1
2026-04-15 08:30:40,"0203 - Rockford, IL",Diesel,Rockford,IL,0.0,1,5258.58,1
2026-04-15 08:30:40,"0203 - Rockford, IL",Unlead,Rockford,IL,38.44800000000032,0,0.0,1
2026-04-15 08:30:40,"0205 - South Beloit, IL",Diesel,South Beloit,IL,33.0,0,0.0,3
2026-04-15 08:30:40,"0205 - South Beloit, IL",Unlead,South Beloit,IL,33.0,0,0.0,1
2026-04-15 08:30:40,"0206 - Winnebago, IL",Diesel,Winnebago,IL,0.0,0,0.0,1
2026-04-15 08:30:40,"0206 - Winnebago, IL",Unlead,Winnebago,IL,69.0,0,0.0,1
2026-04-15 08:30:40,"0209 - Oakdale, WI",Diesel,Oakdale,WI,123.0,0,0.0,3
2026-04-15 08:30:40,"0209 - Oakdale, WI",Unlead,Oakdale,WI,19.0,0,0.0,1
2026-04-15 08:30:40,"0210 - Rochelle, IL",Diesel,Rochelle,IL,24.0,0,0.0,3
2026-04-15 08:30:40,"0210 - Rochelle, IL",Unlead,Rochelle,IL,59.0,0,0.0,1
2026-04-15 08:30:40,"0211 - Loves Park, IL",Diesel,Loves Park,IL,0.0,0,0.0,1
2026-04-15 08:30:40,"0211 - Loves Park, IL",Unlead,Loves Park,IL,23.0,0,0.0,1
2026-04-15 08:30:40,"0225 - Princeton, IL",Diesel,Princeton,IL,282.0,0,0.0,4
2026-04-15 08:30:40,"0225 - Princeton, IL",Unlead,Princeton,IL,7.0,0,0.0,2
2026-04-15 08:30:40,"0226 - Greenwood, IN",Diesel,Greenwood,IN,68.0,0,0.0,2
2026-04-15 08:30:40,"0226 - Greenwood, IN",Unlead,Greenwood,IN,16.0,0,0.0,2
2026-04-15 08:30:40,"0235 - Hampshire, IL",Diesel,Hampshire,IL,0.0,0,0.0,2
2026-04-15 08:30:40,"0235 - Hampshire, IL",Unlead,Hampshire,IL,35.0,0,0.0,2
2026-04-15 08:30:40,"0236 - East Troy, WI",Diesel,East Troy,WI,0.0,0,0.0,2
2026-04-15 08:30:40,"0236 - East Troy, WI",Unlead,East Troy,WI,0.0,0,0.0,1
2026-04-15 08:30:40,"0240 - Lake Station, IN",Diesel,Lake Station,IN,228.0,0,0.0,5
2026-04-15 08:30:40,"0240 - Lake Station, IN",Unlead,Lake Station,IN,6.0,0,0.0,2
2026-04-15 08:30:40,"0242 - St Robert, MO",Diesel,St Robert,MO,0.0,0,0.0,4
2026-04-15 08:30:40,"0263 - Ottawa, IL",Diesel,Ottawa,IL,221.0,0,0.0,3
2026-04-15 08:30:40,"0263 - Ottawa, IL",Unlead,Ottawa,IL,10.0,0,0.0,1
2026-04-15 08:30:40,"0265 - Dixon, IL",Diesel,Dixon,IL,132.11249999999927,0,0.0,3
2026-04-15 08:30:40,"0265 - Dixon, IL",Unlead,Dixon,IL,10.009199999999964,0,0.0,1
2026-04-15 08:30:40,"0266 - New Berlin, IL",Diesel,New Berlin,IL,23.0,0,0.0,3
2026-04-15 08:30:40,"0266 - New Berlin, IL",Unlead,New Berlin,IL,49.600000000000364,0,0.0,1
2026-04-15 08:30:40,"0267 - Pharr, TX",Diesel,Pharr,TX,275.0,0,0.0,4
2026-04-15 08:30:40,"0267 - Pharr, TX",Unlead,Pharr,TX,13.0,0,0.0,1
2026-04-15 08:30:40,"0268 - Grayville, IL",Diesel,Grayville,IL,56.0,0,0.0,3
2026-04-15 08:30:40,"0268 - Grayville, IL",Unlead,Grayville,IL,0.0,1,4118.0,1
2026-04-15 08:30:40,"0269 - Marshall, IL",Diesel,Marshall,IL,70.0,0,0.0,3
2026-04-15 08:30:40,"0269 - Marshall, IL",Unlead,Marshall,IL,24.0,0,0.0,1
2026-04-15 08:30:40,"0270 - Moore, TX",Diesel,Moore,TX,80.0,0,0.0,3
2026-04-15 08:30:40,"0270 - Moore, TX",Unlead,Moore,TX,13.0,0,0.0,1
2026-04-15 08:30:40,"0271 - Odessa, TX",Diesel,Odessa,TX,0.0,2,3880.058000000001,3
2026-04-15 08:30:40,"0271 - Odessa, TX",Unlead,Odessa,TX,80.5515000000014,0,0.0,1
2026-04-15 08:30:40,"0272 - Encinal, TX",Diesel,Encinal,TX,188.91599999999926,0,0.0,3
2026-04-15 08:30:40,"0272 - Encinal, TX",Unlead,Encinal,TX,15.291000000001077,0,0.0,1
2026-04-15 08:30:40,"0273 - Combes, TX",Diesel,Combes,TX,229.16249999999854,0,0.0,3
2026-04-15 08:30:40,"0273 - Combes, TX",Unlead,Combes,TX,56.11000000000058,0,0.0,1
2026-04-15 08:30:40,"0275 - Sonora, TX",Diesel,Sonora,TX,252.8309999999983,0,0.0,3
2026-04-15 08:30:40,"0275 - Sonora, TX",Unlead,Sonora,TX,26.03399999999965,0,0.0,1
2026-04-15 08:30:40,"0276 - Waco, TX",Diesel,Waco,TX,149.63760000000093,0,0.0,3
2026-04-15 08:30:40,"0276 - Waco, TX",Unlead,Waco,TX,0.0,0,0.0,1
2026-04-15 08:30:40,"0277 - New Boston, TX",Diesel,New Boston,TX,98.77399999999943,0,0.0,3
2026-04-15 08:30:40,"0277 - New Boston, TX",Unlead,New Boston,TX,10.24200000000019,0,0.0,1
2026-04-15 08:30:40,"0278 - Brinkley, AR",Diesel,Brinkley,AR,91.41899999999987,0,0.0,3
2026-04-15 08:30:40,"0278 - Brinkley, AR",Unlead,Brinkley,AR,39.189000000002125,0,0.0,1
2026-04-15 08:30:40,"0279 - Marion, IL",Diesel,Marion,IL,0.0,0,0.0,3
2026-04-15 08:30:40,"0279 - Marion, IL",Unlead,Marion,IL,107.10899999999856,0,0.0,1
2026-04-15 08:30:40,"0280 - Monahans, TX",Diesel,Monahans,TX,118.76990000000023,0,0.0,3
2026-04-15 08:30:40,"0280 - Monahans, TX",Unlead,Monahans,TX,54.58400000000074,0,0.0,1
2026-04-15 08:30:40,"0281 - Cisco, TX",Diesel,Cisco,TX,101.59600000000137,0,0.0,3
2026-04-15 08:30:40,"0281 - Cisco, TX",Unlead,Cisco,TX,10.65599999999904,0,0.0,1
2026-04-15 08:30:40,"0282 - Gainesville, TX",Diesel,Gainesville,TX,47.54400000000351,0,0.0,3
2026-04-15 08:30:40,"0282 - Gainesville, TX",Unlead,Gainesville,TX,58.717500000000655,0,0.0,1
2026-04-15 08:30:40,"0283 - Sealy, TX",Diesel,Sealy,TX,82.85099999999693,0,0.0,3
2026-04-15 08:30:40,"0283 - Sealy, TX",Unlead,Sealy,TX,2.0599999999994907,0,0.0,1
2026-04-15 08:30:40,"0284 - New Deal, TX",Diesel,New Deal,TX,124.25950000000012,0,0.0,3
2026-04-15 08:30:40,"0284 - New Deal, TX",Unlead,New Deal,TX,35.38100000000122,0,0.0,1
2026-04-15 08:30:40,"0285 - Seguin, TX",Diesel,Seguin,TX,304.2286000000013,0,0.0,3
2026-04-15 08:30:40,"0285 - Seguin, TX",Unlead,Seguin,TX,72.19480000000021,0,0.0,1
2026-04-15 08:30:40,"0286 - Amarillo, TX",Diesel,Amarillo,TX,53.147000000000844,0,0.0,3
2026-04-15 08:30:40,"0286 - Amarillo, TX",Unlead,Amarillo,TX,0.0,0,0.0,1
2026-04-15 08:30:40,"0287 - Burbonnais, IL",Diesel,Burbonnais,IL,52.90899999999965,0,0.0,3
2026-04-15 08:30:40,"0287 - Burbonnais, IL",Unlead,Burbonnais,IL,18.122999999999593,0,0.0,1
2026-04-15 08:30:40,"0289 - Teague, TX",Diesel,Teague,TX,105.81200000000172,1,1896.3649999999998,3
2026-04-15 08:30:40,"0289 - Teague, TX",Unlead,Teague,TX,33.4940000000006,0,0.0,1
2026-04-15 08:30:40,"0290 - Joplin, MO",Diesel,Joplin,MO,90.20859999999902,0,0.0,3
2026-04-15 08:30:40,"0290 - Joplin, MO",Unlead,Joplin,MO,0.0,1,6444.8783,1
2026-04-15 08:30:40,"0312 - Vidor, TX",Diesel,Vidor,TX,146.39950000000226,0,0.0,3
2026-04-15 08:30:40,"0312 - Vidor, TX",Unlead,Vidor,TX,6.072000000000116,0,0.0,1
2026-04-15 08:30:40,"0315 - Laredo, TX",Diesel,Laredo,TX,81.94900000000234,0,0.0,3
2026-04-15 08:30:40,"0315 - Laredo, TX",Unlead,Laredo,TX,10.997999999999593,0,0.0,1
2026-04-15 08:30:40,"0319 - Milford, TX",Diesel,Milford,TX,0.0,0,0.0,3
2026-04-15 08:30:40,"0319 - Milford, TX",Unlead,Milford,TX,15.074000000000524,0,0.0,1
2026-04-15 08:30:40,"0323 - Canton, TX",Diesel,Canton,TX,0.0,0,0.0,3
2026-04-15 08:30:40,"0323 - Canton, TX",Unlead,Canton,TX,14.204999999999927,0,0.0,1
2026-04-15 08:45:45,"0118 - Springfield, IL",Diesel,Springfield,IL,28.0,0,0.0,3
2026-04-15 08:45:45,"0118 - Springfield, IL",Unlead,Springfield,IL,15.0,0,0.0,1
2026-04-15 08:45:45,"0132 - Champaign, IL",Diesel,Champaign,IL,250.22000000000116,0,0.0,3
2026-04-15 08:45:45,"0132 - Champaign, IL",Unlead,Champaign,IL,113.17699999999968,0,0.0,1
2026-04-15 08:45:45,"0136 - Cottage Grove, WI",Diesel,Cottage Grove,WI,0.0,0,0.0,2
2026-04-15 08:45:45,"0136 - Cottage Grove, WI",Unlead,Cottage Grove,WI,0.0,0,0.0,1
2026-04-15 08:45:45,"0139 - Tuscola, IL",Diesel,Tuscola,IL,0.0,0,0.0,1
2026-04-15 08:45:45,"0139 - Tuscola, IL",Unlead,Tuscola,IL,56.0,0,0.0,2
2026-04-15 08:45:45,"0140 - Mendota, IL",Diesel,Mendota,IL,83.0,0,0.0,2
2026-04-15 08:45:45,"0140 - Mendota, IL",Unlead,Mendota,IL,17.0,0,0.0,2
2026-04-15 08:45:45,"0141 - Brazil, IN",Diesel,Brazil,IN,67.44100000000071,0,0.0,4
2026-04-15 08:45:45,"0141 - Brazil, IN",Unlead,Brazil,IN,0.0,0,0.0,1
2026-04-15 08:45:45,"0144 - Elk Run Height, IA",Diesel,Elk Run Height,IA,19.0,0,0.0,4
2026-04-15 08:45:45,"0144 - Elk Run Height, IA",Unlead,Elk Run Height,IA,22.21939999999995,0,0.0,2
2026-04-15 08:45:45,"0145 - Fenton, MO",Diesel,Fenton,MO,170.0,0,0.0,2
2026-04-15 08:45:45,"0145 - Fenton, MO",Unlead,Fenton,MO,34.0,0,0.0,1
2026-04-15 08:45:45,"0157 - Okawville, IL",Diesel,Okawville,IL,167.0,0,0.0,3
2026-04-15 08:45:45,"0157 - Okawville, IL",Unlead,Okawville,IL,35.74799999999959,0,0.0,1
2026-04-15 08:45:45,"0181 - Springfield, IL",Diesel,Springfield,IL,0.0,0,0.0,3
2026-04-15 08:45:45,"0181 - Springfield, IL",Unlead,Springfield,IL,15.795000000000073,0,0.0,1
2026-04-15 08:45:45,"0185 - McLean, IL",Diesel,McLean,IL,65.72100000000137,0,0.0,4
2026-04-15 08:45:45,"0185 - McLean, IL",Unlead,McLean,IL,7.872099999999591,0,0.0,1
2026-04-15 08:45:45,"0186 - Minonk, IL",Diesel,Minonk,IL,100.75000000000182,0,0.0,3
2026-04-15 08:45:45,"0186 - Minonk, IL",Unlead,Minonk,IL,15.719900000000052,0,0.0,1
2026-04-15 08:45:45,"0187 - Chicago, IL",Diesel,Chicago,IL,0.0,0,0.0,3
2026-04-15 08:45:45,"0187 - Chicago, IL",Unlead,Chicago,IL,25.149999999999636,0,0.0,1
2026-04-15 08:45:45,"0203 - Rockford, IL",Diesel,Rockford,IL,0.0,1,2457.4280000000017,1
2026-04-15 08:45:45,"0203 - Rockford, IL",Unlead,Rockford,IL,72.35100000000057,0,0.0,1
2026-04-15 08:45:45,"0205 - South Beloit, IL",Diesel,South Beloit,IL,34.0,0,0.0,3
2026-04-15 08:45:45,"0205 - South Beloit, IL",Unlead,South Beloit,IL,57.0,0,0.0,1
2026-04-15 08:45:45,"0206 - Winnebago, IL",Diesel,Winnebago,IL,0.0,0,0.0,1
2026-04-15 08:45:45,"0206 - Winnebago, IL",Unlead,Winnebago,IL,9.0,0,0.0,1
2026-04-15 08:45:45,"0209 - Oakdale, WI",Diesel,Oakdale,WI,267.0,0,0.0,3
2026-04-15 08:45:45,"0209 - Oakdale, WI",Unlead,Oakdale,WI,0.0,0,0.0,1
2026-04-15 08:45:45,"0210 - Rochelle, IL",Diesel,Rochelle,IL,0.0,0,0.0,3
2026-04-15 08:45:45,"0210 - Rochelle, IL",Unlead,Rochelle,IL,31.0,0,0.0,1
2026-04-15 08:45:45,"0211 - Loves Park, IL",Diesel,Loves Park,IL,43.0,0,0.0,1
2026-04-15 08:45:45,"0211 - Loves Park, IL",Unlead,Loves Park,IL,40.0,0,0.0,1
2026-04-15 08:45:45,"0225 - Princeton, IL",Diesel,Princeton,IL,27.0,0,0.0,4
2026-04-15 08:45:45,"0225 - Princeton, IL",Unlead,Princeton,IL,47.0,0,0.0,2
2026-04-15 08:45:45,"0226 - Greenwood, IN",Diesel,Greenwood,IN,71.0,0,0.0,2
2026-04-15 08:45:45,"0226 - Greenwood, IN",Unlead,Greenwood,IN,14.0,0,0.0,2
2026-04-15 08:45:45,"0235 - Hampshire, IL",Diesel,Hampshire,IL,298.0,0,0.0,2
2026-04-15 08:45:45,"0235 - Hampshire, IL",Unlead,Hampshire,IL,29.0,0,0.0,2
2026-04-15 08:45:45,"0236 - East Troy, WI",Diesel,East Troy,WI,0.0,0,0.0,2
2026-04-15 08:45:45,"0236 - East Troy, WI",Unlead,East Troy,WI,0.0,0,0.0,1
2026-04-15 08:45:45,"0240 - Lake Station, IN",Diesel,Lake Station,IN,76.0,0,0.0,5
2026-04-15 08:45:45,"0240 - Lake Station, IN",Unlead,Lake Station,IN,8.0,0,0.0,2
2026-04-15 08:45:45,"0242 - St Robert, MO",Diesel,St Robert,MO,424.1819999999998,0,0.0,4
2026-04-15 08:45:45,"0263 - Ottawa, IL",Diesel,Ottawa,IL,216.0,0,0.0,3
2026-04-15 08:45:45,"0263 - Ottawa, IL",Unlead,Ottawa,IL,53.0,0,0.0,1
2026-04-15 08:45:45,"0265 - Dixon, IL",Diesel,Dixon,IL,0.0,0,0.0,3
2026-04-15 08:45:45,"0265 - Dixon, IL",Unlead,Dixon,IL,0.0,0,0.0,1
2026-04-15 08:45:45,"0266 - New Berlin, IL",Diesel,New Berlin,IL,0.0,0,0.0,3
2026-04-15 08:45:45,"0266 - New Berlin, IL",Unlead,New Berlin,IL,25.64099999999962,0,0.0,1
2026-04-15 08:45:45,"0267 - Pharr, TX",Diesel,Pharr,TX,296.0,0,0.0,4
2026-04-15 08:45:45,"0267 - Pharr, TX",Unlead,Pharr,TX,15.0,0,0.0,1
2026-04-15 08:45:45,"0268 - Grayville, IL",Diesel,Grayville,IL,30.0,0,0.0,3
2026-04-15 08:45:45,"0268 - Grayville, IL",Unlead,Grayville,IL,0.0,1,253.0,1
2026-04-15 08:45:45,"0269 - Marshall, IL",Diesel,Marshall,IL,58.0,0,0.0,3
2026-04-15 08:45:45,"0269 - Marshall, IL",Unlead,Marshall,IL,7.0,0,0.0,1
2026-04-15 08:45:45,"0270 - Moore, TX",Diesel,Moore,TX,171.0,0,0.0,3
2026-04-15 08:45:45,"0270 - Moore, TX",Unlead,Moore,TX,88.0,0,0.0,1
2026-04-15 08:45:45,"0271 - Odessa, TX",Diesel,Odessa,TX,151.91699999999946,0,0.0,3
2026-04-15 08:45:45,"0271 - Odessa, TX",Unlead,Odessa,TX,56.23949999999968,0,0.0,1
2026-04-15 08:45:45,"0272 - Encinal, TX",Diesel,Encinal,TX,194.16100000000006,0,0.0,3
2026-04-15 08:45:45,"0272 - Encinal, TX",Unlead,Encinal,TX,74.71600000000035,0,0.0,1
2026-04-15 08:45:45,"0273 - Combes, TX",Diesel,Combes,TX,0.0,0,0.0,3
2026-04-15 08:45:45,"0273 - Combes, TX",Unlead,Combes,TX,46.263999999999214,0,0.0,1
2026-04-15 08:45:45,"0275 - Sonora, TX",Diesel,Sonora,TX,12.44800000000032,0,0.0,3
2026-04-15 08:45:45,"0275 - Sonora, TX",Unlead,Sonora,TX,9.055000000000291,0,0.0,1
2026-04-15 08:45:45,"0276 - Waco, TX",Diesel,Waco,TX,382.8558999999991,0,0.0,3
2026-04-15 08:45:45,"0276 - Waco, TX",Unlead,Waco,TX,44.84699999999975,0,0.0,1
2026-04-15 08:45:45,"0277 - New Boston, TX",Diesel,New Boston,TX,171.04099999999926,0,0.0,3
2026-04-15 08:45:45,"0277 - New Boston, TX",Unlead,New Boston,TX,34.70600000000013,0,0.0,1
2026-04-15 08:45:45,"0278 - Brinkley, AR",Diesel,Brinkley,AR,14.106000000001586,0,0.0,3
2026-04-15 08:45:45,"0278 - Brinkley, AR",Unlead,Brinkley,AR,17.888999999999214,0,0.0,1
2026-04-15 08:45:45,"0279 - Marion, IL",Diesel,Marion,IL,12.338999999999942,0,0.0,3
2026-04-15 08:45:45,"0279 - Marion, IL",Unlead,Marion,IL,61.574000000000524,0,0.0,1
2026-04-15 08:45:45,"0280 - Monahans, TX",Diesel,Monahans,TX,299.6984999999995,0,0.0,3
2026-04-15 08:45:45,"0280 - Monahans, TX",Unlead,Monahans,TX,64.59699999999975,0,0.0,1
2026-04-15 08:45:45,"0281 - Cisco, TX",Diesel,Cisco,TX,216.93199999999888,0,0.0,3
2026-04-15 08:45:45,"0281 - Cisco, TX",Unlead,Cisco,TX,0.0,0,0.0,1
2026-04-15 08:45:45,"0282 - Gainesville, TX",Diesel,Gainesville,TX,6.921999999998661,0,0.0,3
2026-04-15 08:45:45,"0282 - Gainesville, TX",Unlead,Gainesville,TX,0.0,0,0.0,1
2026-04-15 08:45:45,"0283 - Sealy, TX",Diesel,Sealy,TX,139.49700000000303,0,0.0,3
2026-04-15 08:45:45,"0283 - Sealy, TX",Unlead,Sealy,TX,0.0,0,0.0,1
2026-04-15 08:45:45,"0284 - New Deal, TX",Diesel,New Deal,TX,0.0,0,0.0,3
2026-04-15 08:45:45,"0284 - New Deal, TX",Unlead,New Deal,TX,166.125,0,0.0,1
2026-04-15 08:45:45,"0285 - Seguin, TX",Diesel,Seguin,TX,217.66399999999885,1,1203.5943999999995,3
2026-04-15 08:45:45,"0285 - Seguin, TX",Unlead,Seguin,TX,14.906599999999344,0,0.0,1
2026-04-15 08:45:45,"0286 - Amarillo, TX",Diesel,Amarillo,TX,88.89300000000003,0,0.0,3
2026-04-15 08:45:45,"0286 - Amarillo, TX",Unlead,Amarillo,TX,19.33599999999933,0,0.0,1
2026-04-15 08:45:45,"0287 - Burbonnais, IL",Diesel,Burbonnais,IL,0.0,0,0.0,3
2026-04-15 08:45:45,"0287 - Burbonnais, IL",Unlead,Burbonnais,IL,65.13299999999981,0,0.0,1
2026-04-15 08:45:45,"0289 - Teague, TX",Diesel,Teague,TX,141.09599999999773,0,0.0,3
2026-04-15 08:45:45,"0289 - Teague, TX",Unlead,Teague,TX,48.69599999999991,0,0.0,1
2026-04-15 08:45:45,"0290 - Joplin, MO",Diesel,Joplin,MO,108.69660000000113,0,0.0,3
2026-04-15 08:45:45,"0290 - Joplin, MO",Unlead,Joplin,MO,0.0,1,2109.3019999999997,1
2026-04-15 08:45:45,"0312 - Vidor, TX",Diesel,Vidor,TX,112.65399999999772,0,0.0,3
2026-04-15 08:45:45,"0312 - Vidor, TX",Unlead,Vidor,TX,26.354999999999563,0,0.0,1
2026-04-15 08:45:45,"0315 - Laredo, TX",Diesel,Laredo,TX,91.69100000000071,0,0.0,3
2026-04-15 08:45:45,"0315 - Laredo, TX",Unlead,Laredo,TX,5.350000000000364,0,0.0,1
2026-04-15 08:45:45,"0319 - Milford, TX",Diesel,Milford,TX,55.37249999999949,0,0.0,3
2026-04-15 08:45:45,"0319 - Milford, TX",Unlead,Milford,TX,28.01599999999962,0,0.0,1
2026-04-15 08:45:45,"0323 - Canton, TX",Diesel,Canton,TX,0.0,0,0.0,3
2026-04-15 08:45:45,"0323 - Canton, TX",Unlead,Canton,TX,10.11700000000019,0,0.0,1
2026-04-15 09:00:46,"0118 - Springfield, IL",Diesel,Springfield,IL,65.0,0,0.0,3
2026-04-15 09:00:46,"0118 - Springfield, IL",Unlead,Springfield,IL,11.0,0,0.0,1
2026-04-15 09:00:46,"0132 - Champaign, IL",Diesel,Champaign,IL,0.0,0,0.0,3
2026-04-15 09:00:46,"0132 - Champaign, IL",Unlead,Champaign,IL,20.270000000000437,0,0.0,1
2026-04-15 09:00:46,"0136 - Cottage Grove, WI",Diesel,Cottage Grove,WI,0.0,0,0.0,2
2026-04-15 09:00:46,"0136 - Cottage Grove, WI",Unlead,Cottage Grove,WI,0.0,0,0.0,1
2026-04-15 09:00:46,"0139 - Tuscola, IL",Diesel,Tuscola,IL,0.0,1,1078.0,1
2026-04-15 09:00:46,"0139 - Tuscola, IL",Unlead,Tuscola,IL,0.0,0,0.0,2
2026-04-15 09:00:46,"0140 - Mendota, IL",Diesel,Mendota,IL,8.0,0,0.0,2
2026-04-15 09:00:46,"0140 - Mendota, IL",Unlead,Mendota,IL,17.0,0,0.0,2
2026-04-15 09:00:46,"0141 - Brazil, IN",Diesel,Brazil,IN,28.238999999999578,0,0.0,4
2026-04-15 09:00:46,"0141 - Brazil, IN",Unlead,Brazil,IN,21.0,0,0.0,1
2026-04-15 09:00:46,"0144 - Elk Run Height, IA",Diesel,Elk Run Height,IA,182.0,0,0.0,4
2026-04-15 09:00:46,"0144 - Elk Run Height, IA",Unlead,Elk Run Height,IA,0.0,0,0.0,2
2026-04-15 09:00:46,"0145 - Fenton, MO",Diesel,Fenton,MO,23.0,0,0.0,2
2026-04-15 09:00:46,"0145 - Fenton, MO",Unlead,Fenton,MO,37.0,0,0.0,1
2026-04-15 09:00:46,"0157 - Okawville, IL",Diesel,Okawville,IL,0.0,0,0.0,3
2026-04-15 09:00:46,"0157 - Okawville, IL",Unlead,Okawville,IL,38.03099999999904,0,0.0,1
2026-04-15 09:00:46,"0181 - Springfield, IL",Diesel,Springfield,IL,131.91599999999926,0,0.0,3
2026-04-15 09:00:46,"0181 - Springfield, IL",Unlead,Springfield,IL,38.576999999999316,0,0.0,1
2026-04-15 09:00:46,"0185 - McLean, IL",Diesel,McLean,IL,82.316499999999,0,0.0,4
2026-04-15 09:00:46,"0185 - McLean, IL",Unlead,McLean,IL,32.6853000000001,0,0.0,1
2026-04-15 09:00:46,"0186 - Minonk, IL",Diesel,Minonk,IL,146.8299999999981,0,0.0,3
2026-04-15 09:00:46,"0186 - Minonk, IL",Unlead,Minonk,IL,0.0,0,0.0,1
2026-04-15 09:00:46,"0187 - Chicago, IL",Diesel,Chicago,IL,0.0,0,0.0,3
2026-04-15 09:00:46,"0187 - Chicago, IL",Unlead,Chicago,IL,16.382000000000517,0,0.0,1
2026-04-15 09:00:46,"0203 - Rockford, IL",Diesel,Rockford,IL,0.0,0,0.0,1
2026-04-15 09:00:46,"0203 - Rockford, IL",Unlead,Rockford,IL,80.04799999999886,0,0.0,1
2026-04-15 09:00:46,"0205 - South Beloit, IL",Diesel,South Beloit,IL,78.0,0,0.0,3
2026-04-15 09:00:46,"0205 - South Beloit, IL",Unlead,South Beloit,IL,8.0,0,0.0,1
2026-04-15 09:00:46,"0206 - Winnebago, IL",Diesel,Winnebago,IL,0.0,0,0.0,1
2026-04-15 09:00:46,"0206 - Winnebago, IL",Unlead,Winnebago,IL,58.0,0,0.0,1
2026-04-15 09:00:46,"0209 - Oakdale, WI",Diesel,Oakdale,WI,54.0,0,0.0,3
2026-04-15 09:00:46,"0209 - Oakdale, WI",Unlead,Oakdale,WI,16.0,0,0.0,1
2026-04-15 09:00:46,"0210 - Rochelle, IL",Diesel,Rochelle,IL,322.0,0,0.0,3
2026-04-15 09:00:46,"0210 - Rochelle, IL",Unlead,Rochelle,IL,19.0,0,0.0,1
2026-04-15 09:00:46,"0211 - Loves Park, IL",Diesel,Loves Park,IL,0.0,0,0.0,1
2026-04-15 09:00:46,"0211 - Loves Park, IL",Unlead,Loves Park,IL,16.0,0,0.0,1
2026-04-15 09:00:46,"0225 - Princeton, IL",Diesel,Princeton,IL,70.0,0,0.0,4
2026-04-15 09:00:46,"0225 - Princeton, IL",Unlead,Princeton,IL,5.0,0,0.0,2
2026-04-15 09:00:46,"0226 - Greenwood, IN",Diesel,Greenwood,IN,140.0,0,0.0,2
2026-04-15 09:00:46,"0226 - Greenwood, IN",Unlead,Greenwood,IN,8.0,0,0.0,2
2026-04-15 09:00:46,"0235 - Hampshire, IL",Diesel,Hampshire,IL,70.0,0,0.0,2
2026-04-15 09:00:46,"0235 - Hampshire, IL",Unlead,Hampshire,IL,2.0,0,0.0,2
2026-04-15 09:00:46,"0236 - East Troy, WI",Diesel,East Troy,WI,0.0,0,0.0,2
2026-04-15 09:00:46,"0236 - East Troy, WI",Unlead,East Troy,WI,5.0,0,0.0,1
2026-04-15 09:00:46,"0240 - Lake Station, IN",Diesel,Lake Station,IN,0.0,0,0.0,5
2026-04-15 09:00:46,"0240 - Lake Station, IN",Unlead,Lake Station,IN,37.0,0,0.0,2
2026-04-15 09:00:46,"0242 - St Robert, MO",Diesel,St Robert,MO,49.5570000000007,0,0.0,4
2026-04-15 09:00:46,"0263 - Ottawa, IL",Diesel,Ottawa,IL,67.0,0,0.0,3
2026-04-15 09:00:46,"0263 - Ottawa, IL",Unlead,Ottawa,IL,0.0,0,0.0,1
2026-04-15 09:00:46,"0265 - Dixon, IL",Diesel,Dixon,IL,75.97700000000077,0,0.0,3
2026-04-15 09:00:46,"0265 - Dixon, IL",Unlead,Dixon,IL,0.0,0,0.0,1
2026-04-15 09:00:46,"0266 - New Berlin, IL",Diesel,New Berlin,IL,112.0,0,0.0,3
2026-04-15 09:00:46,"0266 - New Berlin, IL",Unlead,New Berlin,IL,88.14400000000023,0,0.0,1
2026-04-15 09:00:46,"0267 - Pharr, TX",Diesel,Pharr,TX,250.0,0,0.0,4
2026-04-15 09:00:46,"0267 - Pharr, TX",Unlead,Pharr,TX,43.0,0,0.0,1
2026-04-15 09:00:46,"0268 - Grayville, IL",Diesel,Grayville,IL,242.0,0,0.0,3
2026-04-15 09:00:46,"0268 - Grayville, IL",Unlead,Grayville,IL,3.0,0,0.0,1
2026-04-15 09:00:46,"0269 - Marshall, IL",Diesel,Marshall,IL,149.0,0,0.0,3
2026-04-15 09:00:46,"0269 - Marshall, IL",Unlead,Marshall,IL,32.0,0,0.0,1
2026-04-15 09:00:46,"0270 - Moore, TX",Diesel,Moore,TX,37.0,0,0.0,3
2026-04-15 09:00:46,"0270 - Moore, TX",Unlead,Moore,TX,43.0,0,0.0,1
2026-04-15 09:00:46,"0271 - Odessa, TX",Diesel,Odessa,TX,201.82300000000032,0,0.0,3
2026-04-15 09:00:46,"0271 - Odessa, TX",Unlead,Odessa,TX,34.137000000000626,0,0.0,1
2026-04-15 09:00:46,"0272 - Encinal, TX",Diesel,Encinal,TX,32.21399999999812,0,0.0,3
2026-04-15 09:00:46,"0272 - Encinal, TX",Unlead,Encinal,TX,0.0,0,0.0,1
2026-04-15 09:00:46,"0273 - Combes, TX",Diesel,Combes,TX,0.0,0,0.0,3
2026-04-15 09:00:46,"0273 - Combes, TX",Unlead,Combes,TX,50.30500000000029,0,0.0,1
2026-04-15 09:00:46,"0275 - Sonora, TX",Diesel,Sonora,TX,62.434000000001106,0,0.0,3
2026-04-15 09:00:46,"0275 - Sonora, TX",Unlead,Sonora,TX,26.105999999999767,0,0.0,1
2026-04-15 09:00:46,"0276 - Waco, TX",Diesel,Waco,TX,405.5527000000002,0,0.0,3
2026-04-15 09:00:46,"0276 - Waco, TX",Unlead,Waco,TX,51.5619999999999,0,0.0,1
2026-04-15 09:00:46,"0277 - New Boston, TX",Diesel,New Boston,TX,180.33699999999953,0,0.0,3
2026-04-15 09:00:46,"0277 - New Boston, TX",Unlead,New Boston,TX,5.5239999999994325,0,0.0,1
2026-04-15 09:00:46,"0278 - Brinkley, AR",Diesel,Brinkley,AR,18.514999999999418,0,0.0,3
2026-04-15 09:00:46,"0278 - Brinkley, AR",Unlead,Brinkley,AR,38.5109999999986,0,0.0,1
2026-04-15 09:00:46,"0279 - Marion, IL",Diesel,Marion,IL,199.59799999999814,0,0.0,3
2026-04-15 09:00:46,"0279 - Marion, IL",Unlead,Marion,IL,61.6830000000009,0,0.0,1
2026-04-15 09:00:46,"0280 - Monahans, TX",Diesel,Monahans,TX,151.36489999999958,0,0.0,3
2026-04-15 09:00:46,"0280 - Monahans, TX",Unlead,Monahans,TX,71.36399999999958,0,0.0,1
2026-04-15 09:00:46,"0281 - Cisco, TX",Diesel,Cisco,TX,0.0,0,0.0,3
2026-04-15 09:00:46,"0281 - Cisco, TX",Unlead,Cisco,TX,15.351000000000568,0,0.0,1
2026-04-15 09:00:46,"0282 - Gainesville, TX",Diesel,Gainesville,TX,106.63799999999901,0,0.0,3
2026-04-15 09:00:46,"0282 - Gainesville, TX",Unlead,Gainesville,TX,0.0,0,0.0,1
2026-04-15 09:00:46,"0283 - Sealy, TX",Diesel,Sealy,TX,137.67199999999866,0,0.0,3
2026-04-15 09:00:46,"0283 - Sealy, TX",Unlead,Sealy,TX,7.556000000000495,0,0.0,1
2026-04-15 09:00:46,"0284 - New Deal, TX",Diesel,New Deal,TX,65.67200000000048,0,0.0,3
2026-04-15 09:00:46,"0284 - New Deal, TX",Unlead,New Deal,TX,57.61199999999917,0,0.0,1
2026-04-15 09:00:46,"0285 - Seguin, TX",Diesel,Seguin,TX,97.16300000000047,1,4719.942,3
2026-04-15 09:00:46,"0285 - Seguin, TX",Unlead,Seguin,TX,5.233000000000175,0,0.0,1
2026-04-15 09:00:46,"0286 - Amarillo, TX",Diesel,Amarillo,TX,100.60200000000077,0,0.0,3
2026-04-15 09:00:46,"0286 - Amarillo, TX",Unlead,Amarillo,TX,7.144500000000335,0,0.0,1
2026-04-15 09:00:46,"0287 - Burbonnais, IL",Diesel,Burbonnais,IL,88.15300000000025,0,0.0,3
2026-04-15 09:00:46,"0287 - Burbonnais, IL",Unlead,Burbonnais,IL,22.156999999999243,0,0.0,1
2026-04-15 09:00:46,"0289 - Teague, TX",Diesel,Teague,TX,123.98699999999917,0,0.0,3
2026-04-15 09:00:46,"0289 - Teague, TX",Unlead,Teague,TX,44.120999999999185,0,0.0,1
2026-04-15 09:00:46,"0290 - Joplin, MO",Diesel,Joplin,MO,248.0014000000001,0,0.0,3
2026-04-15 09:00:46,"0290 - Joplin, MO",Unlead,Joplin,MO,10.030000000000655,0,0.0,1
2026-04-15 09:00:46,"0312 - Vidor, TX",Diesel,Vidor,TX,0.0,0,0.0,3
2026-04-15 09:00:46,"0312 - Vidor, TX",Unlead,Vidor,TX,11.932000000000698,0,0.0,1
2026-04-15 09:00:46,"0315 - Laredo, TX",Diesel,Laredo,TX,0.0,0,0.0,3
2026-04-15 09:00:46,"0315 - Laredo, TX",Unlead,Laredo,TX,26.278999999998632,0,0.0,1
2026-04-15 09:00:46,"0319 - Milford, TX",Diesel,Milford,TX,42.50799999999981,0,0.0,3
2026-04-15 09:00:46,"0319 - Milford, TX",Unlead,Milford,TX,23.77299999999923,0,0.0,1
2026-04-15 09:00:46,"0323 - Canton, TX",Diesel,Canton,TX,0.0,0,0.0,3
2026-04-15 09:00:46,"0323 - Canton, TX",Unlead,Canton,TX,24.380999999999403,0,0.0,1
2026-04-15 09:15:52,"0118 - Springfield, IL",Diesel,Springfield,IL,0.0,0,0.0,3
2026-04-15 09:15:52,"0118 - Springfield, IL",Unlead,Springfield,IL,0.0,0,0.0,1
2026-04-15 09:15:52,"0132 - Champaign, IL",Diesel,Champaign,IL,27.666000000001077,0,0.0,3
2026-04-15 09:15:52,"0132 - Champaign, IL",Unlead,Champaign,IL,23.368000000000393,0,0.0,1
2026-04-15 09:15:52,"0136 - Cottage Grove, WI",Diesel,Cottage Grove,WI,0.0,0,0.0,2
2026-04-15 09:15:52,"0136 - Cottage Grove, WI",Unlead,Cottage Grove,WI,0.0,0,0.0,1
2026-04-15 09:15:52,"0139 - Tuscola, IL",Diesel,Tuscola,IL,0.0,1,4104.0,1
2026-04-15 09:15:52,"0139 - Tuscola, IL",Unlead,Tuscola,IL,40.0,0,0.0,2
2026-04-15 09:15:52,"0140 - Mendota, IL",Diesel,Mendota,IL,168.0,0,0.0,2
2026-04-15 09:15:52,"0140 - Mendota, IL",Unlead,Mendota,IL,8.0,0,0.0,2
2026-04-15 09:15:52,"0141 - Brazil, IN",Diesel,Brazil,IN,0.0,0,0.0,4
2026-04-15 09:15:52,"0141 - Brazil, IN",Unlead,Brazil,IN,0.0,0,0.0,1
2026-04-15 09:15:52,"0144 - Elk Run Height, IA",Diesel,Elk Run Height,IA,172.0,0,0.0,4
2026-04-15 09:15:52,"0144 - Elk Run Height, IA",Unlead,Elk Run Height,IA,38.51999999999953,0,0.0,2
2026-04-15 09:15:52,"0145 - Fenton, MO",Diesel,Fenton,MO,454.0,0,0.0,2
2026-04-15 09:15:52,"0145 - Fenton, MO",Unlead,Fenton,MO,0.0,0,0.0,1
2026-04-15 09:15:52,"0157 - Okawville, IL",Diesel,Okawville,IL,130.0,0,0.0,3
2026-04-15 09:15:52,"0157 - Okawville, IL",Unlead,Okawville,IL,20.80500000000029,0,0.0,1
2026-04-15 09:15:52,"0181 - Springfield, IL",Diesel,Springfield,IL,5.092000000000553,0,0.0,3
2026-04-15 09:15:52,"0181 - Springfield, IL",Unlead,Springfield,IL,72.44499999999971,0,0.0,1
2026-04-15 09:15:52,"0185 - McLean, IL",Diesel,McLean,IL,47.907500000001164,0,0.0,4
2026-04-15 09:15:52,"0185 - McLean, IL",Unlead,McLean,IL,13.231700000000274,0,0.0,1
2026-04-15 09:15:52,"0186 - Minonk, IL",Diesel,Minonk,IL,0.0,0,0.0,3
2026-04-15 09:15:52,"0186 - Minonk, IL",Unlead,Minonk,IL,3.8449000000000524,0,0.0,1
2026-04-15 09:15:52,"0187 - Chicago, IL",Diesel,Chicago,IL,0.0,0,0.0,3
2026-04-15 09:15:52,"0187 - Chicago, IL",Unlead,Chicago,IL,5.773400000000038,0,0.0,1
2026-04-15 09:15:52,"0203 - Rockford, IL",Diesel,Rockford,IL,69.42799999999988,0,0.0,1
2026-04-15 09:15:52,"0203 - Rockford, IL",Unlead,Rockford,IL,21.532000000001062,0,0.0,1
2026-04-15 09:15:52,"0205 - South Beloit, IL",Diesel,South Beloit,IL,0.0,0,0.0,3
2026-04-15 09:15:52,"0205 - South Beloit, IL",Unlead,South Beloit,IL,58.0,0,0.0,1
2026-04-15 09:15:52,"0206 - Winnebago, IL",Diesel,Winnebago,IL,0.0,0,0.0,1
2026-04-15 09:15:52,"0206 - Winnebago, IL",Unlead,Winnebago,IL,26.0,0,0.0,1
2026-04-15 09:15:52,"0209 - Oakdale, WI",Diesel,Oakdale,WI,0.0,0,0.0,3
2026-04-15 09:15:52,"0209 - Oakdale, WI",Unlead,Oakdale,WI,0.0,0,0.0,1
2026-04-15 09:15:52,"0210 - Rochelle, IL",Diesel,Rochelle,IL,95.0,0,0.0,3
2026-04-15 09:15:52,"0210 - Rochelle, IL",Unlead,Rochelle,IL,37.0,0,0.0,1
2026-04-15 09:15:52,"0211 - Loves Park, IL",Diesel,Loves Park,IL,0.0,0,0.0,1
2026-04-15 09:15:52,"0211 - Loves Park, IL",Unlead,Loves Park,IL,64.0,0,0.0,1
2026-04-15 09:15:52,"0225 - Princeton, IL",Diesel,Princeton,IL,86.0,0,0.0,4
2026-04-15 09:15:52,"0225 - Princeton, IL",Unlead,Princeton,IL,25.0,0,0.0,2
2026-04-15 09:15:52,"0226 - Greenwood, IN",Diesel,Greenwood,IN,56.0,0,0.0,2
2026-04-15 09:15:52,"0226 - Greenwood, IN",Unlead,Greenwood,IN,12.0,0,0.0,2
2026-04-15 09:15:52,"0235 - Hampshire, IL",Diesel,Hampshire,IL,28.0,0,0.0,2
2026-04-15 09:15:52,"0235 - Hampshire, IL",Unlead,Hampshire,IL,9.0,0,0.0,2
2026-04-15 09:15:52,"0236 - East Troy, WI",Diesel,East Troy,WI,168.0,0,0.0,2
2026-04-15 09:15:52,"0236 - East Troy, WI",Unlead,East Troy,WI,0.0,0,0.0,1
2026-04-15 09:15:52,"0240 - Lake Station, IN",Diesel,Lake Station,IN,251.0,0,0.0,5
2026-04-15 09:15:52,"0240 - Lake Station, IN",Unlead,Lake Station,IN,35.0,0,0.0,2
2026-04-15 09:15:52,"0242 - St Robert, MO",Diesel,St Robert,MO,178.15499999999884,0,0.0,4
2026-04-15 09:15:52,"0263 - Ottawa, IL",Diesel,Ottawa,IL,281.0,0,0.0,3
2026-04-15 09:15:52,"0263 - Ottawa, IL",Unlead,Ottawa,IL,25.0,0,0.0,1
2026-04-15 09:15:52,"0265 - Dixon, IL",Diesel,Dixon,IL,0.0,1,6544.883,3
2026-04-15 09:15:52,"0265 - Dixon, IL",Unlead,Dixon,IL,9.48239999999987,0,0.0,1
2026-04-15 09:15:52,"0266 - New Berlin, IL",Diesel,New Berlin,IL,0.0,0,0.0,3
2026-04-15 09:15:52,"0266 - New Berlin, IL",Unlead,New Berlin,IL,39.62700000000041,0,0.0,1
2026-04-15 09:15:52,"0267 - Pharr, TX",Diesel,Pharr,TX,312.0,0,0.0,4
2026-04-15 09:15:52,"0267 - Pharr, TX",Unlead,Pharr,TX,16.0,0,0.0,1
2026-04-15 09:15:52,"0268 - Grayville, IL",Diesel,Grayville,IL,372.0,0,0.0,3
2026-04-15 09:15:52,"0268 - Grayville, IL",Unlead,Grayville,IL,44.0,0,0.0,1
2026-04-15 09:15:52,"0269 - Marshall, IL",Diesel,Marshall,IL,0.0,0,0.0,3
2026-04-15 09:15:52,"0269 - Marshall, IL",Unlead,Marshall,IL,6.0,0,0.0,1
2026-04-15 09:15:52,"0270 - Moore, TX",Diesel,Moore,TX,148.0,0,0.0,3
2026-04-15 09:15:52,"0270 - Moore, TX",Unlead,Moore,TX,64.0,0,0.0,1
2026-04-15 09:15:52,"0271 - Odessa, TX",Diesel,Odessa,TX,16.13500000000022,0,0.0,3
2026-04-15 09:15:52,"0271 - Odessa, TX",Unlead,Odessa,TX,52.92699999999968,0,0.0,1
2026-04-15 09:15:52,"0272 - Encinal, TX",Diesel,Encinal,TX,237.54600000000028,0,0.0,3
2026-04-15 09:15:52,"0272 - Encinal, TX",Unlead,Encinal,TX,16.764000000001033,0,0.0,1
2026-04-15 09:15:52,"0273 - Combes, TX",Diesel,Combes,TX,36.763999999999214,0,0.0,3
2026-04-15 09:15:52,"0273 - Combes, TX",Unlead,Combes,TX,64.48899999999958,0,0.0,1
2026-04-15 09:15:52,"0275 - Sonora, TX",Diesel,Sonora,TX,100.41699999999946,0,0.0,3
2026-04-15 09:15:52,"0275 - Sonora, TX",Unlead,Sonora,TX,42.34100000000035,0,0.0,1
2026-04-15 09:15:52,"0276 - Waco, TX",Diesel,Waco,TX,382.06629999999996,0,0.0,3
2026-04-15 09:15:52,"0276 - Waco, TX",Unlead,Waco,TX,83.23949999999968,0,0.0,1
2026-04-15 09:15:52,"0277 - New Boston, TX",Diesel,New Boston,TX,158.00700000000143,0,0.0,3
2026-04-15 09:15:52,"0277 - New Boston, TX",Unlead,New Boston,TX,6.574000000000524,0,0.0,1
2026-04-15 09:15:52,"0278 - Brinkley, AR",Diesel,Brinkley,AR,22.38799999999901,0,0.0,3
2026-04-15 09:15:52,"0278 - Brinkley, AR",Unlead,Brinkley,AR,45.10599999999977,0,0.0,1
2026-04-15 09:15:52,"0279 - Marion, IL",Diesel,Marion,IL,0.0,0,0.0,3
2026-04-15 09:15:52,"0279 - Marion, IL",Unlead,Marion,IL,34.42499999999927,0,0.0,1
2026-04-15 09:15:52,"0280 - Monahans, TX",Diesel,Monahans,TX,275.9427000000005,0,0.0,3
2026-04-15 09:15:52,"0280 - Monahans, TX",Unlead,Monahans,TX,33.73500000000058,0,0.0,1
2026-04-15 09:15:52,"0281 - Cisco, TX",Diesel,Cisco,TX,166.33399999999892,0,0.0,3
2026-04-15 09:15:52,"0281 - Cisco, TX",Unlead,Cisco,TX,46.02000000000044,0,0.0,1
2026-04-15 09:15:52,"0282 - Gainesville, TX",Diesel,Gainesville,TX,0.0,0,0.0,3
2026-04-15 09:15:52,"0282 - Gainesville, TX",Unlead,Gainesville,TX,0.0,0,0.0,1
2026-04-15 09:15:52,"0283 - Sealy, TX",Diesel,Sealy,TX,129.73400000000038,0,0.0,3
2026-04-15 09:15:52,"0283 - Sealy, TX",Unlead,Sealy,TX,0.0,0,0.0,1
2026-04-15 09:15:52,"0284 - New Deal, TX",Diesel,New Deal,TX,37.945999999998094,0,0.0,3
2026-04-15 09:15:52,"0284 - New Deal, TX",Unlead,New Deal,TX,41.36199999999917,0,0.0,1
2026-04-15 09:15:52,"0285 - Seguin, TX",Diesel,Seguin,TX,332.09000000000015,1,1079.9279999999999,3
2026-04-15 09:15:52,"0285 - Seguin, TX",Unlead,Seguin,TX,0.0,0,0.0,1
2026-04-15 09:15:52,"0286 - Amarillo, TX",Diesel,Amarillo,TX,390.03600000000006,0,0.0,3
2026-04-15 09:15:52,"0286 - Amarillo, TX",Unlead,Amarillo,TX,0.0,0,0.0,1
2026-04-15 09:15:52,"0287 - Burbonnais, IL",Diesel,Burbonnais,IL,25.550999999999476,0,0.0,3
2026-04-15 09:15:52,"0287 - Burbonnais, IL",Unlead,Burbonnais,IL,20.645000000000437,0,0.0,1
2026-04-15 09:15:52,"0289 - Teague, TX",Diesel,Teague,TX,0.0,0,0.0,3
2026-04-15 09:15:52,"0289 - Teague, TX",Unlead,Teague,TX,72.98099999999977,0,0.0,1
2026-04-15 09:15:52,"0290 - Joplin, MO",Diesel,Joplin,MO,72.60579999999936,0,0.0,3
2026-04-15 09:15:52,"0290 - Joplin, MO",Unlead,Joplin,MO,53.15300000000025,0,0.0,1
2026-04-15 09:15:52,"0312 - Vidor, TX",Diesel,Vidor,TX,412.1260999999995,0,0.0,3
2026-04-15 09:15:52,"0312 - Vidor, TX",Unlead,Vidor,TX,69.8130000000001,0,0.0,1
2026-04-15 09:15:52,"0315 - Laredo, TX",Diesel,Laredo,TX,161.61499999999978,0,0.0,3
2026-04-15 09:15:52,"0315 - Laredo, TX",Unlead,Laredo,TX,0.0,0,0.0,1
2026-04-15 09:15:52,"0319 - Milford, TX",Diesel,Milford,TX,17.252999999998792,0,0.0,3
2026-04-15 09:15:52,"0319 - Milford, TX",Unlead,Milford,TX,9.932000000000698,0,0.0,1
2026-04-15 09:15:52,"0323 - Canton, TX",Diesel,Canton,TX,0.0,0,0.0,3
2026-04-15 09:15:52,"0323 - Canton, TX",Unlead,Canton,TX,43.306000000000495,0,0.0,1
2026-04-15 09:30:54,"0118 - Springfield, IL",Diesel,Springfield,IL,32.0,0,0.0,3
2026-04-15 09:30:54,"0118 - Springfield, IL",Unlead,Springfield,IL,106.0,0,0.0,1
2026-04-15 09:30:54,"0132 - Champaign, IL",Diesel,Champaign,IL,126.72599999999966,0,0.0,3
2026-04-15 09:30:54,"0132 - Champaign, IL",Unlead,Champaign,IL,55.76299999999901,0,0.0,1
2026-04-15 09:30:54,"0136 - Cottage Grove, WI",Diesel,Cottage Grove,WI,0.0,0,0.0,2
2026-04-15 09:30:54,"0136 - Cottage Grove, WI",Unlead,Cottage Grove,WI,0.0,0,0.0,1
2026-04-15 09:30:54,"0139 - Tuscola, IL",Diesel,Tuscola,IL,0.0,1,1766.0,1
2026-04-15 09:30:54,"0139 - Tuscola, IL",Unlead,Tuscola,IL,29.0,0,0.0,2
2026-04-15 09:30:54,"0140 - Mendota, IL",Diesel,Mendota,IL,0.0,0,0.0,2
2026-04-15 09:30:54,"0140 - Mendota, IL",Unlead,Mendota,IL,12.0,0,0.0,2
2026-04-15 09:30:54,"0141 - Brazil, IN",Diesel,Brazil,IN,0.0,0,0.0,4
2026-04-15 09:30:54,"0141 - Brazil, IN",Unlead,Brazil,IN,13.0,0,0.0,1
2026-04-15 09:30:54,"0144 - Elk Run Height, IA",Diesel,Elk Run Height,IA,202.0,0,0.0,4
2026-04-15 09:30:54,"0144 - Elk Run Height, IA",Unlead,Elk Run Height,IA,17.666799999999967,0,0.0,2
2026-04-15 09:30:54,"0145 - Fenton, MO",Diesel,Fenton,MO,197.0,0,0.0,2
2026-04-15 09:30:54,"0145 - Fenton, MO",Unlead,Fenton,MO,44.0,0,0.0,1
2026-04-15 09:30:54,"0157 - Okawville, IL",Diesel,Okawville,IL,0.0,0,0.0,3
2026-04-15 09:30:54,"0157 - Okawville, IL",Unlead,Okawville,IL,7.0900000000001455,0,0.0,1
2026-04-15 09:30:54,"0181 - Springfield, IL",Diesel,Springfield,IL,50.443999999999505,0,0.0,3
2026-04-15 09:30:54,"0181 - Springfield, IL",Unlead,Springfield,IL,38.21099999999933,0,0.0,1
2026-04-15 09:30:54,"0185 - McLean, IL",Diesel,McLean,IL,71.91200000000026,0,0.0,4
2026-04-15 09:30:54,"0185 - McLean, IL",Unlead,McLean,IL,96.88959999999952,0,0.0,1
2026-04-15 09:30:54,"0186 - Minonk, IL",Diesel,Minonk,IL,0.0,0,0.0,3
2026-04-15 09:30:54,"0186 - Minonk, IL",Unlead,Minonk,IL,8.453199999999924,0,0.0,1
2026-04-15 09:30:54,"0187 - Chicago, IL",Diesel,Chicago,IL,37.0,0,0.0,3
2026-04-15 09:30:54,"0187 - Chicago, IL",Unlead,Chicago,IL,0.0,0,0.0,1
2026-04-15 09:30:54,"0203 - Rockford, IL",Diesel,Rockford,IL,0.0,0,0.0,1
2026-04-15 09:30:54,"0203 - Rockford, IL",Unlead,Rockford,IL,36.42699999999968,0,0.0,1
2026-04-15 09:30:54,"0205 - South Beloit, IL",Diesel,South Beloit,IL,0.0,0,0.0,3
2026-04-15 09:30:54,"0205 - South Beloit, IL",Unlead,South Beloit,IL,37.0,0,0.0,1
2026-04-15 09:30:54,"0206 - Winnebago, IL",Diesel,Winnebago,IL,0.0,0,0.0,1
2026-04-15 09:30:54,"0206 - Winnebago, IL",Unlead,Winnebago,IL,25.0,0,0.0,1
2026-04-15 09:30:54,"0209 - Oakdale, WI",Diesel,Oakdale,WI,28.0,0,0.0,3
2026-04-15 09:30:54,"0209 - Oakdale, WI",Unlead,Oakdale,WI,9.0,0,0.0,1
2026-04-15 09:30:54,"0210 - Rochelle, IL",Diesel,Rochelle,IL,5.0,0,0.0,3
2026-04-15 09:30:54,"0210 - Rochelle, IL",Unlead,Rochelle,IL,49.0,0,0.0,1
2026-04-15 09:30:54,"0211 - Loves Park, IL",Diesel,Loves Park,IL,78.0,0,0.0,1
2026-04-15 09:30:54,"0211 - Loves Park, IL",Unlead,Loves Park,IL,49.0,0,0.0,1
2026-04-15 09:30:54,"0225 - Princeton, IL",Diesel,Princeton,IL,13.0,0,0.0,4
2026-04-15 09:30:54,"0225 - Princeton, IL",Unlead,Princeton,IL,5.0,0,0.0,2
2026-04-15 09:30:54,"0226 - Greenwood, IN",Diesel,Greenwood,IN,119.0,0,0.0,2
2026-04-15 09:30:54,"0226 - Greenwood, IN",Unlead,Greenwood,IN,13.0,0,0.0,2
2026-04-15 09:30:54,"0235 - Hampshire, IL",Diesel,Hampshire,IL,23.0,0,0.0,2
2026-04-15 09:30:54,"0235 - Hampshire, IL",Unlead,Hampshire,IL,29.0,0,0.0,2
2026-04-15 09:30:54,"0236 - East Troy, WI",Diesel,East Troy,WI,0.0,0,0.0,2
2026-04-15 09:30:54,"0236 - East Troy, WI",Unlead,East Troy,WI,6.0,0,0.0,1
2026-04-15 09:30:54,"0240 - Lake Station, IN",Diesel,Lake Station,IN,5.0,0,0.0,5
2026-04-15 09:30:54,"0240 - Lake Station, IN",Unlead,Lake Station,IN,4.0,0,0.0,2
2026-04-15 09:30:54,"0242 - St Robert, MO",Diesel,St Robert,MO,118.52500000000055,0,0.0,4
2026-04-15 09:30:54,"0263 - Ottawa, IL",Diesel,Ottawa,IL,6.0,0,0.0,3
2026-04-15 09:30:54,"0263 - Ottawa, IL",Unlead,Ottawa,IL,54.0,0,0.0,1
2026-04-15 09:30:54,"0265 - Dixon, IL",Diesel,Dixon,IL,0.0,1,1316.409999999998,3
2026-04-15 09:30:54,"0265 - Dixon, IL",Unlead,Dixon,IL,24.73810000000003,0,0.0,1
2026-04-15 09:30:54,"0266 - New Berlin, IL",Diesel,New Berlin,IL,63.0,0,0.0,3
2026-04-15 09:30:54,"0266 - New Berlin, IL",Unlead,New Berlin,IL,52.63600000000042,0,0.0,1
2026-04-15 09:30:54,"0267 - Pharr, TX",Diesel,Pharr,TX,348.0,0,0.0,4
2026-04-15 09:30:54,"0267 - Pharr, TX",Unlead,Pharr,TX,19.0,0,0.0,1
2026-04-15 09:30:54,"0268 - Grayville, IL",Diesel,Grayville,IL,0.0,0,0.0,3
2026-04-15 09:30:54,"0268 - Grayville, IL",Unlead,Grayville,IL,5.0,0,0.0,1
2026-04-15 09:30:54,"0269 - Marshall, IL",Diesel,Marshall,IL,330.0,0,0.0,3
2026-04-15 09:30:54,"0269 - Marshall, IL",Unlead,Marshall,IL,21.0,0,0.0,1
2026-04-15 09:30:54,"0270 - Moore, TX",Diesel,Moore,TX,19.0,0,0.0,3
2026-04-15 09:30:54,"0270 - Moore, TX",Unlead,Moore,TX,40.0,0,0.0,1
2026-04-15 09:30:54,"0271 - Odessa, TX",Diesel,Odessa,TX,264.96399999999994,0,0.0,3
2026-04-15 09:30:54,"0271 - Odessa, TX",Unlead,Odessa,TX,59.85499999999956,0,0.0,1
2026-04-15 09:30:54,"0272 - Encinal, TX",Diesel,Encinal,TX,7.569999999999709,0,0.0,3
2026-04-15 09:30:54,"0272 - Encinal, TX",Unlead,Encinal,TX,77.18000000000029,0,0.0,1
2026-04-15 09:30:54,"0273 - Combes, TX",Diesel,Combes,TX,139.8809999999994,0,0.0,3
2026-04-15 09:30:54,"0273 - Combes, TX",Unlead,Combes,TX,97.71600000000035,0,0.0,1
2026-04-15 09:30:54,"0275 - Sonora, TX",Diesel,Sonora,TX,0.0,0,0.0,3
2026-04-15 09:30:54,"0275 - Sonora, TX",Unlead,Sonora,TX,94.57799999999952,0,0.0,1
2026-04-15 09:30:54,"0276 - Waco, TX",Diesel,Waco,TX,7.0570000000006985,0,0.0,3
2026-04-15 09:30:54,"0276 - Waco, TX",Unlead,Waco,TX,131.8834999999999,0,0.0,1
2026-04-15 09:30:54,"0277 - New Boston, TX",Diesel,New Boston,TX,155.17799999999988,0,0.0,3
2026-04-15 09:30:54,"0277 - New Boston, TX",Unlead,New Boston,TX,8.351999999998952,0,0.0,1
2026-04-15 09:30:54,"0278 - Brinkley, AR",Diesel,Brinkley,AR,17.106000000001586,0,0.0,3
2026-04-15 09:30:54,"0278 - Brinkley, AR",Unlead,Brinkley,AR,39.638999999999214,0,0.0,1
2026-04-15 09:30:54,"0279 - Marion, IL",Diesel,Marion,IL,277.75,0,0.0,3
2026-04-15 09:30:54,"0279 - Marion, IL",Unlead,Marion,IL,27.511000000000422,0,0.0,1
2026-04-15 09:30:54,"0280 - Monahans, TX",Diesel,Monahans,TX,238.92399999999907,0,0.0,3
2026-04-15 09:30:54,"0280 - Monahans, TX",Unlead,Monahans,TX,40.149999999999636,0,0.0,1
2026-04-15 09:30:54,"0281 - Cisco, TX",Diesel,Cisco,TX,27.061999999999898,2,4315.142,3
2026-04-15 09:30:54,"0281 - Cisco, TX",Unlead,Cisco,TX,31.558999999999287,0,0.0,1
2026-04-15 09:30:54,"0282 - Gainesville, TX",Diesel,Gainesville,TX,60.29399999999805,0,0.0,3
2026-04-15 09:30:54,"0282 - Gainesville, TX",Unlead,Gainesville,TX,23.44000000000051,0,0.0,1
2026-04-15 09:30:54,"0283 - Sealy, TX",Diesel,Sealy,TX,127.11299999999937,0,0.0,3
2026-04-15 09:30:54,"0283 - Sealy, TX",Unlead,Sealy,TX,10.30450000000019,0,0.0,1
2026-04-15 09:30:54,"0284 - New Deal, TX",Diesel,New Deal,TX,54.86000000000058,0,0.0,3
2026-04-15 09:30:54,"0284 - New Deal, TX",Unlead,New Deal,TX,13.401000000001659,0,0.0,1
2026-04-15 09:30:54,"0285 - Seguin, TX",Diesel,Seguin,TX,365.21799999999894,0,0.0,3
2026-04-15 09:30:54,"0285 - Seguin, TX",Unlead,Seguin,TX,24.489700000000084,0,0.0,1
2026-04-15 09:30:54,"0286 - Amarillo, TX",Diesel,Amarillo,TX,248.4419999999991,0,0.0,3
2026-04-15 09:30:54,"0286 - Amarillo, TX",Unlead,Amarillo,TX,0.0,0,0.0,1
2026-04-15 09:30:54,"0287 - Burbonnais, IL",Diesel,Burbonnais,IL,107.02700000000004,0,0.0,3
2026-04-15 09:30:54,"0287 - Burbonnais, IL",Unlead,Burbonnais,IL,45.056000000000495,0,0.0,1
2026-04-15 09:30:54,"0289 - Teague, TX",Diesel,Teague,TX,15.56199999999808,0,0.0,3
2026-04-15 09:30:54,"0289 - Teague, TX",Unlead,Teague,TX,105.08600000000115,0,0.0,1
2026-04-15 09:30:54,"0290 - Joplin, MO",Diesel,Joplin,MO,0.0,0,0.0,3
2026-04-15 09:30:54,"0290 - Joplin, MO",Unlead,Joplin,MO,54.26999999999862,0,0.0,1
2026-04-15 09:30:54,"0312 - Vidor, TX",Diesel,Vidor,TX,312.7567999999983,0,0.0,3
2026-04-15 09:30:54,"0312 - Vidor, TX",Unlead,Vidor,TX,5.331000000000131,0,0.0,1
2026-04-15 09:30:54,"0315 - Laredo, TX",Diesel,Laredo,TX,102.28799999999865,0,0.0,3
2026-04-15 09:30:54,"0315 - Laredo, TX",Unlead,Laredo,TX,13.555000000000291,0,0.0,1
2026-04-15 09:30:54,"0319 - Milford, TX",Diesel,Milford,TX,250.3570000000018,0,0.0,3
2026-04-15 09:30:54,"0319 - Milford, TX",Unlead,Milford,TX,35.61399999999958,0,0.0,1
2026-04-15 09:30:54,"0323 - Canton, TX",Diesel,Canton,TX,0.0,0,0.0,3
2026-04-15 09:30:54,"0323 - Canton, TX",Unlead,Canton,TX,126.33699999999953,0,0.0,1
2026-04-15 09:45:58,"0118 - Springfield, IL",Diesel,Springfield,IL,0.0,0,0.0,3
2026-04-15 09:45:58,"0118 - Springfield, IL",Unlead,Springfield,IL,0.0,0,0.0,1
2026-04-15 09:45:58,"0132 - Champaign, IL",Diesel,Champaign,IL,0.0,0,0.0,3
2026-04-15 09:45:58,"0132 - Champaign, IL",Unlead,Champaign,IL,50.23999999999978,0,0.0,1
2026-04-15 09:45:58,"0136 - Cottage Grove, WI",Diesel,Cottage Grove,WI,0.0,0,0.0,2
2026-04-15 09:45:58,"0136 - Cottage Grove, WI",Unlead,Cottage Grove,WI,0.0,0,0.0,1
2026-04-15 09:45:58,"0139 - Tuscola, IL",Diesel,Tuscola,IL,141.0,0,0.0,1
2026-04-15 09:45:58,"0139 - Tuscola, IL",Unlead,Tuscola,IL,18.0,0,0.0,2
2026-04-15 09:45:58,"0140 - Mendota, IL",Diesel,Mendota,IL,175.0,0,0.0,2
2026-04-15 09:45:58,"0140 - Mendota, IL",Unlead,Mendota,IL,0.0,0,0.0,2
2026-04-15 09:45:58,"0141 - Brazil, IN",Diesel,Brazil,IN,71.7506999999996,0,0.0,4
2026-04-15 09:45:58,"0141 - Brazil, IN",Unlead,Brazil,IN,10.0,0,0.0,1
2026-04-15 09:45:58,"0144 - Elk Run Height, IA",Diesel,Elk Run Height,IA,30.0,0,0.0,4
2026-04-15 09:45:58,"0144 - Elk Run Height, IA",Unlead,Elk Run Height,IA,5.093200000000252,0,0.0,2
2026-04-15 09:45:58,"0145 - Fenton, MO",Diesel,Fenton,MO,49.0,0,0.0,2
2026-04-15 09:45:58,"0145 - Fenton, MO",Unlead,Fenton,MO,31.0,0,0.0,1
2026-04-15 09:45:58,"0157 - Okawville, IL",Diesel,Okawville,IL,0.0,0,0.0,3
2026-04-15 09:45:58,"0157 - Okawville, IL",Unlead,Okawville,IL,23.1929999999993,0,0.0,1
2026-04-15 09:45:58,"0181 - Springfield, IL",Diesel,Springfield,IL,0.0,0,0.0,3
2026-04-15 09:45:58,"0181 - Springfield, IL",Unlead,Springfield,IL,16.6820000000007,0,0.0,1
2026-04-15 09:45:58,"0185 - McLean, IL",Diesel,McLean,IL,51.59799999999814,0,0.0,4
2026-04-15 09:45:58,"0185 - McLean, IL",Unlead,McLean,IL,24.013200000000325,0,0.0,1
2026-04-15 09:45:58,"0186 - Minonk, IL",Diesel,Minonk,IL,0.0,0,0.0,3
2026-04-15 09:45:58,"0186 - Minonk, IL",Unlead,Minonk,IL,29.899900000000343,0,0.0,1
2026-04-15 09:45:58,"0187 - Chicago, IL",Diesel,Chicago,IL,64.0,0,0.0,3
2026-04-15 09:45:58,"0187 - Chicago, IL",Unlead,Chicago,IL,23.503999999999905,0,0.0,1
2026-04-15 09:45:58,"0203 - Rockford, IL",Diesel,Rockford,IL,0.0,0,0.0,1
2026-04-15 09:45:58,"0203 - Rockford, IL",Unlead,Rockford,IL,59.238499999999476,0,0.0,1
2026-04-15 09:45:58,"0205 - South Beloit, IL",Diesel,South Beloit,IL,0.0,0,0.0,3
2026-04-15 09:45:58,"0205 - South Beloit, IL",Unlead,South Beloit,IL,21.0,0,0.0,1
2026-04-15 09:45:58,"0206 - Winnebago, IL",Diesel,Winnebago,IL,0.0,0,0.0,1
2026-04-15 09:45:58,"0206 - Winnebago, IL",Unlead,Winnebago,IL,35.0,0,0.0,1
2026-04-15 09:45:58,"0209 - Oakdale, WI",Diesel,Oakdale,WI,12.0,0,0.0,3
2026-04-15 09:45:58,"0209 - Oakdale, WI",Unlead,Oakdale,WI,3.0,0,0.0,1
2026-04-15 09:45:58,"0210 - Rochelle, IL",Diesel,Rochelle,IL,115.0,0,0.0,3
2026-04-15 09:45:58,"0210 - Rochelle, IL",Unlead,Rochelle,IL,24.0,0,0.0,1
2026-04-15 09:45:58,"0211 - Loves Park, IL",Diesel,Loves Park,IL,0.0,0,0.0,1
2026-04-15 09:45:58,"0211 - Loves Park, IL",Unlead,Loves Park,IL,56.0,0,0.0,1
2026-04-15 09:45:58,"0225 - Princeton, IL",Diesel,Princeton,IL,0.0,0,0.0,4
2026-04-15 09:45:58,"0225 - Princeton, IL",Unlead,Princeton,IL,0.0,0,0.0,2
2026-04-15 09:45:58,"0226 - Greenwood, IN",Diesel,Greenwood,IN,98.0,0,0.0,2
2026-04-15 09:45:58,"0226 - Greenwood, IN",Unlead,Greenwood,IN,0.0,0,0.0,2
2026-04-15 09:45:58,"0235 - Hampshire, IL",Diesel,Hampshire,IL,57.0,0,0.0,2
2026-04-15 09:45:58,"0235 - Hampshire, IL",Unlead,Hampshire,IL,59.0,0,0.0,2
2026-04-15 09:45:58,"0236 - East Troy, WI",Diesel,East Troy,WI,117.0,0,0.0,2
2026-04-15 09:45:58,"0236 - East Troy, WI",Unlead,East Troy,WI,0.0,0,0.0,1
2026-04-15 09:45:58,"0240 - Lake Station, IN",Diesel,Lake Station,IN,282.0,0,0.0,5
2026-04-15 09:45:58,"0240 - Lake Station, IN",Unlead,Lake Station,IN,18.0,0,0.0,2
2026-04-15 09:45:58,"0242 - St Robert, MO",Diesel,St Robert,MO,117.21100000000024,0,0.0,4
2026-04-15 09:45:58,"0263 - Ottawa, IL",Diesel,Ottawa,IL,96.0,0,0.0,3
2026-04-15 09:45:58,"0263 - Ottawa, IL",Unlead,Ottawa,IL,13.0,0,0.0,1
2026-04-15 09:45:58,"0265 - Dixon, IL",Diesel,Dixon,IL,39.82300000000032,0,0.0,3
2026-04-15 09:45:58,"0265 - Dixon, IL",Unlead,Dixon,IL,0.0,0,0.0,1
2026-04-15 09:45:58,"0266 - New Berlin, IL",Diesel,New Berlin,IL,0.0,0,0.0,3
2026-04-15 09:45:58,"0266 - New Berlin, IL",Unlead,New Berlin,IL,8.444999999999709,0,0.0,1
2026-04-15 09:45:58,"0267 - Pharr, TX",Diesel,Pharr,TX,674.0,0,0.0,4
2026-04-15 09:45:58,"0267 - Pharr, TX",Unlead,Pharr,TX,29.0,0,0.0,1
2026-04-15 09:45:58,"0268 - Grayville, IL",Diesel,Grayville,IL,0.0,0,0.0,3
2026-04-15 09:45:58,"0268 - Grayville, IL",Unlead,Grayville,IL,21.0,0,0.0,1
2026-04-15 09:45:58,"0269 - Marshall, IL",Diesel,Marshall,IL,34.0,0,0.0,3
2026-04-15 09:45:58,"0269 - Marshall, IL",Unlead,Marshall,IL,0.0,0,0.0,1
2026-04-15 09:45:58,"0270 - Moore, TX",Diesel,Moore,TX,134.0,0,0.0,3
2026-04-15 09:45:58,"0270 - Moore, TX",Unlead,Moore,TX,113.0,0,0.0,1
2026-04-15 09:45:58,"0271 - Odessa, TX",Diesel,Odessa,TX,309.1249999999982,0,0.0,3
2026-04-15 09:45:58,"0271 - Odessa, TX",Unlead,Odessa,TX,52.14300000000003,0,0.0,1
2026-04-15 09:45:58,"0272 - Encinal, TX",Diesel,Encinal,TX,191.46600000000217,0,0.0,3
2026-04-15 09:45:58,"0272 - Encinal, TX",Unlead,Encinal,TX,20.215000000000146,0,0.0,1
2026-04-15 09:45:58,"0273 - Combes, TX",Diesel,Combes,TX,14.523999999999432,0,0.0,3
2026-04-15 09:45:58,"0273 - Combes, TX",Unlead,Combes,TX,67.80799999999908,0,0.0,1
2026-04-15 09:45:58,"0275 - Sonora, TX",Diesel,Sonora,TX,0.0,0,0.0,3
2026-04-15 09:45:58,"0275 - Sonora, TX",Unlead,Sonora,TX,55.847999999999956,0,0.0,1
2026-04-15 09:45:58,"0276 - Waco, TX",Diesel,Waco,TX,362.67060000000083,0,0.0,3
2026-04-15 09:45:58,"0276 - Waco, TX",Unlead,Waco,TX,10.430000000000291,0,0.0,1
2026-04-15 09:45:58,"0277 - New Boston, TX",Diesel,New Boston,TX,68.90300000000025,0,0.0,3
2026-04-15 09:45:58,"0277 - New Boston, TX",Unlead,New Boston,TX,0.0,0,0.0,1
2026-04-15 09:45:58,"0278 - Brinkley, AR",Diesel,Brinkley,AR,366.0189999999984,0,0.0,3
2026-04-15 09:45:58,"0278 - Brinkley, AR",Unlead,Brinkley,AR,2.871000000002823,0,0.0,1
2026-04-15 09:45:58,"0279 - Marion, IL",Diesel,Marion,IL,20.936999999999898,0,0.0,3
2026-04-15 09:45:58,"0279 - Marion, IL",Unlead,Marion,IL,74.0739999999987,0,0.0,1
2026-04-15 09:45:58,"0280 - Monahans, TX",Diesel,Monahans,TX,29.574500000000626,0,0.0,3
2026-04-15 09:45:58,"0280 - Monahans, TX",Unlead,Monahans,TX,33.01800000000003,0,0.0,1
2026-04-15 09:45:58,"0281 - Cisco, TX",Diesel,Cisco,TX,16.03400000000147,2,2861.254999999999,3
2026-04-15 09:45:58,"0281 - Cisco, TX",Unlead,Cisco,TX,37.85100000000057,0,0.0,1
2026-04-15 09:45:58,"0282 - Gainesville, TX",Diesel,Gainesville,TX,9.522000000000844,0,0.0,3
2026-04-15 09:45:58,"0282 - Gainesville, TX",Unlead,Gainesville,TX,53.332000000000335,0,0.0,1
2026-04-15 09:45:58,"0283 - Sealy, TX",Diesel,Sealy,TX,122.96500000000015,0,0.0,3
2026-04-15 09:45:58,"0283 - Sealy, TX",Unlead,Sealy,TX,5.217999999998938,0,0.0,1
2026-04-15 09:45:58,"0284 - New Deal, TX",Diesel,New Deal,TX,56.26500000000124,0,0.0,3
2026-04-15 09:45:58,"0284 - New Deal, TX",Unlead,New Deal,TX,31.914999999999054,0,0.0,1
2026-04-15 09:45:58,"0285 - Seguin, TX",Diesel,Seguin,TX,175.67300000000068,0,0.0,3
2026-04-15 09:45:58,"0285 - Seguin, TX",Unlead,Seguin,TX,8.521999999999935,0,0.0,1
2026-04-15 09:45:58,"0286 - Amarillo, TX",Diesel,Amarillo,TX,49.27100000000064,0,0.0,3
2026-04-15 09:45:58,"0286 - Amarillo, TX",Unlead,Amarillo,TX,12.156000000000859,0,0.0,1
2026-04-15 09:45:58,"0287 - Burbonnais, IL",Diesel,Burbonnais,IL,77.89500000000226,0,0.0,3
2026-04-15 09:45:58,"0287 - Burbonnais, IL",Unlead,Burbonnais,IL,74.29199999999946,0,0.0,1
2026-04-15 09:45:58,"0289 - Teague, TX",Diesel,Teague,TX,179.33100000000195,0,0.0,3
2026-04-15 09:45:58,"0289 - Teague, TX",Unlead,Teague,TX,44.41699999999946,0,0.0,1
2026-04-15 09:45:58,"0290 - Joplin, MO",Diesel,Joplin,MO,0.0,0,0.0,3
2026-04-15 09:45:58,"0290 - Joplin, MO",Unlead,Joplin,MO,21.73999999999978,0,0.0,1
2026-04-15 09:45:58,"0312 - Vidor, TX",Diesel,Vidor,TX,160.87650000000122,0,0.0,3
2026-04-15 09:45:58,"0312 - Vidor, TX",Unlead,Vidor,TX,92.71299999999974,0,0.0,1
2026-04-15 09:45:58,"0315 - Laredo, TX",Diesel,Laredo,TX,13.441000000000713,0,0.0,3
2026-04-15 09:45:58,"0315 - Laredo, TX",Unlead,Laredo,TX,0.0,0,0.0,1
2026-04-15 09:45:58,"0319 - Milford, TX",Diesel,Milford,TX,0.0,0,0.0,3
2026-04-15 09:45:58,"0319 - Milford, TX",Unlead,Milford,TX,14.125,0,0.0,1
2026-04-15 09:45:58,"0323 - Canton, TX",Diesel,Canton,TX,0.0,0,0.0,3
2026-04-15 09:45:58,"0323 - Canton, TX",Unlead,Canton,TX,10.13299999999981,0,0.0,1
2026-04-15 10:01:00,"0118 - Springfield, IL",Diesel,Springfield,IL,59.0,0,0.0,3
2026-04-15 10:01:00,"0118 - Springfield, IL",Unlead,Springfield,IL,12.0,0,0.0,1
2026-04-15 10:01:00,"0132 - Champaign, IL",Diesel,Champaign,IL,0.0,0,0.0,3
2026-04-15 10:01:00,"0132 - Champaign, IL",Unlead,Champaign,IL,35.39600000000064,0,0.0,1
2026-04-15 10:01:00,"0136 - Cottage Grove, WI",Diesel,Cottage Grove,WI,0.0,0,0.0,2
2026-04-15 10:01:00,"0136 - Cottage Grove, WI",Unlead,Cottage Grove,WI,0.0,0,0.0,1
2026-04-15 10:01:00,"0139 - Tuscola, IL",Diesel,Tuscola,IL,135.0,0,0.0,1
2026-04-15 10:01:00,"0139 - Tuscola, IL",Unlead,Tuscola,IL,7.0,0,0.0,2
2026-04-15 10:01:00,"0140 - Mendota, IL",Diesel,Mendota,IL,0.0,0,0.0,2
2026-04-15 10:01:00,"0140 - Mendota, IL",Unlead,Mendota,IL,21.0,0,0.0,2
2026-04-15 10:01:00,"0141 - Brazil, IN",Diesel,Brazil,IN,56.20710000000054,0,0.0,4
2026-04-15 10:01:00,"0141 - Brazil, IN",Unlead,Brazil,IN,10.0,0,0.0,1
2026-04-15 10:01:00,"0144 - Elk Run Height, IA",Diesel,Elk Run Height,IA,101.0,0,0.0,4
2026-04-15 10:01:00,"0144 - Elk Run Height, IA",Unlead,Elk Run Height,IA,0.0,0,0.0,2
2026-04-15 10:01:00,"0145 - Fenton, MO",Diesel,Fenton,MO,131.0,0,0.0,2
2026-04-15 10:01:00,"0145 - Fenton, MO",Unlead,Fenton,MO,44.0,0,0.0,1
2026-04-15 10:01:00,"0157 - Okawville, IL",Diesel,Okawville,IL,6.0,0,0.0,3
2026-04-15 10:01:00,"0157 - Okawville, IL",Unlead,Okawville,IL,0.0,0,0.0,1
2026-04-15 10:01:00,"0181 - Springfield, IL",Diesel,Springfield,IL,46.15349999999853,0,0.0,3
2026-04-15 10:01:00,"0181 - Springfield, IL",Unlead,Springfield,IL,30.53399999999965,0,0.0,1
2026-04-15 10:01:00,"0185 - McLean, IL",Diesel,McLean,IL,271.4240000000009,0,0.0,4
2026-04-15 10:01:00,"0185 - McLean, IL",Unlead,McLean,IL,61.09150000000045,0,0.0,1
2026-04-15 10:01:00,"0186 - Minonk, IL",Diesel,Minonk,IL,13.573999999998705,0,0.0,3
2026-04-15 10:01:00,"0186 - Minonk, IL",Unlead,Minonk,IL,0.0,0,0.0,1
2026-04-15 10:01:00,"0187 - Chicago, IL",Diesel,Chicago,IL,163.0,0,0.0,3
2026-04-15 10:01:00,"0187 - Chicago, IL",Unlead,Chicago,IL,9.951000000000022,0,0.0,1
2026-04-15 10:01:00,"0203 - Rockford, IL",Diesel,Rockford,IL,101.26499999999942,0,0.0,1
2026-04-15 10:01:00,"0203 - Rockford, IL",Unlead,Rockford,IL,16.866500000000087,0,0.0,1
2026-04-15 10:01:00,"0205 - South Beloit, IL",Diesel,South Beloit,IL,0.0,0,0.0,3
2026-04-15 10:01:00,"0205 - South Beloit, IL",Unlead,South Beloit,IL,63.0,0,0.0,1
2026-04-15 10:01:00,"0206 - Winnebago, IL",Diesel,Winnebago,IL,0.0,0,0.0,1
2026-04-15 10:01:00,"0206 - Winnebago, IL",Unlead,Winnebago,IL,102.0,0,0.0,1
2026-04-15 10:01:00,"0209 - Oakdale, WI",Diesel,Oakdale,WI,92.0,0,0.0,3
2026-04-15 10:01:00,"0209 - Oakdale, WI",Unlead,Oakdale,WI,30.0,0,0.0,1
2026-04-15 10:01:00,"0210 - Rochelle, IL",Diesel,Rochelle,IL,53.0,0,0.0,3
2026-04-15 10:01:00,"0210 - Rochelle, IL",Unlead,Rochelle,IL,35.0,0,0.0,1
2026-04-15 10:01:00,"0211 - Loves Park, IL",Diesel,Loves Park,IL,0.0,0,0.0,1
2026-04-15 10:01:00,"0211 - Loves Park, IL",Unlead,Loves Park,IL,36.0,0,0.0,1
2026-04-15 10:01:00,"0225 - Princeton, IL",Diesel,Princeton,IL,0.0,0,0.0,4
2026-04-15 10:01:00,"0225 - Princeton, IL",Unlead,Princeton,IL,12.0,0,0.0,2
2026-04-15 10:01:00,"0226 - Greenwood, IN",Diesel,Greenwood,IN,0.0,0,0.0,2
2026-04-15 10:01:00,"0226 - Greenwood, IN",Unlead,Greenwood,IN,0.0,0,0.0,2
2026-04-15 10:01:00,"0235 - Hampshire, IL",Diesel,Hampshire,IL,0.0,0,0.0,2
2026-04-15 10:01:00,"0235 - Hampshire, IL",Unlead,Hampshire,IL,51.0,0,0.0,2
2026-04-15 10:01:00,"0236 - East Troy, WI",Diesel,East Troy,WI,0.0,0,0.0,2
2026-04-15 10:01:00,"0236 - East Troy, WI",Unlead,East Troy,WI,0.0,0,0.0,1
2026-04-15 10:01:00,"0240 - Lake Station, IN",Diesel,Lake Station,IN,0.0,0,0.0,5
2026-04-15 10:01:00,"0240 - Lake Station, IN",Unlead,Lake Station,IN,0.0,0,0.0,2
2026-04-15 10:01:00,"0242 - St Robert, MO",Diesel,St Robert,MO,109.38999999999942,0,0.0,4
2026-04-15 10:01:00,"0263 - Ottawa, IL",Diesel,Ottawa,IL,153.0,0,0.0,3
2026-04-15 10:01:00,"0263 - Ottawa, IL",Unlead,Ottawa,IL,43.0,0,0.0,1
2026-04-15 10:01:00,"0265 - Dixon, IL",Diesel,Dixon,IL,197.18599999999788,0,0.0,3
2026-04-15 10:01:00,"0265 - Dixon, IL",Unlead,Dixon,IL,0.0,0,0.0,1
2026-04-15 10:01:00,"0266 - New Berlin, IL",Diesel,New Berlin,IL,45.0,0,0.0,3
2026-04-15 10:01:00,"0266 - New Berlin, IL",Unlead,New Berlin,IL,0.0,0,0.0,1
2026-04-15 10:01:00,"0267 - Pharr, TX",Diesel,Pharr,TX,630.0,0,0.0,4
2026-04-15 10:01:00,"0267 - Pharr, TX",Unlead,Pharr,TX,19.0,0,0.0,1
2026-04-15 10:01:00,"0268 - Grayville, IL",Diesel,Grayville,IL,6.0,0,0.0,3
2026-04-15 10:01:00,"0268 - Grayville, IL",Unlead,Grayville,IL,14.0,0,0.0,1
2026-04-15 10:01:00,"0269 - Marshall, IL",Diesel,Marshall,IL,0.0,0,0.0,3
2026-04-15 10:01:00,"0269 - Marshall, IL",Unlead,Marshall,IL,32.0,0,0.0,1
2026-04-15 10:01:00,"0270 - Moore, TX",Diesel,Moore,TX,337.0,0,0.0,3
2026-04-15 10:01:00,"0270 - Moore, TX",Unlead,Moore,TX,30.0,0,0.0,1
2026-04-15 10:01:00,"0271 - Odessa, TX",Diesel,Odessa,TX,143.89400000000023,0,0.0,3
2026-04-15 10:01:00,"0271 - Odessa, TX",Unlead,Odessa,TX,10.810999999999694,0,0.0,1
2026-04-15 10:01:00,"0272 - Encinal, TX",Diesel,Encinal,TX,93.2569999999996,0,0.0,3
2026-04-15 10:01:00,"0272 - Encinal, TX",Unlead,Encinal,TX,34.266999999999825,0,0.0,1
2026-04-15 10:01:00,"0273 - Combes, TX",Diesel,Combes,TX,93.34649999999965,0,0.0,3
2026-04-15 10:01:00,"0273 - Combes, TX",Unlead,Combes,TX,84.60100000000057,0,0.0,1
2026-04-15 10:01:00,"0275 - Sonora, TX",Diesel,Sonora,TX,20.825999999999112,0,0.0,3
2026-04-15 10:01:00,"0275 - Sonora, TX",Unlead,Sonora,TX,30.023999999999432,0,0.0,1
2026-04-15 10:01:00,"0276 - Waco, TX",Diesel,Waco,TX,247.88289999999688,0,0.0,3
2026-04-15 10:01:00,"0276 - Waco, TX",Unlead,Waco,TX,61.512000000000626,0,0.0,1
2026-04-15 10:01:00,"0277 - New Boston, TX",Diesel,New Boston,TX,0.0,0,0.0,3
2026-04-15 10:01:00,"0277 - New Boston, TX",Unlead,New Boston,TX,66.5590000000011,0,0.0,1
2026-04-15 10:01:00,"0278 - Brinkley, AR",Diesel,Brinkley,AR,152.6919999999991,0,0.0,3
2026-04-15 10:01:00,"0278 - Brinkley, AR",Unlead,Brinkley,AR,29.304000000000087,0,0.0,1
2026-04-15 10:01:00,"0279 - Marion, IL",Diesel,Marion,IL,8.344999999999345,0,0.0,3
2026-04-15 10:01:00,"0279 - Marion, IL",Unlead,Marion,IL,53.08300000000054,0,0.0,1
2026-04-15 10:01:00,"0280 - Monahans, TX",Diesel,Monahans,TX,273.52599999999984,0,0.0,3
2026-04-15 10:01:00,"0280 - Monahans, TX",Unlead,Monahans,TX,52.126000000000204,0,0.0,1
2026-04-15 10:01:00,"0281 - Cisco, TX",Diesel,Cisco,TX,132.34699999999793,0,0.0,3
2026-04-15 10:01:00,"0281 - Cisco, TX",Unlead,Cisco,TX,62.23699999999917,0,0.0,1
2026-04-15 10:01:00,"0282 - Gainesville, TX",Diesel,Gainesville,TX,291.8660000000036,0,0.0,3
2026-04-15 10:01:00,"0282 - Gainesville, TX",Unlead,Gainesville,TX,16.04899999999907,0,0.0,1
2026-04-15 10:01:00,"0283 - Sealy, TX",Diesel,Sealy,TX,121.63400000000001,1,2631.214,3
2026-04-15 10:01:00,"0283 - Sealy, TX",Unlead,Sealy,TX,0.0,0,0.0,1
2026-04-15 10:01:00,"0284 - New Deal, TX",Diesel,New Deal,TX,144.6469999999972,0,0.0,3
2026-04-15 10:01:00,"0284 - New Deal, TX",Unlead,New Deal,TX,26.766999999999825,0,0.0,1
2026-04-15 10:01:00,"0285 - Seguin, TX",Diesel,Seguin,TX,313.6959999999999,0,0.0,3
2026-04-15 10:01:00,"0285 - Seguin, TX",Unlead,Seguin,TX,45.3733000000002,0,0.0,1
2026-04-15 10:01:00,"0286 - Amarillo, TX",Diesel,Amarillo,TX,0.0,0,0.0,3
2026-04-15 10:01:00,"0286 - Amarillo, TX",Unlead,Amarillo,TX,6.436999999999898,0,0.0,1
2026-04-15 10:01:00,"0287 - Burbonnais, IL",Diesel,Burbonnais,IL,84.25,0,0.0,3
2026-04-15 10:01:00,"0287 - Burbonnais, IL",Unlead,Burbonnais,IL,27.59900000000016,0,0.0,1
2026-04-15 10:01:00,"0289 - Teague, TX",Diesel,Teague,TX,95.22350000000006,0,0.0,3
2026-04-15 10:01:00,"0289 - Teague, TX",Unlead,Teague,TX,11.156000000000859,0,0.0,1
2026-04-15 10:01:00,"0290 - Joplin, MO",Diesel,Joplin,MO,0.0,0,0.0,3
2026-04-15 10:01:00,"0290 - Joplin, MO",Unlead,Joplin,MO,14.029000000000451,0,0.0,1
2026-04-15 10:01:00,"0312 - Vidor, TX",Diesel,Vidor,TX,122.17360000000008,0,0.0,3
2026-04-15 10:01:00,"0312 - Vidor, TX",Unlead,Vidor,TX,0.0,0,0.0,1
2026-04-15 10:01:00,"0315 - Laredo, TX",Diesel,Laredo,TX,0.0,0,0.0,3
2026-04-15 10:01:00,"0315 - Laredo, TX",Unlead,Laredo,TX,44.03599999999824,0,0.0,1
2026-04-15 10:01:00,"0319 - Milford, TX",Diesel,Milford,TX,157.04149999999936,0,0.0,3
2026-04-15 10:01:00,"0319 - Milford, TX",Unlead,Milford,TX,5.329999999999927,0,0.0,1
2026-04-15 10:01:00,"0323 - Canton, TX",Diesel,Canton,TX,0.0,0,0.0,3
2026-04-15 10:01:00,"0323 - Canton, TX",Unlead,Canton,TX,57.074000000000524,0,0.0,1
2026-04-15 10:16:01,"0118 - Springfield, IL",Diesel,Springfield,IL,169.0,0,0.0,3
2026-04-15 10:16:01,"0118 - Springfield, IL",Unlead,Springfield,IL,5.0,0,0.0,1
2026-04-15 10:16:01,"0132 - Champaign, IL",Diesel,Champaign,IL,157.8209999999999,0,0.0,3
2026-04-15 10:16:01,"0132 - Champaign, IL",Unlead,Champaign,IL,48.038000000000466,0,0.0,1
2026-04-15 10:16:01,"0136 - Cottage Grove, WI",Diesel,Cottage Grove,WI,0.0,0,0.0,2
2026-04-15 10:16:01,"0136 - Cottage Grove, WI",Unlead,Cottage Grove,WI,0.0,0,0.0,1
2026-04-15 10:16:01,"0139 - Tuscola, IL",Diesel,Tuscola,IL,109.0,0,0.0,1
2026-04-15 10:16:01,"0139 - Tuscola, IL",Unlead,Tuscola,IL,25.0,0,0.0,2
2026-04-15 10:16:01,"0140 - Mendota, IL",Diesel,Mendota,IL,102.0,0,0.0,2
2026-04-15 10:16:01,"0140 - Mendota, IL",Unlead,Mendota,IL,25.0,0,0.0,2
2026-04-15 10:16:01,"0141 - Brazil, IN",Diesel,Brazil,IN,6.799700000000485,0,0.0,4
2026-04-15 10:16:01,"0141 - Brazil, IN",Unlead,Brazil,IN,10.0,0,0.0,1
2026-04-15 10:16:01,"0144 - Elk Run Height, IA",Diesel,Elk Run Height,IA,0.0,0,0.0,4
2026-04-15 10:16:01,"0144 - Elk Run Height, IA",Unlead,Elk Run Height,IA,18.58349999999973,0,0.0,2
2026-04-15 10:16:01,"0145 - Fenton, MO",Diesel,Fenton,MO,107.0,0,0.0,2
2026-04-15 10:16:01,"0145 - Fenton, MO",Unlead,Fenton,MO,58.0,0,0.0,1
2026-04-15 10:16:01,"0157 - Okawville, IL",Diesel,Okawville,IL,0.0,0,0.0,3
2026-04-15 10:16:01,"0157 - Okawville, IL",Unlead,Okawville,IL,29.40099999999984,0,0.0,1
2026-04-15 10:16:01,"0181 - Springfield, IL",Diesel,Springfield,IL,0.0,0,0.0,3
2026-04-15 10:16:01,"0181 - Springfield, IL",Unlead,Springfield,IL,3.114000000001397,0,0.0,1
2026-04-15 10:16:01,"0185 - McLean, IL",Diesel,McLean,IL,0.0,0,0.0,4
2026-04-15 10:16:01,"0185 - McLean, IL",Unlead,McLean,IL,69.19369999999981,0,0.0,1
2026-04-15 10:16:01,"0186 - Minonk, IL",Diesel,Minonk,IL,184.6130000000012,0,0.0,3
2026-04-15 10:16:01,"0186 - Minonk, IL",Unlead,Minonk,IL,25.590000000000146,0,0.0,1
2026-04-15 10:16:01,"0187 - Chicago, IL",Diesel,Chicago,IL,57.0,0,0.0,3
2026-04-15 10:16:01,"0187 - Chicago, IL",Unlead,Chicago,IL,11.976999999999862,0,0.0,1
2026-04-15 10:16:01,"0203 - Rockford, IL",Diesel,Rockford,IL,22.625,0,0.0,1
2026-04-15 10:16:01,"0203 - Rockford, IL",Unlead,Rockford,IL,43.685999999999694,0,0.0,1
2026-04-15 10:16:01,"0205 - South Beloit, IL",Diesel,South Beloit,IL,0.0,0,0.0,3
2026-04-15 10:16:01,"0205 - South Beloit, IL",Unlead,South Beloit,IL,44.0,0,0.0,1
2026-04-15 10:16:01,"0206 - Winnebago, IL",Diesel,Winnebago,IL,63.0,0,0.0,1
2026-04-15 10:16:01,"0206 - Winnebago, IL",Unlead,Winnebago,IL,66.0,0,0.0,1
2026-04-15 10:16:01,"0209 - Oakdale, WI",Diesel,Oakdale,WI,0.0,0,0.0,3
2026-04-15 10:16:01,"0209 - Oakdale, WI",Unlead,Oakdale,WI,21.0,0,0.0,1
2026-04-15 10:16:01,"0210 - Rochelle, IL",Diesel,Rochelle,IL,59.0,0,0.0,3
2026-04-15 10:16:01,"0210 - Rochelle, IL",Unlead,Rochelle,IL,28.0,0,0.0,1
2026-04-15 10:16:01,"0211 - Loves Park, IL",Diesel,Loves Park,IL,133.0,0,0.0,1
2026-04-15 10:16:01,"0211 - Loves Park, IL",Unlead,Loves Park,IL,69.0,0,0.0,1
2026-04-15 10:16:01,"0225 - Princeton, IL",Diesel,Princeton,IL,0.0,0,0.0,4
2026-04-15 10:16:01,"0225 - Princeton, IL",Unlead,Princeton,IL,14.0,0,0.0,2
2026-04-15 10:16:01,"0226 - Greenwood, IN",Diesel,Greenwood,IN,56.0,0,0.0,2
2026-04-15 10:16:01,"0226 - Greenwood, IN",Unlead,Greenwood,IN,10.0,0,0.0,2
2026-04-15 10:16:01,"0235 - Hampshire, IL",Diesel,Hampshire,IL,0.0,0,0.0,2
2026-04-15 10:16:01,"0235 - Hampshire, IL",Unlead,Hampshire,IL,91.0,0,0.0,2
2026-04-15 10:16:01,"0236 - East Troy, WI",Diesel,East Troy,WI,0.0,0,0.0,2
2026-04-15 10:16:01,"0236 - East Troy, WI",Unlead,East Troy,WI,20.0,0,0.0,1
2026-04-15 10:16:01,"0240 - Lake Station, IN",Diesel,Lake Station,IN,154.0,0,0.0,5
2026-04-15 10:16:01,"0240 - Lake Station, IN",Unlead,Lake Station,IN,4.0,0,0.0,2
2026-04-15 10:16:01,"0242 - St Robert, MO",Diesel,St Robert,MO,92.32599999999911,0,0.0,4
2026-04-15 10:16:01,"0263 - Ottawa, IL",Diesel,Ottawa,IL,115.0,0,0.0,3
2026-04-15 10:16:01,"0263 - Ottawa, IL",Unlead,Ottawa,IL,49.0,0,0.0,1
2026-04-15 10:16:01,"0265 - Dixon, IL",Diesel,Dixon,IL,48.293000000001484,0,0.0,3
2026-04-15 10:16:01,"0265 - Dixon, IL",Unlead,Dixon,IL,11.175600000000031,0,0.0,1
2026-04-15 10:16:01,"0266 - New Berlin, IL",Diesel,New Berlin,IL,0.0,0,0.0,3
2026-04-15 10:16:01,"0266 - New Berlin, IL",Unlead,New Berlin,IL,39.10399999999936,0,0.0,1
2026-04-15 10:16:01,"0267 - Pharr, TX",Diesel,Pharr,TX,309.0,0,0.0,4
2026-04-15 10:16:01,"0267 - Pharr, TX",Unlead,Pharr,TX,13.0,0,0.0,1
2026-04-15 10:16:01,"0268 - Grayville, IL",Diesel,Grayville,IL,167.0,0,0.0,3
2026-04-15 10:16:01,"0268 - Grayville, IL",Unlead,Grayville,IL,21.0,0,0.0,1
2026-04-15 10:16:01,"0269 - Marshall, IL",Diesel,Marshall,IL,91.0,0,0.0,3
2026-04-15 10:16:01,"0269 - Marshall, IL",Unlead,Marshall,IL,0.0,0,0.0,1
2026-04-15 10:16:01,"0270 - Moore, TX",Diesel,Moore,TX,348.0,0,0.0,3
2026-04-15 10:16:01,"0270 - Moore, TX",Unlead,Moore,TX,81.0,0,0.0,1
2026-04-15 10:16:01,"0271 - Odessa, TX",Diesel,Odessa,TX,59.22899999999936,0,0.0,3
2026-04-15 10:16:01,"0271 - Odessa, TX",Unlead,Odessa,TX,69.6309999999994,0,0.0,1
2026-04-15 10:16:01,"0272 - Encinal, TX",Diesel,Encinal,TX,54.71899999999914,0,0.0,3
2026-04-15 10:16:01,"0272 - Encinal, TX",Unlead,Encinal,TX,16.98999999999978,0,0.0,1
2026-04-15 10:16:01,"0273 - Combes, TX",Diesel,Combes,TX,260.46550000000025,0,0.0,3
2026-04-15 10:16:01,"0273 - Combes, TX",Unlead,Combes,TX,99.11499999999978,0,0.0,1
2026-04-15 10:16:01,"0275 - Sonora, TX",Diesel,Sonora,TX,0.0,0,0.0,3
2026-04-15 10:16:01,"0275 - Sonora, TX",Unlead,Sonora,TX,0.0,0,0.0,1
2026-04-15 10:16:01,"0276 - Waco, TX",Diesel,Waco,TX,594.7751000000012,0,0.0,3
2026-04-15 10:16:01,"0276 - Waco, TX",Unlead,Waco,TX,60.75,0,0.0,1
2026-04-15 10:16:01,"0277 - New Boston, TX",Diesel,New Boston,TX,134.98099999999977,0,0.0,3
2026-04-15 10:16:01,"0277 - New Boston, TX",Unlead,New Boston,TX,39.60099999999875,0,0.0,1
2026-04-15 10:16:01,"0278 - Brinkley, AR",Diesel,Brinkley,AR,142.8040000000001,0,0.0,3
2026-04-15 10:16:01,"0278 - Brinkley, AR",Unlead,Brinkley,AR,5.976999999998952,0,0.0,1
2026-04-15 10:16:01,"0279 - Marion, IL",Diesel,Marion,IL,172.12099999999737,0,0.0,3
2026-04-15 10:16:01,"0279 - Marion, IL",Unlead,Marion,IL,123.1180000000004,0,0.0,1
2026-04-15 10:16:01,"0280 - Monahans, TX",Diesel,Monahans,TX,416.40409999999974,0,0.0,3
2026-04-15 10:16:01,"0280 - Monahans, TX",Unlead,Monahans,TX,37.47600000000057,0,0.0,1
2026-04-15 10:16:01,"0281 - Cisco, TX",Diesel,Cisco,TX,106.86999999999898,0,0.0,3
2026-04-15 10:16:01,"0281 - Cisco, TX",Unlead,Cisco,TX,0.0,0,0.0,1
2026-04-15 10:16:01,"0282 - Gainesville, TX",Diesel,Gainesville,TX,11.170000000001892,0,0.0,3
2026-04-15 10:16:01,"0282 - Gainesville, TX",Unlead,Gainesville,TX,0.0,0,0.0,1
2026-04-15 10:16:01,"0283 - Sealy, TX",Diesel,Sealy,TX,0.0,2,2056.5289999999986,3
2026-04-15 10:16:01,"0283 - Sealy, TX",Unlead,Sealy,TX,7.375,0,0.0,1
2026-04-15 10:16:01,"0284 - New Deal, TX",Diesel,New Deal,TX,0.0,0,0.0,3
2026-04-15 10:16:01,"0284 - New Deal, TX",Unlead,New Deal,TX,57.86000000000058,0,0.0,1
2026-04-15 10:16:01,"0285 - Seguin, TX",Diesel,Seguin,TX,0.0,0,0.0,3
2026-04-15 10:16:01,"0285 - Seguin, TX",Unlead,Seguin,TX,3.3333000000002357,0,0.0,1
2026-04-15 10:16:01,"0286 - Amarillo, TX",Diesel,Amarillo,TX,0.0,0,0.0,3
2026-04-15 10:16:01,"0286 - Amarillo, TX",Unlead,Amarillo,TX,4.086999999999534,0,0.0,1
2026-04-15 10:16:01,"0287 - Burbonnais, IL",Diesel,Burbonnais,IL,0.0,0,0.0,3
2026-04-15 10:16:01,"0287 - Burbonnais, IL",Unlead,Burbonnais,IL,32.96899999999914,0,0.0,1
2026-04-15 10:16:01,"0289 - Teague, TX",Diesel,Teague,TX,457.83550000000105,0,0.0,3
2026-04-15 10:16:01,"0289 - Teague, TX",Unlead,Teague,TX,117.86599999999999,0,0.0,1
2026-04-15 10:16:01,"0290 - Joplin, MO",Diesel,Joplin,MO,171.29009999999835,0,0.0,3
2026-04-15 10:16:01,"0290 - Joplin, MO",Unlead,Joplin,MO,30.39300000000003,0,0.0,1
2026-04-15 10:16:01,"0312 - Vidor, TX",Diesel,Vidor,TX,212.66909999999916,0,0.0,3
2026-04-15 10:16:01,"0312 - Vidor, TX",Unlead,Vidor,TX,35.699000000000524,0,0.0,1
2026-04-15 10:16:01,"0315 - Laredo, TX",Diesel,Laredo,TX,0.0,0,0.0,3
2026-04-15 10:16:01,"0315 - Laredo, TX",Unlead,Laredo,TX,0.0,0,0.0,1
2026-04-15 10:16:01,"0319 - Milford, TX",Diesel,Milford,TX,57.71200000000135,0,0.0,3
2026-04-15 10:16:01,"0319 - Milford, TX",Unlead,Milford,TX,29.092000000000553,0,0.0,1
2026-04-15 10:16:01,"0323 - Canton, TX",Diesel,Canton,TX,0.0,0,0.0,3
2026-04-15 10:16:01,"0323 - Canton, TX",Unlead,Canton,TX,16.12800000000061,0,0.0,1
2026-04-15 10:31:02,"0118 - Springfield, IL",Diesel,Springfield,IL,25.0,0,0.0,3
2026-04-15 10:31:02,"0118 - Springfield, IL",Unlead,Springfield,IL,0.0,0,0.0,1
2026-04-15 10:31:02,"0132 - Champaign, IL",Diesel,Champaign,IL,0.0,0,0.0,3
2026-04-15 10:31:02,"0132 - Champaign, IL",Unlead,Champaign,IL,37.36899999999878,0,0.0,1
2026-04-15 10:31:02,"0136 - Cottage Grove, WI",Diesel,Cottage Grove,WI,3966.1709999999994,0,0.0,2
2026-04-15 10:31:02,"0136 - Cottage Grove, WI",Unlead,Cottage Grove,WI,131.79699999999957,0,0.0,1
2026-04-15 10:31:02,"0139 - Tuscola, IL",Diesel,Tuscola,IL,291.0,0,0.0,1
2026-04-15 10:31:02,"0139 - Tuscola, IL",Unlead,Tuscola,IL,16.0,0,0.0,2
2026-04-15 10:31:02,"0140 - Mendota, IL",Diesel,Mendota,IL,28.0,0,0.0,2
2026-04-15 10:31:02,"0140 - Mendota, IL",Unlead,Mendota,IL,39.0,0,0.0,2
2026-04-15 10:31:02,"0141 - Brazil, IN",Diesel,Brazil,IN,0.0,0,0.0,4
2026-04-15 10:31:02,"0141 - Brazil, IN",Unlead,Brazil,IN,44.0,0,0.0,1
2026-04-15 10:31:02,"0144 - Elk Run Height, IA",Diesel,Elk Run Height,IA,145.0,0,0.0,4
2026-04-15 10:31:02,"0144 - Elk Run Height, IA",Unlead,Elk Run Height,IA,38.61629999999968,0,0.0,2
2026-04-15 10:31:02,"0145 - Fenton, MO",Diesel,Fenton,MO,171.0,0,0.0,2
2026-04-15 10:31:02,"0145 - Fenton, MO",Unlead,Fenton,MO,18.0,0,0.0,1
2026-04-15 10:31:02,"0157 - Okawville, IL",Diesel,Okawville,IL,0.0,0,0.0,3
2026-04-15 10:31:02,"0157 - Okawville, IL",Unlead,Okawville,IL,2.2590000000000146,0,0.0,1
2026-04-15 10:31:02,"0181 - Springfield, IL",Diesel,Springfield,IL,62.71899999999914,0,0.0,3
2026-04-15 10:31:02,"0181 - Springfield, IL",Unlead,Springfield,IL,13.201999999999316,0,0.0,1
2026-04-15 10:31:02,"0185 - McLean, IL",Diesel,McLean,IL,197.21299999999974,0,0.0,4
2026-04-15 10:31:02,"0185 - McLean, IL",Unlead,McLean,IL,54.684299999999894,0,0.0,1
2026-04-15 10:31:02,"0186 - Minonk, IL",Diesel,Minonk,IL,0.0,0,0.0,3
2026-04-15 10:31:02,"0186 - Minonk, IL",Unlead,Minonk,IL,13.339199999999892,0,0.0,1
2026-04-15 10:31:02,"0187 - Chicago, IL",Diesel,Chicago,IL,111.0,0,0.0,3
2026-04-15 10:31:02,"0187 - Chicago, IL",Unlead,Chicago,IL,3.7839999999996508,0,0.0,1
2026-04-15 10:31:02,"0203 - Rockford, IL",Diesel,Rockford,IL,61.44499999999971,0,0.0,1
2026-04-15 10:31:02,"0203 - Rockford, IL",Unlead,Rockford,IL,29.584000000000742,0,0.0,1
2026-04-15 10:31:02,"0205 - South Beloit, IL",Diesel,South Beloit,IL,0.0,0,0.0,3
2026-04-15 10:31:02,"0205 - South Beloit, IL",Unlead,South Beloit,IL,56.0,0,0.0,1
2026-04-15 10:31:02,"0206 - Winnebago, IL",Diesel,Winnebago,IL,14.0,0,0.0,1
2026-04-15 10:31:02,"0206 - Winnebago, IL",Unlead,Winnebago,IL,99.0,0,0.0,1
2026-04-15 10:31:02,"0209 - Oakdale, WI",Diesel,Oakdale,WI,326.0,0,0.0,3
2026-04-15 10:31:02,"0209 - Oakdale, WI",Unlead,Oakdale,WI,32.0,0,0.0,1
2026-04-15 10:31:02,"0210 - Rochelle, IL",Diesel,Rochelle,IL,69.0,0,0.0,3
2026-04-15 10:31:02,"0210 - Rochelle, IL",Unlead,Rochelle,IL,27.0,0,0.0,1
2026-04-15 10:31:02,"0211 - Loves Park, IL",Diesel,Loves Park,IL,0.0,0,0.0,1
2026-04-15 10:31:02,"0211 - Loves Park, IL",Unlead,Loves Park,IL,17.0,0,0.0,1
2026-04-15 10:31:02,"0225 - Princeton, IL",Diesel,Princeton,IL,125.0,0,0.0,4
2026-04-15 10:31:02,"0225 - Princeton, IL",Unlead,Princeton,IL,0.0,0,0.0,2
2026-04-15 10:31:02,"0226 - Greenwood, IN",Diesel,Greenwood,IN,5.0,0,0.0,2
2026-04-15 10:31:02,"0226 - Greenwood, IN",Unlead,Greenwood,IN,3.0,0,0.0,2
2026-04-15 10:31:02,"0235 - Hampshire, IL",Diesel,Hampshire,IL,56.0,0,0.0,2
2026-04-15 10:31:02,"0235 - Hampshire, IL",Unlead,Hampshire,IL,51.0,0,0.0,2
2026-04-15 10:31:02,"0236 - East Troy, WI",Diesel,East Troy,WI,0.0,0,0.0,2
2026-04-15 10:31:02,"0236 - East Troy, WI",Unlead,East Troy,WI,25.0,0,0.0,1
2026-04-15 10:31:02,"0240 - Lake Station, IN",Diesel,Lake Station,IN,105.0,0,0.0,5
2026-04-15 10:31:02,"0240 - Lake Station, IN",Unlead,Lake Station,IN,24.0,0,0.0,2
2026-04-15 10:31:02,"0242 - St Robert, MO",Diesel,St Robert,MO,86.50000000000091,0,0.0,4
2026-04-15 10:31:02,"0263 - Ottawa, IL",Diesel,Ottawa,IL,116.0,0,0.0,3
2026-04-15 10:31:02,"0263 - Ottawa, IL",Unlead,Ottawa,IL,48.0,0,0.0,1
2026-04-15 10:31:02,"0265 - Dixon, IL",Diesel,Dixon,IL,0.0,0,0.0,3
2026-04-15 10:31:02,"0265 - Dixon, IL",Unlead,Dixon,IL,5.108400000000074,0,0.0,1
2026-04-15 10:31:02,"0266 - New Berlin, IL",Diesel,New Berlin,IL,83.0,0,0.0,3
2026-04-15 10:31:02,"0266 - New Berlin, IL",Unlead,New Berlin,IL,69.62400000000162,0,0.0,1
2026-04-15 10:31:02,"0267 - Pharr, TX",Diesel,Pharr,TX,753.0,0,0.0,4
2026-04-15 10:31:02,"0267 - Pharr, TX",Unlead,Pharr,TX,10.0,0,0.0,1
2026-04-15 10:31:02,"0268 - Grayville, IL",Diesel,Grayville,IL,24.0,0,0.0,3
2026-04-15 10:31:02,"0268 - Grayville, IL",Unlead,Grayville,IL,21.0,0,0.0,1
2026-04-15 10:31:02,"0269 - Marshall, IL",Diesel,Marshall,IL,79.0,0,0.0,3
2026-04-15 10:31:02,"0269 - Marshall, IL",Unlead,Marshall,IL,33.0,0,0.0,1
2026-04-15 10:31:02,"0270 - Moore, TX",Diesel,Moore,TX,76.0,0,0.0,3
2026-04-15 10:31:02,"0270 - Moore, TX",Unlead,Moore,TX,97.0,0,0.0,1
2026-04-15 10:31:02,"0271 - Odessa, TX",Diesel,Odessa,TX,422.08400000000074,0,0.0,3
2026-04-15 10:31:02,"0271 - Odessa, TX",Unlead,Odessa,TX,63.668000000001484,0,0.0,1
2026-04-15 10:31:02,"0272 - Encinal, TX",Diesel,Encinal,TX,145.63600000000042,0,0.0,3
2026-04-15 10:31:02,"0272 - Encinal, TX",Unlead,Encinal,TX,30.057999999999083,0,0.0,1
2026-04-15 10:31:02,"0273 - Combes, TX",Diesel,Combes,TX,188.23049999999967,0,0.0,3
2026-04-15 10:31:02,"0273 - Combes, TX",Unlead,Combes,TX,68.90200000000004,0,0.0,1
2026-04-15 10:31:02,"0275 - Sonora, TX",Diesel,Sonora,TX,23.341999999998734,0,0.0,3
2026-04-15 10:31:02,"0275 - Sonora, TX",Unlead,Sonora,TX,23.855000000001382,0,0.0,1
2026-04-15 10:31:02,"0276 - Waco, TX",Diesel,Waco,TX,271.1553999999992,0,0.0,3
2026-04-15 10:31:02,"0276 - Waco, TX",Unlead,Waco,TX,0.0,0,0.0,1
2026-04-15 10:31:02,"0277 - New Boston, TX",Diesel,New Boston,TX,30.035000000001673,0,0.0,3
2026-04-15 10:31:02,"0277 - New Boston, TX",Unlead,New Boston,TX,3.186999999999898,0,0.0,1
2026-04-15 10:31:02,"0278 - Brinkley, AR",Diesel,Brinkley,AR,36.027000000000044,0,0.0,3
2026-04-15 10:31:02,"0278 - Brinkley, AR",Unlead,Brinkley,AR,44.456999999998516,0,0.0,1
2026-04-15 10:31:02,"0279 - Marion, IL",Diesel,Marion,IL,195.6429999999982,0,0.0,3
2026-04-15 10:31:02,"0279 - Marion, IL",Unlead,Marion,IL,52.891999999999825,0,0.0,1
2026-04-15 10:31:02,"0280 - Monahans, TX",Diesel,Monahans,TX,206.49299999999948,0,0.0,3
2026-04-15 10:31:02,"0280 - Monahans, TX",Unlead,Monahans,TX,55.30400000000009,0,0.0,1
2026-04-15 10:31:02,"0281 - Cisco, TX",Diesel,Cisco,TX,0.0,0,0.0,3
2026-04-15 10:31:02,"0281 - Cisco, TX",Unlead,Cisco,TX,60.70800000000054,0,0.0,1
2026-04-15 10:31:02,"0282 - Gainesville, TX",Diesel,Gainesville,TX,205.0179999999964,0,0.0,3
2026-04-15 10:31:02,"0282 - Gainesville, TX",Unlead,Gainesville,TX,77.60399999999936,0,0.0,1
2026-04-15 10:31:02,"0283 - Sealy, TX",Diesel,Sealy,TX,60.16200000000026,1,2879.9710000000014,3
2026-04-15 10:31:02,"0283 - Sealy, TX",Unlead,Sealy,TX,0.0,0,0.0,1
2026-04-15 10:31:02,"0284 - New Deal, TX",Diesel,New Deal,TX,57.69300000000294,0,0.0,3
2026-04-15 10:31:02,"0284 - New Deal, TX",Unlead,New Deal,TX,57.072000000000116,0,0.0,1
2026-04-15 10:31:02,"0285 - Seguin, TX",Diesel,Seguin,TX,326.2579999999998,0,0.0,3
2026-04-15 10:31:02,"0285 - Seguin, TX",Unlead,Seguin,TX,32.537999999999556,0,0.0,1
2026-04-15 10:31:02,"0286 - Amarillo, TX",Diesel,Amarillo,TX,0.0,0,0.0,3
2026-04-15 10:31:02,"0286 - Amarillo, TX",Unlead,Amarillo,TX,7.449000000000524,0,0.0,1
2026-04-15 10:31:02,"0287 - Burbonnais, IL",Diesel,Burbonnais,IL,0.0,0,0.0,3
2026-04-15 10:31:02,"0287 - Burbonnais, IL",Unlead,Burbonnais,IL,72.746000000001,0,0.0,1
2026-04-15 10:31:02,"0289 - Teague, TX",Diesel,Teague,TX,103.9409999999989,0,0.0,3
2026-04-15 10:31:02,"0289 - Teague, TX",Unlead,Teague,TX,55.78299999999945,0,0.0,1
2026-04-15 10:31:02,"0290 - Joplin, MO",Diesel,Joplin,MO,0.0,0,0.0,3
2026-04-15 10:31:02,"0290 - Joplin, MO",Unlead,Joplin,MO,0.0,0,0.0,1
2026-04-15 10:31:02,"0312 - Vidor, TX",Diesel,Vidor,TX,7.956000000000131,0,0.0,3
2026-04-15 10:31:02,"0312 - Vidor, TX",Unlead,Vidor,TX,0.0,0,0.0,1
2026-04-15 10:31:02,"0315 - Laredo, TX",Diesel,Laredo,TX,18.72700000000077,0,0.0,3
2026-04-15 10:31:02,"0315 - Laredo, TX",Unlead,Laredo,TX,26.670000000000073,0,0.0,1
2026-04-15 10:31:02,"0319 - Milford, TX",Diesel,Milford,TX,32.94599999999991,0,0.0,3
2026-04-15 10:31:02,"0319 - Milford, TX",Unlead,Milford,TX,13.171000000000276,0,0.0,1
2026-04-15 10:31:02,"0323 - Canton, TX",Diesel,Canton,TX,6.641999999999825,0,0.0,3
2026-04-15 10:31:02,"0323 - Canton, TX",Unlead,Canton,TX,75.95099999999911,0,0.0,1
2026-04-15 10:46:07,"0118 - Springfield, IL",Diesel,Springfield,IL,147.0,0,0.0,3
2026-04-15 10:46:07,"0118 - Springfield, IL",Unlead,Springfield,IL,18.0,0,0.0,1
2026-04-15 10:46:07,"0132 - Champaign, IL",Diesel,Champaign,IL,258.9920000000002,0,0.0,3
2026-04-15 10:46:07,"0132 - Champaign, IL",Unlead,Champaign,IL,65.51500000000124,0,0.0,1
2026-04-15 10:46:07,"0136 - Cottage Grove, WI",Diesel,Cottage Grove,WI,208.82900000000063,0,0.0,2
2026-04-15 10:46:07,"0136 - Cottage Grove, WI",Unlead,Cottage Grove,WI,15.627000000000407,0,0.0,1
2026-04-15 10:46:07,"0139 - Tuscola, IL",Diesel,Tuscola,IL,0.0,0,0.0,1
2026-04-15 10:46:07,"0139 - Tuscola, IL",Unlead,Tuscola,IL,46.0,0,0.0,2
2026-04-15 10:46:07,"0140 - Mendota, IL",Diesel,Mendota,IL,0.0,0,0.0,2
2026-04-15 10:46:07,"0140 - Mendota, IL",Unlead,Mendota,IL,34.0,0,0.0,2
2026-04-15 10:46:07,"0141 - Brazil, IN",Diesel,Brazil,IN,143.9449999999997,0,0.0,4
2026-04-15 10:46:07,"0141 - Brazil, IN",Unlead,Brazil,IN,0.0,0,0.0,1
2026-04-15 10:46:07,"0144 - Elk Run Height, IA",Diesel,Elk Run Height,IA,143.0,0,0.0,4
2026-04-15 10:46:07,"0144 - Elk Run Height, IA",Unlead,Elk Run Height,IA,0.0,0,0.0,2
2026-04-15 10:46:07,"0145 - Fenton, MO",Diesel,Fenton,MO,159.0,0,0.0,2
2026-04-15 10:46:07,"0145 - Fenton, MO",Unlead,Fenton,MO,8.0,0,0.0,1
2026-04-15 10:46:07,"0157 - Okawville, IL",Diesel,Okawville,IL,0.0,0,0.0,3
2026-04-15 10:46:07,"0157 - Okawville, IL",Unlead,Okawville,IL,15.05999999999949,0,0.0,1
2026-04-15 10:46:07,"0181 - Springfield, IL",Diesel,Springfield,IL,0.0,0,0.0,3
2026-04-15 10:46:07,"0181 - Springfield, IL",Unlead,Springfield,IL,48.00699999999961,0,0.0,1
2026-04-15 10:46:07,"0185 - McLean, IL",Diesel,McLean,IL,34.470000000001164,0,0.0,4
2026-04-15 10:46:07,"0185 - McLean, IL",Unlead,McLean,IL,41.94800000000032,0,0.0,1
2026-04-15 10:46:07,"0186 - Minonk, IL",Diesel,Minonk,IL,12.895000000000437,0,0.0,3
2026-04-15 10:46:07,"0186 - Minonk, IL",Unlead,Minonk,IL,80.18240000000014,0,0.0,1
2026-04-15 10:46:07,"0187 - Chicago, IL",Diesel,Chicago,IL,0.0,0,0.0,3
2026-04-15 10:46:07,"0187 - Chicago, IL",Unlead,Chicago,IL,14.22400000000016,0,0.0,1
2026-04-15 10:46:07,"0203 - Rockford, IL",Diesel,Rockford,IL,0.0,0,0.0,1
2026-04-15 10:46:07,"0203 - Rockford, IL",Unlead,Rockford,IL,21.35900000000038,0,0.0,1
2026-04-15 10:46:07,"0205 - South Beloit, IL",Diesel,South Beloit,IL,0.0,0,0.0,3
2026-04-15 10:46:07,"0205 - South Beloit, IL",Unlead,South Beloit,IL,36.0,0,0.0,1
2026-04-15 10:46:07,"0206 - Winnebago, IL",Diesel,Winnebago,IL,0.0,0,0.0,1
2026-04-15 10:46:07,"0206 - Winnebago, IL",Unlead,Winnebago,IL,95.0,0,0.0,1
2026-04-15 10:46:07,"0209 - Oakdale, WI",Diesel,Oakdale,WI,44.0,0,0.0,3
2026-04-15 10:46:07,"0209 - Oakdale, WI",Unlead,Oakdale,WI,0.0,0,0.0,1
2026-04-15 10:46:07,"0210 - Rochelle, IL",Diesel,Rochelle,IL,21.0,0,0.0,3
2026-04-15 10:46:07,"0210 - Rochelle, IL",Unlead,Rochelle,IL,38.0,0,0.0,1
2026-04-15 10:46:07,"0211 - Loves Park, IL",Diesel,Loves Park,IL,50.0,0,0.0,1
2026-04-15 10:46:07,"0211 - Loves Park, IL",Unlead,Loves Park,IL,17.0,0,0.0,1
2026-04-15 10:46:07,"0225 - Princeton, IL",Diesel,Princeton,IL,323.0,0,0.0,4
2026-04-15 10:46:07,"0225 - Princeton, IL",Unlead,Princeton,IL,0.0,0,0.0,2
2026-04-15 10:46:07,"0226 - Greenwood, IN",Diesel,Greenwood,IN,67.0,0,0.0,2
2026-04-15 10:46:07,"0226 - Greenwood, IN",Unlead,Greenwood,IN,28.0,0,0.0,2
2026-04-15 10:46:07,"0235 - Hampshire, IL",Diesel,Hampshire,IL,127.0,0,0.0,2
2026-04-15 10:46:07,"0235 - Hampshire, IL",Unlead,Hampshire,IL,83.0,0,0.0,2
2026-04-15 10:46:07,"0236 - East Troy, WI",Diesel,East Troy,WI,0.0,0,0.0,2
2026-04-15 10:46:07,"0236 - East Troy, WI",Unlead,East Troy,WI,6.0,0,0.0,1
2026-04-15 10:46:07,"0240 - Lake Station, IN",Diesel,Lake Station,IN,134.0,0,0.0,5
2026-04-15 10:46:07,"0240 - Lake Station, IN",Unlead,Lake Station,IN,58.0,0,0.0,2
2026-04-15 10:46:07,"0242 - St Robert, MO",Diesel,St Robert,MO,31.15900000000056,0,0.0,4
2026-04-15 10:46:07,"0263 - Ottawa, IL",Diesel,Ottawa,IL,132.0,0,0.0,3
2026-04-15 10:46:07,"0263 - Ottawa, IL",Unlead,Ottawa,IL,6.0,0,0.0,1
2026-04-15 10:46:07,"0265 - Dixon, IL",Diesel,Dixon,IL,209.83300000000236,0,0.0,3
2026-04-15 10:46:07,"0265 - Dixon, IL",Unlead,Dixon,IL,22.678199999999833,0,0.0,1
2026-04-15 10:46:07,"0266 - New Berlin, IL",Diesel,New Berlin,IL,0.0,0,0.0,3
2026-04-15 10:46:07,"0266 - New Berlin, IL",Unlead,New Berlin,IL,35.616399999998976,0,0.0,1
2026-04-15 10:46:07,"0267 - Pharr, TX",Diesel,Pharr,TX,138.0,3,5736.0,4
2026-04-15 10:46:07,"0267 - Pharr, TX",Unlead,Pharr,TX,3.0,0,0.0,1
2026-04-15 10:46:07,"0268 - Grayville, IL",Diesel,Grayville,IL,71.0,0,0.0,3
2026-04-15 10:46:07,"0268 - Grayville, IL",Unlead,Grayville,IL,28.0,0,0.0,1
2026-04-15 10:46:07,"0269 - Marshall, IL",Diesel,Marshall,IL,268.0,0,0.0,3
2026-04-15 10:46:07,"0269 - Marshall, IL",Unlead,Marshall,IL,15.0,0,0.0,1
2026-04-15 10:46:07,"0270 - Moore, TX",Diesel,Moore,TX,459.0,0,0.0,3
2026-04-15 10:46:07,"0270 - Moore, TX",Unlead,Moore,TX,30.0,0,0.0,1
2026-04-15 10:46:07,"0271 - Odessa, TX",Diesel,Odessa,TX,497.66100000000006,0,0.0,3
2026-04-15 10:46:07,"0271 - Odessa, TX",Unlead,Odessa,TX,80.15099999999984,0,0.0,1
2026-04-15 10:46:07,"0272 - Encinal, TX",Diesel,Encinal,TX,109.87499999999818,0,0.0,3
2026-04-15 10:46:07,"0272 - Encinal, TX",Unlead,Encinal,TX,55.340000000000146,0,0.0,1
2026-04-15 10:46:07,"0273 - Combes, TX",Diesel,Combes,TX,220.78700000000026,0,0.0,3
2026-04-15 10:46:07,"0273 - Combes, TX",Unlead,Combes,TX,87.10100000000057,0,0.0,1
2026-04-15 10:46:07,"0275 - Sonora, TX",Diesel,Sonora,TX,207.40900000000147,0,0.0,3
2026-04-15 10:46:07,"0275 - Sonora, TX",Unlead,Sonora,TX,31.90599999999904,0,0.0,1
2026-04-15 10:46:07,"0276 - Waco, TX",Diesel,Waco,TX,337.6743000000015,0,0.0,3
2026-04-15 10:46:07,"0276 - Waco, TX",Unlead,Waco,TX,16.69499999999971,0,0.0,1
2026-04-15 10:46:07,"0277 - New Boston, TX",Diesel,New Boston,TX,76.45700000000033,0,0.0,3
2026-04-15 10:46:07,"0277 - New Boston, TX",Unlead,New Boston,TX,37.61300000000119,0,0.0,1
2026-04-15 10:46:07,"0278 - Brinkley, AR",Diesel,Brinkley,AR,187.36399999999958,0,0.0,3
2026-04-15 10:46:07,"0278 - Brinkley, AR",Unlead,Brinkley,AR,22.191000000002532,0,0.0,1
2026-04-15 10:46:07,"0279 - Marion, IL",Diesel,Marion,IL,103.6140000000014,0,0.0,3
2026-04-15 10:46:07,"0279 - Marion, IL",Unlead,Marion,IL,115.42100000000028,0,0.0,1
2026-04-15 10:46:07,"0280 - Monahans, TX",Diesel,Monahans,TX,33.25980000000072,2,1586.2066999999997,3
2026-04-15 10:46:07,"0280 - Monahans, TX",Unlead,Monahans,TX,45.448999999998705,0,0.0,1
2026-04-15 10:46:07,"0281 - Cisco, TX",Diesel,Cisco,TX,151.6319999999996,0,0.0,3
2026-04-15 10:46:07,"0281 - Cisco, TX",Unlead,Cisco,TX,77.28100000000086,0,0.0,1
2026-04-15 10:46:07,"0282 - Gainesville, TX",Diesel,Gainesville,TX,47.16000000000167,0,0.0,3
2026-04-15 10:46:07,"0282 - Gainesville, TX",Unlead,Gainesville,TX,12.918999999999869,0,0.0,1
2026-04-15 10:46:07,"0283 - Sealy, TX",Diesel,Sealy,TX,0.0,0,0.0,3
2026-04-15 10:46:07,"0283 - Sealy, TX",Unlead,Sealy,TX,10.50799999999981,0,0.0,1
2026-04-15 10:46:07,"0284 - New Deal, TX",Diesel,New Deal,TX,6.334500000000844,0,0.0,3
2026-04-15 10:46:07,"0284 - New Deal, TX",Unlead,New Deal,TX,65.12700000000041,0,0.0,1
2026-04-15 10:46:07,"0285 - Seguin, TX",Diesel,Seguin,TX,383.1209999999992,0,0.0,3
2026-04-15 10:46:07,"0285 - Seguin, TX",Unlead,Seguin,TX,13.79870000000028,0,0.0,1
2026-04-15 10:46:07,"0286 - Amarillo, TX",Diesel,Amarillo,TX,0.0,0,0.0,3
2026-04-15 10:46:07,"0286 - Amarillo, TX",Unlead,Amarillo,TX,23.726999999998952,0,0.0,1
2026-04-15 10:46:07,"0287 - Burbonnais, IL",Diesel,Burbonnais,IL,0.0,0,0.0,3
2026-04-15 10:46:07,"0287 - Burbonnais, IL",Unlead,Burbonnais,IL,0.0,0,0.0,1
2026-04-15 10:46:07,"0289 - Teague, TX",Diesel,Teague,TX,196.9449999999997,0,0.0,3
2026-04-15 10:46:07,"0289 - Teague, TX",Unlead,Teague,TX,42.75799999999981,0,0.0,1
2026-04-15 10:46:07,"0290 - Joplin, MO",Diesel,Joplin,MO,0.0,0,0.0,3
2026-04-15 10:46:07,"0290 - Joplin, MO",Unlead,Joplin,MO,16.264000000001033,0,0.0,1
2026-04-15 10:46:07,"0312 - Vidor, TX",Diesel,Vidor,TX,54.64930000000004,0,0.0,3
2026-04-15 10:46:07,"0312 - Vidor, TX",Unlead,Vidor,TX,4.3840000000000146,0,0.0,1
2026-04-15 10:46:07,"0315 - Laredo, TX",Diesel,Laredo,TX,16.48199999999997,0,0.0,3
2026-04-15 10:46:07,"0315 - Laredo, TX",Unlead,Laredo,TX,2.980999999999767,0,0.0,1
2026-04-15 10:46:07,"0319 - Milford, TX",Diesel,Milford,TX,0.0,0,0.0,3
2026-04-15 10:46:07,"0319 - Milford, TX",Unlead,Milford,TX,28.558999999999287,0,0.0,1
2026-04-15 10:46:07,"0323 - Canton, TX",Diesel,Canton,TX,0.0,0,0.0,3
2026-04-15 10:46:07,"0323 - Canton, TX",Unlead,Canton,TX,41.3130000000001,0,0.0,1
2026-04-15 11:01:08,"0118 - Springfield, IL",Diesel,Springfield,IL,57.0,0,0.0,3
2026-04-15 11:01:08,"0118 - Springfield, IL",Unlead,Springfield,IL,10.0,0,0.0,1
2026-04-15 11:01:08,"0132 - Champaign, IL",Diesel,Champaign,IL,20.508700000000317,0,0.0,3
2026-04-15 11:01:08,"0132 - Champaign, IL",Unlead,Champaign,IL,86.53499999999985,0,0.0,1
2026-04-15 11:01:08,"0136 - Cottage Grove, WI",Diesel,Cottage Grove,WI,159.23799999999937,0,0.0,2
2026-04-15 11:01:08,"0136 - Cottage Grove, WI",Unlead,Cottage Grove,WI,3.569999999999709,0,0.0,1
2026-04-15 11:01:08,"0139 - Tuscola, IL",Diesel,Tuscola,IL,30.0,0,0.0,1
2026-04-15 11:01:08,"0139 - Tuscola, IL",Unlead,Tuscola,IL,30.0,0,0.0,2
2026-04-15 11:01:08,"0140 - Mendota, IL",Diesel,Mendota,IL,76.0,0,0.0,2
2026-04-15 11:01:08,"0140 - Mendota, IL",Unlead,Mendota,IL,24.0,0,0.0,2
2026-04-15 11:01:08,"0141 - Brazil, IN",Diesel,Brazil,IN,6.328700000000026,0,0.0,4
2026-04-15 11:01:08,"0141 - Brazil, IN",Unlead,Brazil,IN,20.0,0,0.0,1
2026-04-15 11:01:08,"0144 - Elk Run Height, IA",Diesel,Elk Run Height,IA,110.0,0,0.0,4
2026-04-15 11:01:08,"0144 - Elk Run Height, IA",Unlead,Elk Run Height,IA,39.90359999999964,0,0.0,2
2026-04-15 11:01:08,"0145 - Fenton, MO",Diesel,Fenton,MO,169.0,0,0.0,2
2026-04-15 11:01:08,"0145 - Fenton, MO",Unlead,Fenton,MO,8.0,0,0.0,1
2026-04-15 11:01:08,"0157 - Okawville, IL",Diesel,Okawville,IL,0.0,0,0.0,3
2026-04-15 11:01:08,"0157 - Okawville, IL",Unlead,Okawville,IL,25.944500000001426,0,0.0,1
2026-04-15 11:01:08,"0181 - Springfield, IL",Diesel,Springfield,IL,0.0,0,0.0,3
2026-04-15 11:01:08,"0181 - Springfield, IL",Unlead,Springfield,IL,16.149999999999636,0,0.0,1
2026-04-15 11:01:08,"0185 - McLean, IL",Diesel,McLean,IL,274.2019999999975,0,0.0,4
2026-04-15 11:01:08,"0185 - McLean, IL",Unlead,McLean,IL,25.174999999999272,0,0.0,1
2026-04-15 11:01:08,"0186 - Minonk, IL",Diesel,Minonk,IL,185.61699999999837,0,0.0,3
2026-04-15 11:01:08,"0186 - Minonk, IL",Unlead,Minonk,IL,45.96270000000004,0,0.0,1
2026-04-15 11:01:08,"0187 - Chicago, IL",Diesel,Chicago,IL,0.0,0,0.0,3
2026-04-15 11:01:08,"0187 - Chicago, IL",Unlead,Chicago,IL,19.08100000000013,0,0.0,1
2026-04-15 11:01:08,"0203 - Rockford, IL",Diesel,Rockford,IL,0.0,0,0.0,1
2026-04-15 11:01:08,"0203 - Rockford, IL",Unlead,Rockford,IL,13.230999999999767,0,0.0,1
2026-04-15 11:01:08,"0205 - South Beloit, IL",Diesel,South Beloit,IL,98.0,0,0.0,3
2026-04-15 11:01:08,"0205 - South Beloit, IL",Unlead,South Beloit,IL,45.0,0,0.0,1
2026-04-15 11:01:08,"0206 - Winnebago, IL",Diesel,Winnebago,IL,0.0,0,0.0,1
2026-04-15 11:01:08,"0206 - Winnebago, IL",Unlead,Winnebago,IL,91.0,0,0.0,1
2026-04-15 11:01:08,"0209 - Oakdale, WI",Diesel,Oakdale,WI,174.0,0,0.0,3
2026-04-15 11:01:08,"0209 - Oakdale, WI",Unlead,Oakdale,WI,0.0,0,0.0,1
2026-04-15 11:01:08,"0210 - Rochelle, IL",Diesel,Rochelle,IL,0.0,0,0.0,3
2026-04-15 11:01:08,"0210 - Rochelle, IL",Unlead,Rochelle,IL,7.0,0,0.0,1
2026-04-15 11:01:08,"0211 - Loves Park, IL",Diesel,Loves Park,IL,0.0,0,0.0,1
2026-04-15 11:01:08,"0211 - Loves Park, IL",Unlead,Loves Park,IL,27.0,0,0.0,1
2026-04-15 11:01:08,"0225 - Princeton, IL",Diesel,Princeton,IL,173.0,0,0.0,4
2026-04-15 11:01:08,"0225 - Princeton, IL",Unlead,Princeton,IL,3.0,0,0.0,2
2026-04-15 11:01:08,"0226 - Greenwood, IN",Diesel,Greenwood,IN,0.0,0,0.0,2
2026-04-15 11:01:08,"0226 - Greenwood, IN",Unlead,Greenwood,IN,29.0,0,0.0,2
2026-04-15 11:01:08,"0235 - Hampshire, IL",Diesel,Hampshire,IL,8.0,0,0.0,2
2026-04-15 11:01:08,"0235 - Hampshire, IL",Unlead,Hampshire,IL,36.0,0,0.0,2
2026-04-15 11:01:08,"0236 - East Troy, WI",Diesel,East Troy,WI,0.0,0,0.0,2
2026-04-15 11:01:08,"0236 - East Troy, WI",Unlead,East Troy,WI,13.0,0,0.0,1
2026-04-15 11:01:08,"0240 - Lake Station, IN",Diesel,Lake Station,IN,25.0,0,0.0,5
2026-04-15 11:01:08,"0240 - Lake Station, IN",Unlead,Lake Station,IN,23.0,0,0.0,2
2026-04-15 11:01:08,"0242 - St Robert, MO",Diesel,St Robert,MO,212.28499999999894,0,0.0,4
2026-04-15 11:01:08,"0263 - Ottawa, IL",Diesel,Ottawa,IL,48.0,0,0.0,3
2026-04-15 11:01:08,"0263 - Ottawa, IL",Unlead,Ottawa,IL,21.0,0,0.0,1
2026-04-15 11:01:08,"0265 - Dixon, IL",Diesel,Dixon,IL,68.93899999999849,0,0.0,3
2026-04-15 11:01:08,"0265 - Dixon, IL",Unlead,Dixon,IL,15.659400000000005,0,0.0,1
2026-04-15 11:01:08,"0266 - New Berlin, IL",Diesel,New Berlin,IL,0.0,0,0.0,3
2026-04-15 11:01:08,"0266 - New Berlin, IL",Unlead,New Berlin,IL,45.60660000000007,0,0.0,1
2026-04-15 11:01:08,"0267 - Pharr, TX",Diesel,Pharr,TX,249.0,1,1763.0,4
2026-04-15 11:01:08,"0267 - Pharr, TX",Unlead,Pharr,TX,0.0,0,0.0,1
2026-04-15 11:01:08,"0268 - Grayville, IL",Diesel,Grayville,IL,261.0,0,0.0,3
2026-04-15 11:01:08,"0268 - Grayville, IL",Unlead,Grayville,IL,74.0,0,0.0,1
2026-04-15 11:01:08,"0269 - Marshall, IL",Diesel,Marshall,IL,169.0,0,0.0,3
2026-04-15 11:01:08,"0269 - Marshall, IL",Unlead,Marshall,IL,0.0,0,0.0,1
2026-04-15 11:01:08,"0270 - Moore, TX",Diesel,Moore,TX,323.0,0,0.0,3
2026-04-15 11:01:08,"0270 - Moore, TX",Unlead,Moore,TX,54.0,0,0.0,1
2026-04-15 11:01:08,"0271 - Odessa, TX",Diesel,Odessa,TX,306.85599999999977,0,0.0,3
2026-04-15 11:01:08,"0271 - Odessa, TX",Unlead,Odessa,TX,36.83599999999933,0,0.0,1
2026-04-15 11:01:08,"0272 - Encinal, TX",Diesel,Encinal,TX,187.85599999999977,0,0.0,3
2026-04-15 11:01:08,"0272 - Encinal, TX",Unlead,Encinal,TX,22.35900000000038,0,0.0,1
2026-04-15 11:01:08,"0273 - Combes, TX",Diesel,Combes,TX,28.86199999999917,0,0.0,3
2026-04-15 11:01:08,"0273 - Combes, TX",Unlead,Combes,TX,29.086999999999534,0,0.0,1
2026-04-15 11:01:08,"0275 - Sonora, TX",Diesel,Sonora,TX,63.372999999997774,0,0.0,3
2026-04-15 11:01:08,"0275 - Sonora, TX",Unlead,Sonora,TX,97.7559999999994,0,0.0,1
2026-04-15 11:01:08,"0276 - Waco, TX",Diesel,Waco,TX,118.3897999999997,0,0.0,3
2026-04-15 11:01:08,"0276 - Waco, TX",Unlead,Waco,TX,10.692999999999302,0,0.0,1
2026-04-15 11:01:08,"0277 - New Boston, TX",Diesel,New Boston,TX,20.905000000000655,0,0.0,3
2026-04-15 11:01:08,"0277 - New Boston, TX",Unlead,New Boston,TX,0.0,0,0.0,1
2026-04-15 11:01:08,"0278 - Brinkley, AR",Diesel,Brinkley,AR,180.33200000000215,0,0.0,3
2026-04-15 11:01:08,"0278 - Brinkley, AR",Unlead,Brinkley,AR,32.08599999999933,0,0.0,1
2026-04-15 11:01:08,"0279 - Marion, IL",Diesel,Marion,IL,287.04099999999744,0,0.0,3
2026-04-15 11:01:08,"0279 - Marion, IL",Unlead,Marion,IL,120.878999999999,0,0.0,1
2026-04-15 11:01:08,"0280 - Monahans, TX",Diesel,Monahans,TX,52.375599999999395,2,5977.4698,3
2026-04-15 11:01:08,"0280 - Monahans, TX",Unlead,Monahans,TX,33.67400000000089,0,0.0,1
2026-04-15 11:01:08,"0281 - Cisco, TX",Diesel,Cisco,TX,0.0,0,0.0,3
2026-04-15 11:01:08,"0281 - Cisco, TX",Unlead,Cisco,TX,30.48399999999856,0,0.0,1
2026-04-15 11:01:08,"0282 - Gainesville, TX",Diesel,Gainesville,TX,224.03100000000086,0,0.0,3
2026-04-15 11:01:08,"0282 - Gainesville, TX",Unlead,Gainesville,TX,28.86700000000019,0,0.0,1
2026-04-15 11:01:08,"0283 - Sealy, TX",Diesel,Sealy,TX,205.20399999999972,0,0.0,3
2026-04-15 11:01:08,"0283 - Sealy, TX",Unlead,Sealy,TX,0.0,0,0.0,1
2026-04-15 11:01:08,"0284 - New Deal, TX",Diesel,New Deal,TX,20.100000000000364,0,0.0,3
2026-04-15 11:01:08,"0284 - New Deal, TX",Unlead,New Deal,TX,14.001999999998588,0,0.0,1
2026-04-15 11:01:08,"0285 - Seguin, TX",Diesel,Seguin,TX,126.35100000000057,0,0.0,3
2026-04-15 11:01:08,"0285 - Seguin, TX",Unlead,Seguin,TX,45.0,0,0.0,1
2026-04-15 11:01:08,"0286 - Amarillo, TX",Diesel,Amarillo,TX,30.639000000001033,1,1857.9519999999993,3
2026-04-15 11:01:08,"0286 - Amarillo, TX",Unlead,Amarillo,TX,0.0,0,0.0,1
2026-04-15 11:01:08,"0287 - Burbonnais, IL",Diesel,Burbonnais,IL,60.03099999999904,2,3028.1269999999986,3
2026-04-15 11:01:08,"0287 - Burbonnais, IL",Unlead,Burbonnais,IL,16.300999999999476,0,0.0,1
2026-04-15 11:01:08,"0289 - Teague, TX",Diesel,Teague,TX,205.64949999999953,0,0.0,3
2026-04-15 11:01:08,"0289 - Teague, TX",Unlead,Teague,TX,33.76100000000042,0,0.0,1
2026-04-15 11:01:08,"0290 - Joplin, MO",Diesel,Joplin,MO,16.838999999999942,0,0.0,3
2026-04-15 11:01:08,"0290 - Joplin, MO",Unlead,Joplin,MO,28.247999999999593,0,0.0,1
2026-04-15 11:01:08,"0312 - Vidor, TX",Diesel,Vidor,TX,239.20420000000104,0,0.0,3
2026-04-15 11:01:08,"0312 - Vidor, TX",Unlead,Vidor,TX,37.12300000000141,0,0.0,1
2026-04-15 11:01:08,"0315 - Laredo, TX",Diesel,Laredo,TX,127.64800000000105,0,0.0,3
2026-04-15 11:01:08,"0315 - Laredo, TX",Unlead,Laredo,TX,0.0,0,0.0,1
2026-04-15 11:01:08,"0319 - Milford, TX",Diesel,Milford,TX,61.99799999999959,0,0.0,3
2026-04-15 11:01:08,"0319 - Milford, TX",Unlead,Milford,TX,73.29500000000007,0,0.0,1
2026-04-15 11:01:08,"0323 - Canton, TX",Diesel,Canton,TX,0.0,2,890.6839999999993,3
2026-04-15 11:01:08,"0323 - Canton, TX",Unlead,Canton,TX,54.86499999999978,0,0.0,1
2026-04-15 11:16:09,"0118 - Springfield, IL",Diesel,Springfield,IL,25.0,0,0.0,3
2026-04-15 11:16:09,"0118 - Springfield, IL",Unlead,Springfield,IL,27.0,0,0.0,1
2026-04-15 11:16:09,"0132 - Champaign, IL",Diesel,Champaign,IL,0.0,0,0.0,3
2026-04-15 11:16:09,"0132 - Champaign, IL",Unlead,Champaign,IL,62.888999999999214,0,0.0,1
2026-04-15 11:16:09,"0136 - Cottage Grove, WI",Diesel,Cottage Grove,WI,185.0020000000004,0,0.0,2
2026-04-15 11:16:09,"0136 - Cottage Grove, WI",Unlead,Cottage Grove,WI,0.0,0,0.0,1
2026-04-15 11:16:09,"0139 - Tuscola, IL",Diesel,Tuscola,IL,127.0,0,0.0,1
2026-04-15 11:16:09,"0139 - Tuscola, IL",Unlead,Tuscola,IL,42.0,0,0.0,2
2026-04-15 11:16:09,"0140 - Mendota, IL",Diesel,Mendota,IL,0.0,0,0.0,2
2026-04-15 11:16:09,"0140 - Mendota, IL",Unlead,Mendota,IL,55.0,0,0.0,2
2026-04-15 11:16:09,"0141 - Brazil, IN",Diesel,Brazil,IN,0.0,0,0.0,4
2026-04-15 11:16:09,"0141 - Brazil, IN",Unlead,Brazil,IN,0.0,0,0.0,1
2026-04-15 11:16:09,"0144 - Elk Run Height, IA",Diesel,Elk Run Height,IA,159.0,0,0.0,4
2026-04-15 11:16:09,"0144 - Elk Run Height, IA",Unlead,Elk Run Height,IA,7.4101999999993495,0,0.0,2
2026-04-15 11:16:09,"0145 - Fenton, MO",Diesel,Fenton,MO,0.0,0,0.0,2
2026-04-15 11:16:09,"0145 - Fenton, MO",Unlead,Fenton,MO,13.0,0,0.0,1
2026-04-15 11:16:09,"0157 - Okawville, IL",Diesel,Okawville,IL,62.0,0,0.0,3
2026-04-15 11:16:09,"0157 - Okawville, IL",Unlead,Okawville,IL,31.99250000000029,0,0.0,1
2026-04-15 11:16:09,"0181 - Springfield, IL",Diesel,Springfield,IL,28.480000000001382,0,0.0,3
2026-04-15 11:16:09,"0181 - Springfield, IL",Unlead,Springfield,IL,12.49200000000019,0,0.0,1
2026-04-15 11:16:09,"0185 - McLean, IL",Diesel,McLean,IL,199.77200000000084,0,0.0,4
2026-04-15 11:16:09,"0185 - McLean, IL",Unlead,McLean,IL,77.63259999999991,0,0.0,1
2026-04-15 11:16:09,"0186 - Minonk, IL",Diesel,Minonk,IL,31.215000000003783,0,0.0,3
2026-04-15 11:16:09,"0186 - Minonk, IL",Unlead,Minonk,IL,5.844200000000001,0,0.0,1
2026-04-15 11:16:09,"0187 - Chicago, IL",Diesel,Chicago,IL,0.0,0,0.0,3
2026-04-15 11:16:09,"0187 - Chicago, IL",Unlead,Chicago,IL,25.34599999999955,0,0.0,1
2026-04-15 11:16:09,"0203 - Rockford, IL",Diesel,Rockford,IL,0.0,0,0.0,1
2026-04-15 11:16:09,"0203 - Rockford, IL",Unlead,Rockford,IL,45.564000000000306,0,0.0,1
2026-04-15 11:16:09,"0205 - South Beloit, IL",Diesel,South Beloit,IL,133.0,0,0.0,3
2026-04-15 11:16:09,"0205 - South Beloit, IL",Unlead,South Beloit,IL,5.0,0,0.0,1
2026-04-15 11:16:09,"0206 - Winnebago, IL",Diesel,Winnebago,IL,0.0,0,0.0,1
2026-04-15 11:16:09,"0206 - Winnebago, IL",Unlead,Winnebago,IL,27.0,0,0.0,1
2026-04-15 11:16:09,"0209 - Oakdale, WI",Diesel,Oakdale,WI,352.0,0,0.0,3
2026-04-15 11:16:09,"0209 - Oakdale, WI",Unlead,Oakdale,WI,19.0,0,0.0,1
2026-04-15 11:16:09,"0210 - Rochelle, IL",Diesel,Rochelle,IL,0.0,0,0.0,3
2026-04-15 11:16:09,"0210 - Rochelle, IL",Unlead,Rochelle,IL,30.0,0,0.0,1
2026-04-15 11:16:09,"0211 - Loves Park, IL",Diesel,Loves Park,IL,0.0,0,0.0,1
2026-04-15 11:16:09,"0211 - Loves Park, IL",Unlead,Loves Park,IL,14.0,0,0.0,1
2026-04-15 11:16:09,"0225 - Princeton, IL",Diesel,Princeton,IL,136.0,0,0.0,4
2026-04-15 11:16:09,"0225 - Princeton, IL",Unlead,Princeton,IL,0.0,0,0.0,2
2026-04-15 11:16:09,"0226 - Greenwood, IN",Diesel,Greenwood,IN,239.0,0,0.0,2
2026-04-15 11:16:09,"0226 - Greenwood, IN",Unlead,Greenwood,IN,64.0,0,0.0,2
2026-04-15 11:16:09,"0235 - Hampshire, IL",Diesel,Hampshire,IL,0.0,0,0.0,2
2026-04-15 11:16:09,"0235 - Hampshire, IL",Unlead,Hampshire,IL,28.0,0,0.0,2
2026-04-15 11:16:09,"0236 - East Troy, WI",Diesel,East Troy,WI,0.0,0,0.0,2
2026-04-15 11:16:09,"0236 - East Troy, WI",Unlead,East Troy,WI,26.0,0,0.0,1
2026-04-15 11:16:09,"0240 - Lake Station, IN",Diesel,Lake Station,IN,224.0,0,0.0,5
2026-04-15 11:16:09,"0240 - Lake Station, IN",Unlead,Lake Station,IN,2.0,0,0.0,2
2026-04-15 11:16:09,"0242 - St Robert, MO",Diesel,St Robert,MO,29.14600000000064,0,0.0,4
2026-04-15 11:16:09,"0263 - Ottawa, IL",Diesel,Ottawa,IL,314.0,0,0.0,3
2026-04-15 11:16:09,"0263 - Ottawa, IL",Unlead,Ottawa,IL,41.0,0,0.0,1
2026-04-15 11:16:09,"0265 - Dixon, IL",Diesel,Dixon,IL,0.0,0,0.0,3
2026-04-15 11:16:09,"0265 - Dixon, IL",Unlead,Dixon,IL,16.757600000000366,0,0.0,1
2026-04-15 11:16:09,"0266 - New Berlin, IL",Diesel,New Berlin,IL,0.0,0,0.0,3
2026-04-15 11:16:09,"0266 - New Berlin, IL",Unlead,New Berlin,IL,21.81630000000041,0,0.0,1
2026-04-15 11:16:09,"0267 - Pharr, TX",Diesel,Pharr,TX,468.0,0,0.0,4
2026-04-15 11:16:09,"0267 - Pharr, TX",Unlead,Pharr,TX,42.0,0,0.0,1
2026-04-15 11:16:09,"0268 - Grayville, IL",Diesel,Grayville,IL,0.0,0,0.0,3
2026-04-15 11:16:09,"0268 - Grayville, IL",Unlead,Grayville,IL,42.0,0,0.0,1
2026-04-15 11:16:09,"0269 - Marshall, IL",Diesel,Marshall,IL,267.0,0,0.0,3
2026-04-15 11:16:09,"0269 - Marshall, IL",Unlead,Marshall,IL,5.0,0,0.0,1
2026-04-15 11:16:09,"0270 - Moore, TX",Diesel,Moore,TX,103.0,0,0.0,3
2026-04-15 11:16:09,"0270 - Moore, TX",Unlead,Moore,TX,59.0,0,0.0,1
2026-04-15 11:16:09,"0271 - Odessa, TX",Diesel,Odessa,TX,387.76000000000204,0,0.0,3
2026-04-15 11:16:09,"0271 - Odessa, TX",Unlead,Odessa,TX,17.09599999999955,0,0.0,1
2026-04-15 11:16:09,"0272 - Encinal, TX",Diesel,Encinal,TX,119.95050000000083,0,0.0,3
2026-04-15 11:16:09,"0272 - Encinal, TX",Unlead,Encinal,TX,48.157499999999345,0,0.0,1
2026-04-15 11:16:09,"0273 - Combes, TX",Diesel,Combes,TX,123.39699999999903,0,0.0,3
2026-04-15 11:16:09,"0273 - Combes, TX",Unlead,Combes,TX,81.02800000000025,0,0.0,1
2026-04-15 11:16:09,"0275 - Sonora, TX",Diesel,Sonora,TX,103.73800000000301,0,0.0,3
2026-04-15 11:16:09,"0275 - Sonora, TX",Unlead,Sonora,TX,45.47100000000137,0,0.0,1
2026-04-15 11:16:09,"0276 - Waco, TX",Diesel,Waco,TX,102.62209999999936,0,0.0,3
2026-04-15 11:16:09,"0276 - Waco, TX",Unlead,Waco,TX,18.38299999999981,0,0.0,1
2026-04-15 11:16:09,"0277 - New Boston, TX",Diesel,New Boston,TX,47.42399999999907,0,0.0,3
2026-04-15 11:16:09,"0277 - New Boston, TX",Unlead,New Boston,TX,8.203999999999724,0,0.0,1
2026-04-15 11:16:09,"0278 - Brinkley, AR",Diesel,Brinkley,AR,640.8494999999984,0,0.0,3
2026-04-15 11:16:09,"0278 - Brinkley, AR",Unlead,Brinkley,AR,73.03900000000067,0,0.0,1
2026-04-15 11:16:09,"0279 - Marion, IL",Diesel,Marion,IL,80.79700000000048,0,0.0,3
2026-04-15 11:16:09,"0279 - Marion, IL",Unlead,Marion,IL,164.79000000000087,0,0.0,1
2026-04-15 11:16:09,"0280 - Monahans, TX",Diesel,Monahans,TX,563.923499999999,0,0.0,3
2026-04-15 11:16:09,"0280 - Monahans, TX",Unlead,Monahans,TX,72.9989999999998,0,0.0,1
2026-04-15 11:16:09,"0281 - Cisco, TX",Diesel,Cisco,TX,382.9790000000012,0,0.0,3
2026-04-15 11:16:09,"0281 - Cisco, TX",Unlead,Cisco,TX,150.0,0,0.0,1
2026-04-15 11:16:09,"0282 - Gainesville, TX",Diesel,Gainesville,TX,146.09200000000055,0,0.0,3
2026-04-15 11:16:09,"0282 - Gainesville, TX",Unlead,Gainesville,TX,17.53399999999965,0,0.0,1
2026-04-15 11:16:09,"0283 - Sealy, TX",Diesel,Sealy,TX,0.0,0,0.0,3
2026-04-15 11:16:09,"0283 - Sealy, TX",Unlead,Sealy,TX,0.0,0,0.0,1
2026-04-15 11:16:09,"0284 - New Deal, TX",Diesel,New Deal,TX,95.75599999999758,0,0.0,3
2026-04-15 11:16:09,"0284 - New Deal, TX",Unlead,New Deal,TX,48.0619999999999,0,0.0,1
2026-04-15 11:16:09,"0285 - Seguin, TX",Diesel,Seguin,TX,152.39599999999882,0,0.0,3
2026-04-15 11:16:09,"0285 - Seguin, TX",Unlead,Seguin,TX,28.282000000000153,0,0.0,1
2026-04-15 11:16:09,"0286 - Amarillo, TX",Diesel,Amarillo,TX,796.0939999999991,0,0.0,3
2026-04-15 11:16:09,"0286 - Amarillo, TX",Unlead,Amarillo,TX,21.78400000000147,0,0.0,1
2026-04-15 11:16:09,"0287 - Burbonnais, IL",Diesel,Burbonnais,IL,11.438000000000102,2,4360.694000000001,3
2026-04-15 11:16:09,"0287 - Burbonnais, IL",Unlead,Burbonnais,IL,21.97900000000118,0,0.0,1
2026-04-15 11:16:09,"0289 - Teague, TX",Diesel,Teague,TX,15.824500000000626,0,0.0,3
2026-04-15 11:16:09,"0289 - Teague, TX",Unlead,Teague,TX,97.57899999999972,0,0.0,1
2026-04-15 11:16:09,"0290 - Joplin, MO",Diesel,Joplin,MO,0.0,0,0.0,3
2026-04-15 11:16:09,"0290 - Joplin, MO",Unlead,Joplin,MO,55.86800000000039,0,0.0,1
2026-04-15 11:16:09,"0312 - Vidor, TX",Diesel,Vidor,TX,334.4134000000013,0,0.0,3
2026-04-15 11:16:09,"0312 - Vidor, TX",Unlead,Vidor,TX,22.51800000000003,0,0.0,1
2026-04-15 11:16:09,"0315 - Laredo, TX",Diesel,Laredo,TX,38.57799999999952,0,0.0,3
2026-04-15 11:16:09,"0315 - Laredo, TX",Unlead,Laredo,TX,22.070999999999913,0,0.0,1
2026-04-15 11:16:09,"0319 - Milford, TX",Diesel,Milford,TX,66.97299999999996,0,0.0,3
2026-04-15 11:16:09,"0319 - Milford, TX",Unlead,Milford,TX,95.89500000000044,0,0.0,1
2026-04-15 11:16:09,"0323 - Canton, TX",Diesel,Canton,TX,0.0,2,7001.695,3
2026-04-15 11:16:09,"0323 - Canton, TX",Unlead,Canton,TX,31.89300000000003,0,0.0,1
2026-04-15 11:31:14,"0118 - Springfield, IL",Diesel,Springfield,IL,0.0,0,0.0,3
2026-04-15 11:31:14,"0118 - Springfield, IL",Unlead,Springfield,IL,45.0,0,0.0,1
2026-04-15 11:31:14,"0132 - Champaign, IL",Diesel,Champaign,IL,80.05099999999948,0,0.0,3
2026-04-15 11:31:14,"0132 - Champaign, IL",Unlead,Champaign,IL,94.08699999999953,0,0.0,1
2026-04-15 11:31:14,"0136 - Cottage Grove, WI",Diesel,Cottage Grove,WI,68.17399999999998,0,0.0,2
2026-04-15 11:31:14,"0136 - Cottage Grove, WI",Unlead,Cottage Grove,WI,0.0,0,0.0,1
2026-04-15 11:31:14,"0139 - Tuscola, IL",Diesel,Tuscola,IL,113.0,0,0.0,1
2026-04-15 11:31:14,"0139 - Tuscola, IL",Unlead,Tuscola,IL,52.0,0,0.0,2
2026-04-15 11:31:14,"0140 - Mendota, IL",Diesel,Mendota,IL,0.0,0,0.0,2
2026-04-15 11:31:14,"0140 - Mendota, IL",Unlead,Mendota,IL,26.0,0,0.0,2
2026-04-15 11:31:14,"0141 - Brazil, IN",Diesel,Brazil,IN,39.206600000000435,0,0.0,4
2026-04-15 11:31:14,"0141 - Brazil, IN",Unlead,Brazil,IN,8.0,0,0.0,1
2026-04-15 11:31:14,"0144 - Elk Run Height, IA",Diesel,Elk Run Height,IA,212.0,0,0.0,4
2026-04-15 11:31:14,"0144 - Elk Run Height, IA",Unlead,Elk Run Height,IA,58.89510000000064,0,0.0,2
2026-04-15 11:31:14,"0145 - Fenton, MO",Diesel,Fenton,MO,72.0,0,0.0,2
2026-04-15 11:31:14,"0145 - Fenton, MO",Unlead,Fenton,MO,89.0,0,0.0,1
2026-04-15 11:31:14,"0157 - Okawville, IL",Diesel,Okawville,IL,114.0,0,0.0,3
2026-04-15 11:31:14,"0157 - Okawville, IL",Unlead,Okawville,IL,69.46999999999935,0,0.0,1
2026-04-15 11:31:14,"0181 - Springfield, IL",Diesel,Springfield,IL,0.0,0,0.0,3
2026-04-15 11:31:14,"0181 - Springfield, IL",Unlead,Springfield,IL,64.89500000000044,0,0.0,1
2026-04-15 11:31:14,"0185 - McLean, IL",Diesel,McLean,IL,219.62500000000182,0,0.0,4
2026-04-15 11:31:14,"0185 - McLean, IL",Unlead,McLean,IL,38.770400000000336,0,0.0,1
2026-04-15 11:31:14,"0186 - Minonk, IL",Diesel,Minonk,IL,7.292999999999665,0,0.0,3
2026-04-15 11:31:14,"0186 - Minonk, IL",Unlead,Minonk,IL,29.875,0,0.0,1
2026-04-15 11:31:14,"0187 - Chicago, IL",Diesel,Chicago,IL,0.0,0,0.0,3
2026-04-15 11:31:14,"0187 - Chicago, IL",Unlead,Chicago,IL,10.530300000000352,0,0.0,1
2026-04-15 11:31:14,"0203 - Rockford, IL",Diesel,Rockford,IL,30.77599999999802,0,0.0,1
2026-04-15 11:31:14,"0203 - Rockford, IL",Unlead,Rockford,IL,56.95299999999952,0,0.0,1
2026-04-15 11:31:14,"0205 - South Beloit, IL",Diesel,South Beloit,IL,67.0,0,0.0,3
2026-04-15 11:31:14,"0205 - South Beloit, IL",Unlead,South Beloit,IL,119.0,0,0.0,1
2026-04-15 11:31:14,"0206 - Winnebago, IL",Diesel,Winnebago,IL,0.0,0,0.0,1
2026-04-15 11:31:14,"0206 - Winnebago, IL",Unlead,Winnebago,IL,85.0,0,0.0,1
2026-04-15 11:31:14,"0209 - Oakdale, WI",Diesel,Oakdale,WI,29.0,0,0.0,3
2026-04-15 11:31:14,"0209 - Oakdale, WI",Unlead,Oakdale,WI,8.0,0,0.0,1
2026-04-15 11:31:14,"0210 - Rochelle, IL",Diesel,Rochelle,IL,0.0,0,0.0,3
2026-04-15 11:31:14,"0210 - Rochelle, IL",Unlead,Rochelle,IL,79.0,0,0.0,1
2026-04-15 11:31:14,"0211 - Loves Park, IL",Diesel,Loves Park,IL,0.0,0,0.0,1
2026-04-15 11:31:14,"0211 - Loves Park, IL",Unlead,Loves Park,IL,52.0,0,0.0,1
2026-04-15 11:31:14,"0225 - Princeton, IL",Diesel,Princeton,IL,111.0,0,0.0,4
2026-04-15 11:31:14,"0225 - Princeton, IL",Unlead,Princeton,IL,8.0,0,0.0,2
2026-04-15 11:31:14,"0226 - Greenwood, IN",Diesel,Greenwood,IN,266.0,0,0.0,2
2026-04-15 11:31:14,"0226 - Greenwood, IN",Unlead,Greenwood,IN,18.0,0,0.0,2
2026-04-15 11:31:14,"0235 - Hampshire, IL",Diesel,Hampshire,IL,62.0,0,0.0,2
2026-04-15 11:31:14,"0235 - Hampshire, IL",Unlead,Hampshire,IL,14.0,0,0.0,2
2026-04-15 11:31:14,"0236 - East Troy, WI",Diesel,East Troy,WI,112.0,0,0.0,2
2026-04-15 11:31:14,"0236 - East Troy, WI",Unlead,East Troy,WI,10.0,0,0.0,1
2026-04-15 11:31:14,"0240 - Lake Station, IN",Diesel,Lake Station,IN,33.0,0,0.0,5
2026-04-15 11:31:14,"0240 - Lake Station, IN",Unlead,Lake Station,IN,0.0,0,0.0,2
2026-04-15 11:31:14,"0242 - St Robert, MO",Diesel,St Robert,MO,68.48799999999937,0,0.0,4
2026-04-15 11:31:14,"0263 - Ottawa, IL",Diesel,Ottawa,IL,338.0,0,0.0,3
2026-04-15 11:31:14,"0263 - Ottawa, IL",Unlead,Ottawa,IL,16.0,0,0.0,1
2026-04-15 11:31:14,"0265 - Dixon, IL",Diesel,Dixon,IL,38.84099999999853,0,0.0,3
2026-04-15 11:31:14,"0265 - Dixon, IL",Unlead,Dixon,IL,13.831299999999828,0,0.0,1
2026-04-15 11:31:14,"0266 - New Berlin, IL",Diesel,New Berlin,IL,0.0,0,0.0,3
2026-04-15 11:31:14,"0266 - New Berlin, IL",Unlead,New Berlin,IL,118.3146999999999,0,0.0,1
2026-04-15 11:31:14,"0267 - Pharr, TX",Diesel,Pharr,TX,388.0,0,0.0,4
2026-04-15 11:31:14,"0267 - Pharr, TX",Unlead,Pharr,TX,17.0,0,0.0,1
2026-04-15 11:31:14,"0268 - Grayville, IL",Diesel,Grayville,IL,169.0,0,0.0,3
2026-04-15 11:31:14,"0268 - Grayville, IL",Unlead,Grayville,IL,0.0,0,0.0,1
2026-04-15 11:31:14,"0269 - Marshall, IL",Diesel,Marshall,IL,25.0,0,0.0,3
2026-04-15 11:31:14,"0269 - Marshall, IL",Unlead,Marshall,IL,0.0,0,0.0,1
2026-04-15 11:31:14,"0270 - Moore, TX",Diesel,Moore,TX,67.0,0,0.0,3
2026-04-15 11:31:14,"0270 - Moore, TX",Unlead,Moore,TX,20.0,0,0.0,1
2026-04-15 11:31:14,"0271 - Odessa, TX",Diesel,Odessa,TX,384.4519999999975,0,0.0,3
2026-04-15 11:31:14,"0271 - Odessa, TX",Unlead,Odessa,TX,25.73700000000099,0,0.0,1
2026-04-15 11:31:14,"0272 - Encinal, TX",Diesel,Encinal,TX,48.19100000000071,0,0.0,3
2026-04-15 11:31:14,"0272 - Encinal, TX",Unlead,Encinal,TX,0.0,0,0.0,1
2026-04-15 11:31:14,"0273 - Combes, TX",Diesel,Combes,TX,5.511499999998705,0,0.0,3
2026-04-15 11:31:14,"0273 - Combes, TX",Unlead,Combes,TX,38.8179999999993,0,0.0,1
2026-04-15 11:31:14,"0275 - Sonora, TX",Diesel,Sonora,TX,74.4419999999991,0,0.0,3
2026-04-15 11:31:14,"0275 - Sonora, TX",Unlead,Sonora,TX,23.277000000000044,0,0.0,1
2026-04-15 11:31:14,"0276 - Waco, TX",Diesel,Waco,TX,155.71300000000042,1,921.4670000000006,3
2026-04-15 11:31:14,"0276 - Waco, TX",Unlead,Waco,TX,49.38000000000102,0,0.0,1
2026-04-15 11:31:14,"0277 - New Boston, TX",Diesel,New Boston,TX,0.0,0,0.0,3
2026-04-15 11:31:14,"0277 - New Boston, TX",Unlead,New Boston,TX,35.698999999998705,0,0.0,1
2026-04-15 11:31:14,"0278 - Brinkley, AR",Diesel,Brinkley,AR,442.33950000000004,0,0.0,3
2026-04-15 11:31:14,"0278 - Brinkley, AR",Unlead,Brinkley,AR,10.743999999998778,0,0.0,1
2026-04-15 11:31:14,"0279 - Marion, IL",Diesel,Marion,IL,7.668999999999869,0,0.0,3
2026-04-15 11:31:14,"0279 - Marion, IL",Unlead,Marion,IL,120.77499999999964,0,0.0,1
2026-04-15 11:31:14,"0280 - Monahans, TX",Diesel,Monahans,TX,439.6883000000016,0,0.0,3
2026-04-15 11:31:14,"0280 - Monahans, TX",Unlead,Monahans,TX,44.733000000000175,0,0.0,1
2026-04-15 11:31:14,"0281 - Cisco, TX",Diesel,Cisco,TX,0.0,0,0.0,3
2026-04-15 11:31:14,"0281 - Cisco, TX",Unlead,Cisco,TX,92.02300000000105,0,0.0,1
2026-04-15 11:31:14,"0282 - Gainesville, TX",Diesel,Gainesville,TX,82.47499999999854,0,0.0,3
2026-04-15 11:31:14,"0282 - Gainesville, TX",Unlead,Gainesville,TX,15.403000000000247,0,0.0,1
2026-04-15 11:31:14,"0283 - Sealy, TX",Diesel,Sealy,TX,109.83850000000166,0,0.0,3
2026-04-15 11:31:14,"0283 - Sealy, TX",Unlead,Sealy,TX,0.0,0,0.0,1
2026-04-15 11:31:14,"0284 - New Deal, TX",Diesel,New Deal,TX,27.36700000000019,0,0.0,3
2026-04-15 11:31:14,"0284 - New Deal, TX",Unlead,New Deal,TX,22.989000000001397,0,0.0,1
2026-04-15 11:31:14,"0285 - Seguin, TX",Diesel,Seguin,TX,272.3000000000011,0,0.0,3
2026-04-15 11:31:14,"0285 - Seguin, TX",Unlead,Seguin,TX,17.838299999999435,0,0.0,1
2026-04-15 11:31:14,"0286 - Amarillo, TX",Diesel,Amarillo,TX,113.80099999999948,0,0.0,3
2026-04-15 11:31:14,"0286 - Amarillo, TX",Unlead,Amarillo,TX,36.22549999999865,0,0.0,1
2026-04-15 11:31:14,"0287 - Burbonnais, IL",Diesel,Burbonnais,IL,11.040000000000873,0,0.0,3
2026-04-15 11:31:14,"0287 - Burbonnais, IL",Unlead,Burbonnais,IL,114.12099999999919,0,0.0,1
2026-04-15 11:31:14,"0289 - Teague, TX",Diesel,Teague,TX,402.02299999999923,0,0.0,3
2026-04-15 11:31:14,"0289 - Teague, TX",Unlead,Teague,TX,57.93299999999908,0,0.0,1
2026-04-15 11:31:14,"0290 - Joplin, MO",Diesel,Joplin,MO,0.0,0,0.0,3
2026-04-15 11:31:14,"0290 - Joplin, MO",Unlead,Joplin,MO,24.971999999999753,0,0.0,1
2026-04-15 11:31:14,"0312 - Vidor, TX",Diesel,Vidor,TX,248.14609999999902,0,0.0,3
2026-04-15 11:31:14,"0312 - Vidor, TX",Unlead,Vidor,TX,88.30400000000009,0,0.0,1
2026-04-15 11:31:14,"0315 - Laredo, TX",Diesel,Laredo,TX,91.86949999999888,0,0.0,3
2026-04-15 11:31:14,"0315 - Laredo, TX",Unlead,Laredo,TX,15.855000000001382,0,0.0,1
2026-04-15 11:31:14,"0319 - Milford, TX",Diesel,Milford,TX,22.92399999999907,0,0.0,3
2026-04-15 11:31:14,"0319 - Milford, TX",Unlead,Milford,TX,75.9439999999995,0,0.0,1
2026-04-15 11:31:14,"0323 - Canton, TX",Diesel,Canton,TX,0.0,0,0.0,3
2026-04-15 11:31:14,"0323 - Canton, TX",Unlead,Canton,TX,64.73400000000038,0,0.0,1
2026-04-15 11:46:19,"0118 - Springfield, IL",Diesel,Springfield,IL,0.0,0,0.0,3
2026-04-15 11:46:19,"0118 - Springfield, IL",Unlead,Springfield,IL,60.0,0,0.0,1
2026-04-15 11:46:19,"0132 - Champaign, IL",Diesel,Champaign,IL,348.6736000000001,0,0.0,3
2026-04-15 11:46:19,"0132 - Champaign, IL",Unlead,Champaign,IL,40.074500000000626,0,0.0,1
2026-04-15 11:46:19,"0136 - Cottage Grove, WI",Diesel,Cottage Grove,WI,217.53200000000015,0,0.0,2
2026-04-15 11:46:19,"0136 - Cottage Grove, WI",Unlead,Cottage Grove,WI,8.231999999999971,0,0.0,1
2026-04-15 11:46:19,"0139 - Tuscola, IL",Diesel,Tuscola,IL,166.0,0,0.0,1
2026-04-15 11:46:19,"0139 - Tuscola, IL",Unlead,Tuscola,IL,46.0,0,0.0,2
2026-04-15 11:46:19,"0140 - Mendota, IL",Diesel,Mendota,IL,0.0,0,0.0,2
2026-04-15 11:46:19,"0140 - Mendota, IL",Unlead,Mendota,IL,38.0,0,0.0,2
2026-04-15 11:46:19,"0141 - Brazil, IN",Diesel,Brazil,IN,0.0,0,0.0,4
2026-04-15 11:46:19,"0141 - Brazil, IN",Unlead,Brazil,IN,26.0,0,0.0,1
2026-04-15 11:46:19,"0144 - Elk Run Height, IA",Diesel,Elk Run Height,IA,50.0,0,0.0,4
2026-04-15 11:46:19,"0144 - Elk Run Height, IA",Unlead,Elk Run Height,IA,9.29779999999937,0,0.0,2
2026-04-15 11:46:19,"0145 - Fenton, MO",Diesel,Fenton,MO,0.0,0,0.0,2
2026-04-15 11:46:19,"0145 - Fenton, MO",Unlead,Fenton,MO,27.0,0,0.0,1
2026-04-15 11:46:19,"0157 - Okawville, IL",Diesel,Okawville,IL,63.0,0,0.0,3
2026-04-15 11:46:19,"0157 - Okawville, IL",Unlead,Okawville,IL,14.299999999999272,0,0.0,1
2026-04-15 11:46:19,"0181 - Springfield, IL",Diesel,Springfield,IL,105.08699999999953,0,0.0,3
2026-04-15 11:46:19,"0181 - Springfield, IL",Unlead,Springfield,IL,106.20000000000073,0,0.0,1
2026-04-15 11:46:19,"0185 - McLean, IL",Diesel,McLean,IL,314.71199999999953,0,0.0,4
2026-04-15 11:46:19,"0185 - McLean, IL",Unlead,McLean,IL,4.230999999999767,0,0.0,1
2026-04-15 11:46:19,"0186 - Minonk, IL",Diesel,Minonk,IL,0.0,0,0.0,3
2026-04-15 11:46:19,"0186 - Minonk, IL",Unlead,Minonk,IL,20.12649999999985,0,0.0,1
2026-04-15 11:46:19,"0187 - Chicago, IL",Diesel,Chicago,IL,0.0,0,0.0,3
2026-04-15 11:46:19,"0187 - Chicago, IL",Unlead,Chicago,IL,7.724100000000362,0,0.0,1
2026-04-15 11:46:19,"0203 - Rockford, IL",Diesel,Rockford,IL,0.0,0,0.0,1
2026-04-15 11:46:19,"0203 - Rockford, IL",Unlead,Rockford,IL,51.27100000000064,0,0.0,1
2026-04-15 11:46:19,"0205 - South Beloit, IL",Diesel,South Beloit,IL,325.0,0,0.0,3
2026-04-15 11:46:19,"0205 - South Beloit, IL",Unlead,South Beloit,IL,46.0,0,0.0,1
2026-04-15 11:46:19,"0206 - Winnebago, IL",Diesel,Winnebago,IL,0.0,0,0.0,1
2026-04-15 11:46:19,"0206 - Winnebago, IL",Unlead,Winnebago,IL,78.0,0,0.0,1
2026-04-15 11:46:19,"0209 - Oakdale, WI",Diesel,Oakdale,WI,243.0,0,0.0,3
2026-04-15 11:46:19,"0209 - Oakdale, WI",Unlead,Oakdale,WI,35.0,0,0.0,1
2026-04-15 11:46:19,"0210 - Rochelle, IL",Diesel,Rochelle,IL,0.0,0,0.0,3
2026-04-15 11:46:19,"0210 - Rochelle, IL",Unlead,Rochelle,IL,28.0,0,0.0,1
2026-04-15 11:46:19,"0211 - Loves Park, IL",Diesel,Loves Park,IL,0.0,0,0.0,1
2026-04-15 11:46:19,"0211 - Loves Park, IL",Unlead,Loves Park,IL,36.0,0,0.0,1
2026-04-15 11:46:19,"0225 - Princeton, IL",Diesel,Princeton,IL,297.0,0,0.0,4
2026-04-15 11:46:19,"0225 - Princeton, IL",Unlead,Princeton,IL,25.0,0,0.0,2
2026-04-15 11:46:19,"0226 - Greenwood, IN",Diesel,Greenwood,IN,95.0,0,0.0,2
2026-04-15 11:46:19,"0226 - Greenwood, IN",Unlead,Greenwood,IN,34.0,0,0.0,2
2026-04-15 11:46:19,"0235 - Hampshire, IL",Diesel,Hampshire,IL,0.0,0,0.0,2
2026-04-15 11:46:19,"0235 - Hampshire, IL",Unlead,Hampshire,IL,37.0,0,0.0,2
2026-04-15 11:46:19,"0236 - East Troy, WI",Diesel,East Troy,WI,0.0,0,0.0,2
2026-04-15 11:46:19,"0236 - East Troy, WI",Unlead,East Troy,WI,25.0,0,0.0,1
2026-04-15 11:46:19,"0240 - Lake Station, IN",Diesel,Lake Station,IN,182.0,0,0.0,5
2026-04-15 11:46:19,"0240 - Lake Station, IN",Unlead,Lake Station,IN,38.0,0,0.0,2
2026-04-15 11:46:19,"0242 - St Robert, MO",Diesel,St Robert,MO,82.05699999999979,0,0.0,4
2026-04-15 11:46:19,"0263 - Ottawa, IL",Diesel,Ottawa,IL,0.0,0,0.0,3
2026-04-15 11:46:19,"0263 - Ottawa, IL",Unlead,Ottawa,IL,31.0,0,0.0,1
2026-04-15 11:46:19,"0265 - Dixon, IL",Diesel,Dixon,IL,0.0,0,0.0,3
2026-04-15 11:46:19,"0265 - Dixon, IL",Unlead,Dixon,IL,33.60849999999982,0,0.0,1
2026-04-15 11:46:19,"0266 - New Berlin, IL",Diesel,New Berlin,IL,0.0,0,0.0,3
2026-04-15 11:46:19,"0266 - New Berlin, IL",Unlead,New Berlin,IL,50.068599999999606,0,0.0,1
2026-04-15 11:46:19,"0267 - Pharr, TX",Diesel,Pharr,TX,439.0,0,0.0,4
2026-04-15 11:46:19,"0267 - Pharr, TX",Unlead,Pharr,TX,15.0,0,0.0,1
2026-04-15 11:46:19,"0268 - Grayville, IL",Diesel,Grayville,IL,91.0,0,0.0,3
2026-04-15 11:46:19,"0268 - Grayville, IL",Unlead,Grayville,IL,41.0,0,0.0,1
2026-04-15 11:46:19,"0269 - Marshall, IL",Diesel,Marshall,IL,0.0,0,0.0,3
2026-04-15 11:46:19,"0269 - Marshall, IL",Unlead,Marshall,IL,0.0,0,0.0,1
2026-04-15 11:46:19,"0270 - Moore, TX",Diesel,Moore,TX,32.0,0,0.0,3
2026-04-15 11:46:19,"0270 - Moore, TX",Unlead,Moore,TX,43.0,0,0.0,1
2026-04-15 11:46:19,"0271 - Odessa, TX",Diesel,Odessa,TX,0.0,0,0.0,3
2026-04-15 11:46:19,"0271 - Odessa, TX",Unlead,Odessa,TX,33.97899999999936,0,0.0,1
2026-04-15 11:46:19,"0272 - Encinal, TX",Diesel,Encinal,TX,25.469999999999345,0,0.0,3
2026-04-15 11:46:19,"0272 - Encinal, TX",Unlead,Encinal,TX,72.07650000000103,0,0.0,1
2026-04-15 11:46:19,"0273 - Combes, TX",Diesel,Combes,TX,184.79650000000038,0,0.0,3
2026-04-15 11:46:19,"0273 - Combes, TX",Unlead,Combes,TX,67.77200000000084,0,0.0,1
2026-04-15 11:46:19,"0275 - Sonora, TX",Diesel,Sonora,TX,35.97899999999936,0,0.0,3
2026-04-15 11:46:19,"0275 - Sonora, TX",Unlead,Sonora,TX,59.21299999999974,0,0.0,1
2026-04-15 11:46:19,"0276 - Waco, TX",Diesel,Waco,TX,35.998600000000124,2,3847.0200000000004,3
2026-04-15 11:46:19,"0276 - Waco, TX",Unlead,Waco,TX,23.546000000000276,0,0.0,1
2026-04-15 11:46:19,"0277 - New Boston, TX",Diesel,New Boston,TX,150.42099999999846,0,0.0,3
2026-04-15 11:46:19,"0277 - New Boston, TX",Unlead,New Boston,TX,18.382000000001426,0,0.0,1
2026-04-15 11:46:19,"0278 - Brinkley, AR",Diesel,Brinkley,AR,128.60000000000036,0,0.0,3
2026-04-15 11:46:19,"0278 - Brinkley, AR",Unlead,Brinkley,AR,24.47899999999936,0,0.0,1
2026-04-15 11:46:19,"0279 - Marion, IL",Diesel,Marion,IL,31.59900000000198,0,0.0,3
2026-04-15 11:46:19,"0279 - Marion, IL",Unlead,Marion,IL,63.663000000000466,0,0.0,1
2026-04-15 11:46:19,"0280 - Monahans, TX",Diesel,Monahans,TX,145.15670000000136,0,0.0,3
2026-04-15 11:46:19,"0280 - Monahans, TX",Unlead,Monahans,TX,7.722999999999956,0,0.0,1
2026-04-15 11:46:19,"0281 - Cisco, TX",Diesel,Cisco,TX,180.3209999999999,0,0.0,3
2026-04-15 11:46:19,"0281 - Cisco, TX",Unlead,Cisco,TX,38.490999999999985,0,0.0,1
2026-04-15 11:46:19,"0282 - Gainesville, TX",Diesel,Gainesville,TX,87.12800000000243,0,0.0,3
2026-04-15 11:46:19,"0282 - Gainesville, TX",Unlead,Gainesville,TX,15.413000000000466,0,0.0,1
2026-04-15 11:46:19,"0283 - Sealy, TX",Diesel,Sealy,TX,61.837499999999636,0,0.0,3
2026-04-15 11:46:19,"0283 - Sealy, TX",Unlead,Sealy,TX,23.01299999999901,0,0.0,1
2026-04-15 11:46:19,"0284 - New Deal, TX",Diesel,New Deal,TX,13.91399999999885,0,0.0,3
2026-04-15 11:46:19,"0284 - New Deal, TX",Unlead,New Deal,TX,15.82799999999952,0,0.0,1
2026-04-15 11:46:19,"0285 - Seguin, TX",Diesel,Seguin,TX,78.42899999999827,0,0.0,3
2026-04-15 11:46:19,"0285 - Seguin, TX",Unlead,Seguin,TX,0.0,0,0.0,1
2026-04-15 11:46:19,"0286 - Amarillo, TX",Diesel,Amarillo,TX,0.0,0,0.0,3
2026-04-15 11:46:19,"0286 - Amarillo, TX",Unlead,Amarillo,TX,4.351500000000669,0,0.0,1
2026-04-15 11:46:19,"0287 - Burbonnais, IL",Diesel,Burbonnais,IL,8.602999999999156,0,0.0,3
2026-04-15 11:46:19,"0287 - Burbonnais, IL",Unlead,Burbonnais,IL,37.17900000000009,0,0.0,1
2026-04-15 11:46:19,"0289 - Teague, TX",Diesel,Teague,TX,282.1949999999997,0,0.0,3
2026-04-15 11:46:19,"0289 - Teague, TX",Unlead,Teague,TX,20.355000000001382,0,0.0,1
2026-04-15 11:46:19,"0290 - Joplin, MO",Diesel,Joplin,MO,0.0,0,0.0,3
2026-04-15 11:46:19,"0290 - Joplin, MO",Unlead,Joplin,MO,20.546000000000276,0,0.0,1
2026-04-15 11:46:19,"0312 - Vidor, TX",Diesel,Vidor,TX,566.3744999999999,0,0.0,3
2026-04-15 11:46:19,"0312 - Vidor, TX",Unlead,Vidor,TX,16.399999999999636,0,0.0,1
2026-04-15 11:46:19,"0315 - Laredo, TX",Diesel,Laredo,TX,50.787500000000364,0,0.0,3
2026-04-15 11:46:19,"0315 - Laredo, TX",Unlead,Laredo,TX,31.625,0,0.0,1
2026-04-15 11:46:19,"0319 - Milford, TX",Diesel,Milford,TX,246.5540000000001,0,0.0,3
2026-04-15 11:46:19,"0319 - Milford, TX",Unlead,Milford,TX,43.21800000000076,0,0.0,1
2026-04-15 11:46:19,"0323 - Canton, TX",Diesel,Canton,TX,10.442000000002736,0,0.0,3
2026-04-15 11:46:19,"0323 - Canton, TX",Unlead,Canton,TX,28.355999999999767,0,0.0,1
2026-04-15 12:01:20,"0118 - Springfield, IL",Diesel,Springfield,IL,60.0,0,0.0,3
2026-04-15 12:01:20,"0118 - Springfield, IL",Unlead,Springfield,IL,2.0,0,0.0,1
2026-04-15 12:01:20,"0132 - Champaign, IL",Diesel,Champaign,IL,160.95870000000014,0,0.0,3
2026-04-15 12:01:20,"0132 - Champaign, IL",Unlead,Champaign,IL,39.33549999999923,0,0.0,1
2026-04-15 12:01:20,"0136 - Cottage Grove, WI",Diesel,Cottage Grove,WI,271.1239999999989,0,0.0,2
2026-04-15 12:01:20,"0136 - Cottage Grove, WI",Unlead,Cottage Grove,WI,0.0,0,0.0,1
2026-04-15 12:01:20,"0139 - Tuscola, IL",Diesel,Tuscola,IL,0.0,0,0.0,1
2026-04-15 12:01:20,"0139 - Tuscola, IL",Unlead,Tuscola,IL,10.0,0,0.0,2
2026-04-15 12:01:20,"0140 - Mendota, IL",Diesel,Mendota,IL,18.0,0,0.0,2
2026-04-15 12:01:20,"0140 - Mendota, IL",Unlead,Mendota,IL,19.0,0,0.0,2
2026-04-15 12:01:20,"0141 - Brazil, IN",Diesel,Brazil,IN,12.900000000000546,2,269.58859999999913,4
2026-04-15 12:01:20,"0141 - Brazil, IN",Unlead,Brazil,IN,12.0,0,0.0,1
2026-04-15 12:01:20,"0144 - Elk Run Height, IA",Diesel,Elk Run Height,IA,40.0,2,5840.0,4
2026-04-15 12:01:20,"0144 - Elk Run Height, IA",Unlead,Elk Run Height,IA,9.838600000000042,0,0.0,2
2026-04-15 12:01:20,"0145 - Fenton, MO",Diesel,Fenton,MO,192.0,0,0.0,2
2026-04-15 12:01:20,"0145 - Fenton, MO",Unlead,Fenton,MO,0.0,0,0.0,1
2026-04-15 12:01:20,"0157 - Okawville, IL",Diesel,Okawville,IL,0.0,0,0.0,3
2026-04-15 12:01:20,"0157 - Okawville, IL",Unlead,Okawville,IL,31.66400000000067,0,0.0,1
2026-04-15 12:01:20,"0181 - Springfield, IL",Diesel,Springfield,IL,42.38999999999942,0,0.0,3
2026-04-15 12:01:20,"0181 - Springfield, IL",Unlead,Springfield,IL,40.71799999999894,0,0.0,1
2026-04-15 12:01:20,"0185 - McLean, IL",Diesel,McLean,IL,143.3030000000017,0,0.0,4
2026-04-15 12:01:20,"0185 - McLean, IL",Unlead,McLean,IL,59.80000000000018,0,0.0,1
2026-04-15 12:01:20,"0186 - Minonk, IL",Diesel,Minonk,IL,147.121000000001,0,0.0,3
2026-04-15 12:01:20,"0186 - Minonk, IL",Unlead,Minonk,IL,19.50579999999991,0,0.0,1
2026-04-15 12:01:20,"0187 - Chicago, IL",Diesel,Chicago,IL,141.0,0,0.0,3
2026-04-15 12:01:20,"0187 - Chicago, IL",Unlead,Chicago,IL,12.028399999999237,0,0.0,1
2026-04-15 12:01:20,"0203 - Rockford, IL",Diesel,Rockford,IL,0.0,0,0.0,1
2026-04-15 12:01:20,"0203 - Rockford, IL",Unlead,Rockford,IL,41.07899999999972,0,0.0,1
2026-04-15 12:01:20,"0205 - South Beloit, IL",Diesel,South Beloit,IL,67.0,0,0.0,3
2026-04-15 12:01:20,"0205 - South Beloit, IL",Unlead,South Beloit,IL,33.0,0,0.0,1
2026-04-15 12:01:20,"0206 - Winnebago, IL",Diesel,Winnebago,IL,0.0,0,0.0,1
2026-04-15 12:01:20,"0206 - Winnebago, IL",Unlead,Winnebago,IL,81.0,0,0.0,1
2026-04-15 12:01:20,"0209 - Oakdale, WI",Diesel,Oakdale,WI,134.0,0,0.0,3
2026-04-15 12:01:20,"0209 - Oakdale, WI",Unlead,Oakdale,WI,30.0,0,0.0,1
2026-04-15 12:01:20,"0210 - Rochelle, IL",Diesel,Rochelle,IL,138.0,0,0.0,3
2026-04-15 12:01:20,"0210 - Rochelle, IL",Unlead,Rochelle,IL,19.0,0,0.0,1
2026-04-15 12:01:20,"0211 - Loves Park, IL",Diesel,Loves Park,IL,22.0,0,0.0,1
2026-04-15 12:01:20,"0211 - Loves Park, IL",Unlead,Loves Park,IL,2.0,0,0.0,1
2026-04-15 12:01:20,"0225 - Princeton, IL",Diesel,Princeton,IL,42.0,0,0.0,4
2026-04-15 12:01:20,"0225 - Princeton, IL",Unlead,Princeton,IL,18.0,0,0.0,2
2026-04-15 12:01:20,"0226 - Greenwood, IN",Diesel,Greenwood,IN,0.0,0,0.0,2
2026-04-15 12:01:20,"0226 - Greenwood, IN",Unlead,Greenwood,IN,7.0,0,0.0,2
2026-04-15 12:01:20,"0235 - Hampshire, IL",Diesel,Hampshire,IL,91.0,0,0.0,2
2026-04-15 12:01:20,"0235 - Hampshire, IL",Unlead,Hampshire,IL,41.0,0,0.0,2
2026-04-15 12:01:20,"0236 - East Troy, WI",Diesel,East Troy,WI,172.0,0,0.0,2
2026-04-15 12:01:20,"0236 - East Troy, WI",Unlead,East Troy,WI,0.0,0,0.0,1
2026-04-15 12:01:20,"0240 - Lake Station, IN",Diesel,Lake Station,IN,329.0,0,0.0,5
2026-04-15 12:01:20,"0240 - Lake Station, IN",Unlead,Lake Station,IN,11.0,0,0.0,2
2026-04-15 12:01:20,"0242 - St Robert, MO",Diesel,St Robert,MO,71.68199999999979,0,0.0,4
2026-04-15 12:01:20,"0263 - Ottawa, IL",Diesel,Ottawa,IL,39.0,0,0.0,3
2026-04-15 12:01:20,"0263 - Ottawa, IL",Unlead,Ottawa,IL,50.0,0,0.0,1
2026-04-15 12:01:20,"0265 - Dixon, IL",Diesel,Dixon,IL,0.0,0,0.0,3
2026-04-15 12:01:20,"0265 - Dixon, IL",Unlead,Dixon,IL,0.0,0,0.0,1
2026-04-15 12:01:20,"0266 - New Berlin, IL",Diesel,New Berlin,IL,0.0,0,0.0,3
2026-04-15 12:01:20,"0266 - New Berlin, IL",Unlead,New Berlin,IL,42.81240000000071,0,0.0,1
2026-04-15 12:01:20,"0267 - Pharr, TX",Diesel,Pharr,TX,195.0,0,0.0,4
2026-04-15 12:01:20,"0267 - Pharr, TX",Unlead,Pharr,TX,30.0,0,0.0,1
2026-04-15 12:01:20,"0268 - Grayville, IL",Diesel,Grayville,IL,62.0,0,0.0,3
2026-04-15 12:01:20,"0268 - Grayville, IL",Unlead,Grayville,IL,7.0,0,0.0,1
2026-04-15 12:01:20,"0269 - Marshall, IL",Diesel,Marshall,IL,71.0,0,0.0,3
2026-04-15 12:01:20,"0269 - Marshall, IL",Unlead,Marshall,IL,35.0,0,0.0,1
2026-04-15 12:01:20,"0270 - Moore, TX",Diesel,Moore,TX,225.0,0,0.0,3
2026-04-15 12:01:20,"0270 - Moore, TX",Unlead,Moore,TX,28.0,0,0.0,1
2026-04-15 12:01:20,"0271 - Odessa, TX",Diesel,Odessa,TX,310.0460000000003,0,0.0,3
2026-04-15 12:01:20,"0271 - Odessa, TX",Unlead,Odessa,TX,50.784999999999854,0,0.0,1
2026-04-15 12:01:20,"0272 - Encinal, TX",Diesel,Encinal,TX,13.7450000000008,0,0.0,3
2026-04-15 12:01:20,"0272 - Encinal, TX",Unlead,Encinal,TX,9.902500000000146,0,0.0,1
2026-04-15 12:01:20,"0273 - Combes, TX",Diesel,Combes,TX,38.92500000000109,0,0.0,3
2026-04-15 12:01:20,"0273 - Combes, TX",Unlead,Combes,TX,61.93499999999949,0,0.0,1
2026-04-15 12:01:20,"0275 - Sonora, TX",Diesel,Sonora,TX,37.56200000000172,0,0.0,3
2026-04-15 12:01:20,"0275 - Sonora, TX",Unlead,Sonora,TX,82.70399999999972,0,0.0,1
2026-04-15 12:01:20,"0276 - Waco, TX",Diesel,Waco,TX,306.91379999999936,1,2289.263999999999,3
2026-04-15 12:01:20,"0276 - Waco, TX",Unlead,Waco,TX,32.6299999999992,0,0.0,1
2026-04-15 12:01:20,"0277 - New Boston, TX",Diesel,New Boston,TX,44.199000000000524,0,0.0,3
2026-04-15 12:01:20,"0277 - New Boston, TX",Unlead,New Boston,TX,53.95899999999892,0,0.0,1
2026-04-15 12:01:20,"0278 - Brinkley, AR",Diesel,Brinkley,AR,458.86699999999837,0,0.0,3
2026-04-15 12:01:20,"0278 - Brinkley, AR",Unlead,Brinkley,AR,78.5,0,0.0,1
2026-04-15 12:01:20,"0279 - Marion, IL",Diesel,Marion,IL,28.234999999998763,0,0.0,3
2026-04-15 12:01:20,"0279 - Marion, IL",Unlead,Marion,IL,121.79500000000007,0,0.0,1
2026-04-15 12:01:20,"0280 - Monahans, TX",Diesel,Monahans,TX,99.0044999999991,0,0.0,3
2026-04-15 12:01:20,"0280 - Monahans, TX",Unlead,Monahans,TX,54.7549999999992,0,0.0,1
2026-04-15 12:01:20,"0281 - Cisco, TX",Diesel,Cisco,TX,496.4929999999986,0,0.0,3
2026-04-15 12:01:20,"0281 - Cisco, TX",Unlead,Cisco,TX,11.30199999999968,0,0.0,1
2026-04-15 12:01:20,"0282 - Gainesville, TX",Diesel,Gainesville,TX,75.54999999999927,0,0.0,3
2026-04-15 12:01:20,"0282 - Gainesville, TX",Unlead,Gainesville,TX,12.277000000000044,0,0.0,1
2026-04-15 12:01:20,"0283 - Sealy, TX",Diesel,Sealy,TX,95.97099999999955,0,0.0,3
2026-04-15 12:01:20,"0283 - Sealy, TX",Unlead,Sealy,TX,36.16700000000128,0,0.0,1
2026-04-15 12:01:20,"0284 - New Deal, TX",Diesel,New Deal,TX,0.0,0,0.0,3
2026-04-15 12:01:20,"0284 - New Deal, TX",Unlead,New Deal,TX,53.88600000000042,0,0.0,1
2026-04-15 12:01:20,"0285 - Seguin, TX",Diesel,Seguin,TX,427.65500000000065,0,0.0,3
2026-04-15 12:01:20,"0285 - Seguin, TX",Unlead,Seguin,TX,32.6908999999996,0,0.0,1
2026-04-15 12:01:20,"0286 - Amarillo, TX",Diesel,Amarillo,TX,0.0,0,0.0,3
2026-04-15 12:01:20,"0286 - Amarillo, TX",Unlead,Amarillo,TX,0.0,0,0.0,1
2026-04-15 12:01:20,"0287 - Burbonnais, IL",Diesel,Burbonnais,IL,0.0,0,0.0,3
2026-04-15 12:01:20,"0287 - Burbonnais, IL",Unlead,Burbonnais,IL,17.435999999999694,0,0.0,1
2026-04-15 12:01:20,"0289 - Teague, TX",Diesel,Teague,TX,287.58400000000074,0,0.0,3
2026-04-15 12:01:20,"0289 - Teague, TX",Unlead,Teague,TX,78.28299999999945,0,0.0,1
2026-04-15 12:01:20,"0290 - Joplin, MO",Diesel,Joplin,MO,0.0,0,0.0,3
2026-04-15 12:01:20,"0290 - Joplin, MO",Unlead,Joplin,MO,12.711999999999534,0,0.0,1
2026-04-15 12:01:20,"0312 - Vidor, TX",Diesel,Vidor,TX,127.45460000000003,0,0.0,3
2026-04-15 12:01:20,"0312 - Vidor, TX",Unlead,Vidor,TX,70.92699999999968,0,0.0,1
2026-04-15 12:01:20,"0315 - Laredo, TX",Diesel,Laredo,TX,291.2390000000014,0,0.0,3
2026-04-15 12:01:20,"0315 - Laredo, TX",Unlead,Laredo,TX,29.570999999999913,0,0.0,1
2026-04-15 12:01:20,"0319 - Milford, TX",Diesel,Milford,TX,76.50599999999758,0,0.0,3
2026-04-15 12:01:20,"0319 - Milford, TX",Unlead,Milford,TX,47.13699999999881,0,0.0,1
2026-04-15 12:01:20,"0323 - Canton, TX",Diesel,Canton,TX,12.33599999999933,0,0.0,3
2026-04-15 12:01:20,"0323 - Canton, TX",Unlead,Canton,TX,29.450000000000728,0,0.0,1
2026-04-15 12:16:25,"0118 - Springfield, IL",Diesel,Springfield,IL,267.0,0,0.0,3
2026-04-15 12:16:25,"0118 - Springfield, IL",Unlead,Springfield,IL,4.0,0,0.0,1
2026-04-15 12:16:25,"0132 - Champaign, IL",Diesel,Champaign,IL,0.0,0,0.0,3
2026-04-15 12:16:25,"0132 - Champaign, IL",Unlead,Champaign,IL,18.377000000000407,0,0.0,1
2026-04-15 12:16:25,"0136 - Cottage Grove, WI",Diesel,Cottage Grove,WI,41.337000000000444,0,0.0,2
2026-04-15 12:16:25,"0136 - Cottage Grove, WI",Unlead,Cottage Grove,WI,0.0,0,0.0,1
2026-04-15 12:16:25,"0139 - Tuscola, IL",Diesel,Tuscola,IL,211.0,0,0.0,1
2026-04-15 12:16:25,"0139 - Tuscola, IL",Unlead,Tuscola,IL,37.0,0,0.0,2
2026-04-15 12:16:25,"0140 - Mendota, IL",Diesel,Mendota,IL,0.0,0,0.0,2
2026-04-15 12:16:25,"0140 - Mendota, IL",Unlead,Mendota,IL,22.0,0,0.0,2
2026-04-15 12:16:25,"0141 - Brazil, IN",Diesel,Brazil,IN,0.0,4,7043.2389,4
2026-04-15 12:16:25,"0141 - Brazil, IN",Unlead,Brazil,IN,5.0,0,0.0,1
2026-04-15 12:16:25,"0144 - Elk Run Height, IA",Diesel,Elk Run Height,IA,480.0,2,1868.0,4
2026-04-15 12:16:25,"0144 - Elk Run Height, IA",Unlead,Elk Run Height,IA,57.67449999999917,0,0.0,2
2026-04-15 12:16:25,"0145 - Fenton, MO",Diesel,Fenton,MO,88.0,0,0.0,2
2026-04-15 12:16:25,"0145 - Fenton, MO",Unlead,Fenton,MO,14.0,0,0.0,1
2026-04-15 12:16:25,"0157 - Okawville, IL",Diesel,Okawville,IL,0.0,0,0.0,3
2026-04-15 12:16:25,"0157 - Okawville, IL",Unlead,Okawville,IL,20.92200000000048,0,0.0,1
2026-04-15 12:16:25,"0181 - Springfield, IL",Diesel,Springfield,IL,38.14600000000064,0,0.0,3
2026-04-15 12:16:25,"0181 - Springfield, IL",Unlead,Springfield,IL,40.01649999999972,0,0.0,1
2026-04-15 12:16:25,"0185 - McLean, IL",Diesel,McLean,IL,272.65499999999884,0,0.0,4
2026-04-15 12:16:25,"0185 - McLean, IL",Unlead,McLean,IL,33.49260000000049,0,0.0,1
2026-04-15 12:16:25,"0186 - Minonk, IL",Diesel,Minonk,IL,86.90149999999994,0,0.0,3
2026-04-15 12:16:25,"0186 - Minonk, IL",Unlead,Minonk,IL,27.701900000000023,0,0.0,1
2026-04-15 12:16:25,"0187 - Chicago, IL",Diesel,Chicago,IL,64.0,0,0.0,3
2026-04-15 12:16:25,"0187 - Chicago, IL",Unlead,Chicago,IL,29.42960000000039,0,0.0,1
2026-04-15 12:16:25,"0203 - Rockford, IL",Diesel,Rockford,IL,0.0,0,0.0,1
2026-04-15 12:16:25,"0203 - Rockford, IL",Unlead,Rockford,IL,16.72899999999936,0,0.0,1
2026-04-15 12:16:25,"0205 - South Beloit, IL",Diesel,South Beloit,IL,0.0,0,0.0,3
2026-04-15 12:16:25,"0205 - South Beloit, IL",Unlead,South Beloit,IL,105.0,0,0.0,1
2026-04-15 12:16:25,"0206 - Winnebago, IL",Diesel,Winnebago,IL,0.0,0,0.0,1
2026-04-15 12:16:25,"0206 - Winnebago, IL",Unlead,Winnebago,IL,84.0,0,0.0,1
2026-04-15 12:16:25,"0209 - Oakdale, WI",Diesel,Oakdale,WI,0.0,0,0.0,3
2026-04-15 12:16:25,"0209 - Oakdale, WI",Unlead,Oakdale,WI,11.0,0,0.0,1
2026-04-15 12:16:25,"0210 - Rochelle, IL",Diesel,Rochelle,IL,0.0,0,0.0,3
2026-04-15 12:16:25,"0210 - Rochelle, IL",Unlead,Rochelle,IL,23.0,0,0.0,1
2026-04-15 12:16:25,"0211 - Loves Park, IL",Diesel,Loves Park,IL,0.0,0,0.0,1
2026-04-15 12:16:25,"0211 - Loves Park, IL",Unlead,Loves Park,IL,20.0,0,0.0,1
2026-04-15 12:16:25,"0225 - Princeton, IL",Diesel,Princeton,IL,36.0,0,0.0,4
2026-04-15 12:16:25,"0225 - Princeton, IL",Unlead,Princeton,IL,40.0,0,0.0,2
2026-04-15 12:16:25,"0226 - Greenwood, IN",Diesel,Greenwood,IN,96.0,0,0.0,2
2026-04-15 12:16:25,"0226 - Greenwood, IN",Unlead,Greenwood,IN,0.0,0,0.0,2
2026-04-15 12:16:25,"0235 - Hampshire, IL",Diesel,Hampshire,IL,0.0,0,0.0,2
2026-04-15 12:16:25,"0235 - Hampshire, IL",Unlead,Hampshire,IL,44.0,0,0.0,2
2026-04-15 12:16:25,"0236 - East Troy, WI",Diesel,East Troy,WI,24.0,0,0.0,2
2026-04-15 12:16:25,"0236 - East Troy, WI",Unlead,East Troy,WI,3.0,0,0.0,1
2026-04-15 12:16:25,"0240 - Lake Station, IN",Diesel,Lake Station,IN,21.0,0,0.0,5
2026-04-15 12:16:25,"0240 - Lake Station, IN",Unlead,Lake Station,IN,8.0,0,0.0,2
2026-04-15 12:16:25,"0242 - St Robert, MO",Diesel,St Robert,MO,42.76600000000144,0,0.0,4
2026-04-15 12:16:25,"0263 - Ottawa, IL",Diesel,Ottawa,IL,98.0,0,0.0,3
2026-04-15 12:16:25,"0263 - Ottawa, IL",Unlead,Ottawa,IL,18.0,0,0.0,1
2026-04-15 12:16:25,"0265 - Dixon, IL",Diesel,Dixon,IL,26.356000000001586,0,0.0,3
2026-04-15 12:16:25,"0265 - Dixon, IL",Unlead,Dixon,IL,0.0,0,0.0,1
2026-04-15 12:16:25,"0266 - New Berlin, IL",Diesel,New Berlin,IL,127.0,0,0.0,3
2026-04-15 12:16:25,"0266 - New Berlin, IL",Unlead,New Berlin,IL,90.72299999999996,0,0.0,1
2026-04-15 12:16:25,"0267 - Pharr, TX",Diesel,Pharr,TX,366.0,0,0.0,4
2026-04-15 12:16:25,"0267 - Pharr, TX",Unlead,Pharr,TX,0.0,0,0.0,1
2026-04-15 12:16:25,"0268 - Grayville, IL",Diesel,Grayville,IL,224.0,0,0.0,3
2026-04-15 12:16:25,"0268 - Grayville, IL",Unlead,Grayville,IL,40.0,0,0.0,1
2026-04-15 12:16:25,"0269 - Marshall, IL",Diesel,Marshall,IL,503.0,0,0.0,3
2026-04-15 12:16:25,"0269 - Marshall, IL",Unlead,Marshall,IL,22.0,0,0.0,1
2026-04-15 12:16:25,"0270 - Moore, TX",Diesel,Moore,TX,312.0,0,0.0,3
2026-04-15 12:16:25,"0270 - Moore, TX",Unlead,Moore,TX,50.0,0,0.0,1
2026-04-15 12:16:25,"0271 - Odessa, TX",Diesel,Odessa,TX,617.3990000000013,0,0.0,3
2026-04-15 12:16:25,"0271 - Odessa, TX",Unlead,Odessa,TX,32.21800000000076,0,0.0,1
2026-04-15 12:16:25,"0272 - Encinal, TX",Diesel,Encinal,TX,0.0,0,0.0,3
2026-04-15 12:16:25,"0272 - Encinal, TX",Unlead,Encinal,TX,24.483000000000175,0,0.0,1
2026-04-15 12:16:25,"0273 - Combes, TX",Diesel,Combes,TX,211.83899999999994,0,0.0,3
2026-04-15 12:16:25,"0273 - Combes, TX",Unlead,Combes,TX,131.96199999999953,0,0.0,1
2026-04-15 12:16:25,"0275 - Sonora, TX",Diesel,Sonora,TX,10.631999999999607,0,0.0,3
2026-04-15 12:16:25,"0275 - Sonora, TX",Unlead,Sonora,TX,65.47400000000016,0,0.0,1
2026-04-15 12:16:25,"0276 - Waco, TX",Diesel,Waco,TX,454.38300000000163,1,2907.813,3
2026-04-15 12:16:25,"0276 - Waco, TX",Unlead,Waco,TX,6.662000000000262,0,0.0,1
2026-04-15 12:16:25,"0277 - New Boston, TX",Diesel,New Boston,TX,0.0,0,0.0,3
2026-04-15 12:16:25,"0277 - New Boston, TX",Unlead,New Boston,TX,0.0,0,0.0,1
2026-04-15 12:16:25,"0278 - Brinkley, AR",Diesel,Brinkley,AR,201.7440000000006,0,0.0,3
2026-04-15 12:16:25,"0278 - Brinkley, AR",Unlead,Brinkley,AR,64.64400000000023,0,0.0,1
2026-04-15 12:16:25,"0279 - Marion, IL",Diesel,Marion,IL,11.39600000000064,0,0.0,3
2026-04-15 12:16:25,"0279 - Marion, IL",Unlead,Marion,IL,27.725000000000364,0,0.0,1
2026-04-15 12:16:25,"0280 - Monahans, TX",Diesel,Monahans,TX,35.72199999999975,0,0.0,3
2026-04-15 12:16:25,"0280 - Monahans, TX",Unlead,Monahans,TX,12.302999999999884,0,0.0,1
2026-04-15 12:16:25,"0281 - Cisco, TX",Diesel,Cisco,TX,188.3090000000011,0,0.0,3
2026-04-15 12:16:25,"0281 - Cisco, TX",Unlead,Cisco,TX,7.4869999999991705,0,0.0,1
2026-04-15 12:16:25,"0282 - Gainesville, TX",Diesel,Gainesville,TX,81.88700000000063,0,0.0,3
2026-04-15 12:16:25,"0282 - Gainesville, TX",Unlead,Gainesville,TX,34.58150000000023,0,0.0,1
2026-04-15 12:16:25,"0283 - Sealy, TX",Diesel,Sealy,TX,275.174500000001,0,0.0,3
2026-04-15 12:16:25,"0283 - Sealy, TX",Unlead,Sealy,TX,18.013999999999214,0,0.0,1
2026-04-15 12:16:25,"0284 - New Deal, TX",Diesel,New Deal,TX,29.61199999999917,0,0.0,3
2026-04-15 12:16:25,"0284 - New Deal, TX",Unlead,New Deal,TX,102.23499999999876,0,0.0,1
2026-04-15 12:16:25,"0285 - Seguin, TX",Diesel,Seguin,TX,361.3089999999993,0,0.0,3
2026-04-15 12:16:25,"0285 - Seguin, TX",Unlead,Seguin,TX,33.77260000000024,0,0.0,1
2026-04-15 12:16:25,"0286 - Amarillo, TX",Diesel,Amarillo,TX,125.82400000000052,0,0.0,3
2026-04-15 12:16:25,"0286 - Amarillo, TX",Unlead,Amarillo,TX,16.756999999999607,0,0.0,1
2026-04-15 12:16:25,"0287 - Burbonnais, IL",Diesel,Burbonnais,IL,0.0,0,0.0,3
2026-04-15 12:16:25,"0287 - Burbonnais, IL",Unlead,Burbonnais,IL,39.00300000000061,0,0.0,1
2026-04-15 12:16:25,"0289 - Teague, TX",Diesel,Teague,TX,210.82900000000154,0,0.0,3
2026-04-15 12:16:25,"0289 - Teague, TX",Unlead,Teague,TX,67.6239999999998,0,0.0,1
2026-04-15 12:16:25,"0290 - Joplin, MO",Diesel,Joplin,MO,179.76060000000052,0,0.0,3
2026-04-15 12:16:25,"0290 - Joplin, MO",Unlead,Joplin,MO,44.03299999999945,0,0.0,1
2026-04-15 12:16:25,"0312 - Vidor, TX",Diesel,Vidor,TX,36.94709999999941,0,0.0,3
2026-04-15 12:16:25,"0312 - Vidor, TX",Unlead,Vidor,TX,18.709000000000742,0,0.0,1
2026-04-15 12:16:25,"0315 - Laredo, TX",Diesel,Laredo,TX,292.3240000000005,0,0.0,3
2026-04-15 12:16:25,"0315 - Laredo, TX",Unlead,Laredo,TX,64.70299999999952,0,0.0,1
2026-04-15 12:16:25,"0319 - Milford, TX",Diesel,Milford,TX,35.58399999999892,0,0.0,3
2026-04-15 12:16:25,"0319 - Milford, TX",Unlead,Milford,TX,16.81800000000112,0,0.0,1
2026-04-15 12:16:25,"0323 - Canton, TX",Diesel,Canton,TX,0.0,0,0.0,3
2026-04-15 12:16:25,"0323 - Canton, TX",Unlead,Canton,TX,10.336999999999534,0,0.0,1
2026-04-15 12:31:27,"0118 - Springfield, IL",Diesel,Springfield,IL,0.0,0,0.0,3
2026-04-15 12:31:27,"0118 - Springfield, IL",Unlead,Springfield,IL,26.0,0,0.0,1
2026-04-15 12:31:27,"0132 - Champaign, IL",Diesel,Champaign,IL,97.40200000000004,0,0.0,3
2026-04-15 12:31:27,"0132 - Champaign, IL",Unlead,Champaign,IL,47.28600000000006,0,0.0,1
2026-04-15 12:31:27,"0136 - Cottage Grove, WI",Diesel,Cottage Grove,WI,250.38700000000063,0,0.0,2
2026-04-15 12:31:27,"0136 - Cottage Grove, WI",Unlead,Cottage Grove,WI,4.479999999999563,0,0.0,1
2026-04-15 12:31:27,"0139 - Tuscola, IL",Diesel,Tuscola,IL,120.0,0,0.0,1
2026-04-15 12:31:27,"0139 - Tuscola, IL",Unlead,Tuscola,IL,24.0,0,0.0,2
2026-04-15 12:31:27,"0140 - Mendota, IL",Diesel,Mendota,IL,0.0,0,0.0,2
2026-04-15 12:31:27,"0140 - Mendota, IL",Unlead,Mendota,IL,34.0,0,0.0,2
2026-04-15 12:31:27,"0141 - Brazil, IN",Diesel,Brazil,IN,823.5176999999994,2,699.6649000000007,4
2026-04-15 12:31:27,"0141 - Brazil, IN",Unlead,Brazil,IN,8.0,0,0.0,1
2026-04-15 12:31:27,"0144 - Elk Run Height, IA",Diesel,Elk Run Height,IA,344.0,1,190.0,4
2026-04-15 12:31:27,"0144 - Elk Run Height, IA",Unlead,Elk Run Height,IA,26.244000000000597,0,0.0,2
2026-04-15 12:31:27,"0145 - Fenton, MO",Diesel,Fenton,MO,90.0,0,0.0,2
2026-04-15 12:31:27,"0145 - Fenton, MO",Unlead,Fenton,MO,32.0,0,0.0,1
2026-04-15 12:31:27,"0157 - Okawville, IL",Diesel,Okawville,IL,0.0,0,0.0,3
2026-04-15 12:31:27,"0157 - Okawville, IL",Unlead,Okawville,IL,38.524999999999636,0,0.0,1
2026-04-15 12:31:27,"0181 - Springfield, IL",Diesel,Springfield,IL,44.07899999999972,0,0.0,3
2026-04-15 12:31:27,"0181 - Springfield, IL",Unlead,Springfield,IL,50.26350000000093,0,0.0,1
2026-04-15 12:31:27,"0185 - McLean, IL",Diesel,McLean,IL,218.63700000000063,0,0.0,4
2026-04-15 12:31:27,"0185 - McLean, IL",Unlead,McLean,IL,137.11669999999958,0,0.0,1
2026-04-15 12:31:27,"0186 - Minonk, IL",Diesel,Minonk,IL,160.64949999999772,0,0.0,3
2026-04-15 12:31:27,"0186 - Minonk, IL",Unlead,Minonk,IL,15.901299999999992,0,0.0,1
2026-04-15 12:31:27,"0187 - Chicago, IL",Diesel,Chicago,IL,81.0,0,0.0,3
2026-04-15 12:31:27,"0187 - Chicago, IL",Unlead,Chicago,IL,16.850099999999657,0,0.0,1
2026-04-15 12:31:27,"0203 - Rockford, IL",Diesel,Rockford,IL,0.0,0,0.0,1
2026-04-15 12:31:27,"0203 - Rockford, IL",Unlead,Rockford,IL,31.193999999999505,0,0.0,1
2026-04-15 12:31:27,"0205 - South Beloit, IL",Diesel,South Beloit,IL,0.0,0,0.0,3
2026-04-15 12:31:27,"0205 - South Beloit, IL",Unlead,South Beloit,IL,60.0,0,0.0,1
2026-04-15 12:31:27,"0206 - Winnebago, IL",Diesel,Winnebago,IL,0.0,0,0.0,1
2026-04-15 12:31:27,"0206 - Winnebago, IL",Unlead,Winnebago,IL,37.0,0,0.0,1
2026-04-15 12:31:27,"0209 - Oakdale, WI",Diesel,Oakdale,WI,30.0,0,0.0,3
2026-04-15 12:31:27,"0209 - Oakdale, WI",Unlead,Oakdale,WI,3.0,0,0.0,1
2026-04-15 12:31:27,"0210 - Rochelle, IL",Diesel,Rochelle,IL,100.0,0,0.0,3
2026-04-15 12:31:27,"0210 - Rochelle, IL",Unlead,Rochelle,IL,37.0,0,0.0,1
2026-04-15 12:31:27,"0211 - Loves Park, IL",Diesel,Loves Park,IL,70.0,0,0.0,1
2026-04-15 12:31:27,"0211 - Loves Park, IL",Unlead,Loves Park,IL,55.0,0,0.0,1
2026-04-15 12:31:27,"0225 - Princeton, IL",Diesel,Princeton,IL,193.0,0,0.0,4
2026-04-15 12:31:27,"0225 - Princeton, IL",Unlead,Princeton,IL,0.0,0,0.0,2
2026-04-15 12:31:27,"0226 - Greenwood, IN",Diesel,Greenwood,IN,28.0,0,0.0,2
2026-04-15 12:31:27,"0226 - Greenwood, IN",Unlead,Greenwood,IN,5.0,0,0.0,2
2026-04-15 12:31:27,"0235 - Hampshire, IL",Diesel,Hampshire,IL,135.0,0,0.0,2
2026-04-15 12:31:27,"0235 - Hampshire, IL",Unlead,Hampshire,IL,64.0,0,0.0,2
2026-04-15 12:31:27,"0236 - East Troy, WI",Diesel,East Troy,WI,0.0,0,0.0,2
2026-04-15 12:31:27,"0236 - East Troy, WI",Unlead,East Troy,WI,0.0,0,0.0,1
2026-04-15 12:31:27,"0240 - Lake Station, IN",Diesel,Lake Station,IN,192.0,0,0.0,5
2026-04-15 12:31:27,"0240 - Lake Station, IN",Unlead,Lake Station,IN,0.0,0,0.0,2
2026-04-15 12:31:27,"0242 - St Robert, MO",Diesel,St Robert,MO,75.76399999999921,0,0.0,4
2026-04-15 12:31:27,"0263 - Ottawa, IL",Diesel,Ottawa,IL,430.0,0,0.0,3
2026-04-15 12:31:27,"0263 - Ottawa, IL",Unlead,Ottawa,IL,12.0,0,0.0,1
2026-04-15 12:31:27,"0265 - Dixon, IL",Diesel,Dixon,IL,48.25300000000061,0,0.0,3
2026-04-15 12:31:27,"0265 - Dixon, IL",Unlead,Dixon,IL,0.0,0,0.0,1
2026-04-15 12:31:27,"0266 - New Berlin, IL",Diesel,New Berlin,IL,29.0,0,0.0,3
2026-04-15 12:31:27,"0266 - New Berlin, IL",Unlead,New Berlin,IL,24.432999999999993,0,0.0,1
2026-04-15 12:31:27,"0267 - Pharr, TX",Diesel,Pharr,TX,607.0,0,0.0,4
2026-04-15 12:31:27,"0267 - Pharr, TX",Unlead,Pharr,TX,49.0,0,0.0,1
2026-04-15 12:31:27,"0268 - Grayville, IL",Diesel,Grayville,IL,111.0,0,0.0,3
2026-04-15 12:31:27,"0268 - Grayville, IL",Unlead,Grayville,IL,45.0,0,0.0,1
2026-04-15 12:31:27,"0269 - Marshall, IL",Diesel,Marshall,IL,510.0,0,0.0,3
2026-04-15 12:31:27,"0269 - Marshall, IL",Unlead,Marshall,IL,21.0,0,0.0,1
2026-04-15 12:31:27,"0270 - Moore, TX",Diesel,Moore,TX,208.0,0,0.0,3
2026-04-15 12:31:27,"0270 - Moore, TX",Unlead,Moore,TX,31.0,0,0.0,1
2026-04-15 12:31:27,"0271 - Odessa, TX",Diesel,Odessa,TX,0.0,2,5098.748,3
2026-04-15 12:31:27,"0271 - Odessa, TX",Unlead,Odessa,TX,30.838999999999942,0,0.0,1
2026-04-15 12:31:27,"0272 - Encinal, TX",Diesel,Encinal,TX,162.91749999999956,0,0.0,3
2026-04-15 12:31:27,"0272 - Encinal, TX",Unlead,Encinal,TX,25.183999999999287,0,0.0,1
2026-04-15 12:31:27,"0273 - Combes, TX",Diesel,Combes,TX,58.32999999999993,0,0.0,3
2026-04-15 12:31:27,"0273 - Combes, TX",Unlead,Combes,TX,64.8070000000007,0,0.0,1
2026-04-15 12:31:27,"0275 - Sonora, TX",Diesel,Sonora,TX,267.6749999999993,0,0.0,3
2026-04-15 12:31:27,"0275 - Sonora, TX",Unlead,Sonora,TX,21.22899999999936,0,0.0,1
2026-04-15 12:31:27,"0276 - Waco, TX",Diesel,Waco,TX,372.0619999999981,1,4138.006,3
2026-04-15 12:31:27,"0276 - Waco, TX",Unlead,Waco,TX,19.14600000000064,0,0.0,1
2026-04-15 12:31:27,"0277 - New Boston, TX",Diesel,New Boston,TX,446.5709999999981,0,0.0,3
2026-04-15 12:31:27,"0277 - New Boston, TX",Unlead,New Boston,TX,61.1309999999994,0,0.0,1
2026-04-15 12:31:27,"0278 - Brinkley, AR",Diesel,Brinkley,AR,177.41300000000047,0,0.0,3
2026-04-15 12:31:27,"0278 - Brinkley, AR",Unlead,Brinkley,AR,49.4320000000007,0,0.0,1
2026-04-15 12:31:27,"0279 - Marion, IL",Diesel,Marion,IL,46.99499999999898,0,0.0,3
2026-04-15 12:31:27,"0279 - Marion, IL",Unlead,Marion,IL,101.86599999999999,0,0.0,1
2026-04-15 12:31:27,"0280 - Monahans, TX",Diesel,Monahans,TX,273.814800000001,0,0.0,3
2026-04-15 12:31:27,"0280 - Monahans, TX",Unlead,Monahans,TX,34.2450000000008,0,0.0,1
2026-04-15 12:31:27,"0281 - Cisco, TX",Diesel,Cisco,TX,139.92699999999968,0,0.0,3
2026-04-15 12:31:27,"0281 - Cisco, TX",Unlead,Cisco,TX,37.53700000000026,0,0.0,1
2026-04-15 12:31:27,"0282 - Gainesville, TX",Diesel,Gainesville,TX,0.0,0,0.0,3
2026-04-15 12:31:27,"0282 - Gainesville, TX",Unlead,Gainesville,TX,40.0005000000001,0,0.0,1
2026-04-15 12:31:27,"0283 - Sealy, TX",Diesel,Sealy,TX,144.84899999999834,0,0.0,3
2026-04-15 12:31:27,"0283 - Sealy, TX",Unlead,Sealy,TX,58.13000000000102,0,0.0,1
2026-04-15 12:31:27,"0284 - New Deal, TX",Diesel,New Deal,TX,32.030000000000655,0,0.0,3
2026-04-15 12:31:27,"0284 - New Deal, TX",Unlead,New Deal,TX,55.86499999999978,0,0.0,1
2026-04-15 12:31:27,"0285 - Seguin, TX",Diesel,Seguin,TX,140.20200000000114,0,0.0,3
2026-04-15 12:31:27,"0285 - Seguin, TX",Unlead,Seguin,TX,55.78260000000046,0,0.0,1
2026-04-15 12:31:27,"0286 - Amarillo, TX",Diesel,Amarillo,TX,104.96600000000035,0,0.0,3
2026-04-15 12:31:27,"0286 - Amarillo, TX",Unlead,Amarillo,TX,99.03500000000167,0,0.0,1
2026-04-15 12:31:27,"0287 - Burbonnais, IL",Diesel,Burbonnais,IL,67.50400000000081,0,0.0,3
2026-04-15 12:31:27,"0287 - Burbonnais, IL",Unlead,Burbonnais,IL,32.05999999999949,0,0.0,1
2026-04-15 12:31:27,"0289 - Teague, TX",Diesel,Teague,TX,368.23549999999886,0,0.0,3
2026-04-15 12:31:27,"0289 - Teague, TX",Unlead,Teague,TX,47.53850000000057,0,0.0,1
2026-04-15 12:31:27,"0290 - Joplin, MO",Diesel,Joplin,MO,96.73129999999946,0,0.0,3
2026-04-15 12:31:27,"0290 - Joplin, MO",Unlead,Joplin,MO,0.0,0,0.0,1
2026-04-15 12:31:27,"0312 - Vidor, TX",Diesel,Vidor,TX,225.08630000000176,0,0.0,3
2026-04-15 12:31:27,"0312 - Vidor, TX",Unlead,Vidor,TX,35.21099999999933,0,0.0,1
2026-04-15 12:31:27,"0315 - Laredo, TX",Diesel,Laredo,TX,47.73499999999876,0,0.0,3
2026-04-15 12:31:27,"0315 - Laredo, TX",Unlead,Laredo,TX,3.5349999999998545,0,0.0,1
2026-04-15 12:31:27,"0319 - Milford, TX",Diesel,Milford,TX,188.61199999999917,0,0.0,3
2026-04-15 12:31:27,"0319 - Milford, TX",Unlead,Milford,TX,38.92399999999907,0,0.0,1
2026-04-15 12:31:27,"0323 - Canton, TX",Diesel,Canton,TX,0.0,0,0.0,3
2026-04-15 12:31:27,"0323 - Canton, TX",Unlead,Canton,TX,60.43299999999908,0,0.0,1
2026-04-15 12:46:31,"0118 - Springfield, IL",Diesel,Springfield,IL,143.0,0,0.0,3
2026-04-15 12:46:31,"0118 - Springfield, IL",Unlead,Springfield,IL,23.0,0,0.0,1
2026-04-15 12:46:31,"0132 - Champaign, IL",Diesel,Champaign,IL,190.4315999999999,0,0.0,3
2026-04-15 12:46:31,"0132 - Champaign, IL",Unlead,Champaign,IL,60.65400000000045,0,0.0,1
2026-04-15 12:46:31,"0136 - Cottage Grove, WI",Diesel,Cottage Grove,WI,40.14900000000034,0,0.0,2
2026-04-15 12:46:31,"0136 - Cottage Grove, WI",Unlead,Cottage Grove,WI,2.9279999999998836,0,0.0,1
2026-04-15 12:46:31,"0139 - Tuscola, IL",Diesel,Tuscola,IL,86.0,0,0.0,1
2026-04-15 12:46:31,"0139 - Tuscola, IL",Unlead,Tuscola,IL,7.0,0,0.0,2
2026-04-15 12:46:31,"0140 - Mendota, IL",Diesel,Mendota,IL,23.0,0,0.0,2
2026-04-15 12:46:31,"0140 - Mendota, IL",Unlead,Mendota,IL,48.0,0,0.0,2
2026-04-15 12:46:31,"0141 - Brazil, IN",Diesel,Brazil,IN,696.1747000000005,2,695.5489999999991,4
2026-04-15 12:46:31,"0141 - Brazil, IN",Unlead,Brazil,IN,9.0,0,0.0,1
2026-04-15 12:46:31,"0144 - Elk Run Height, IA",Diesel,Elk Run Height,IA,218.0,1,221.0,4
2026-04-15 12:46:31,"0144 - Elk Run Height, IA",Unlead,Elk Run Height,IA,60.03240000000005,0,0.0,2
2026-04-15 12:46:31,"0145 - Fenton, MO",Diesel,Fenton,MO,115.0,0,0.0,2
2026-04-15 12:46:31,"0145 - Fenton, MO",Unlead,Fenton,MO,53.0,0,0.0,1
2026-04-15 12:46:31,"0157 - Okawville, IL",Diesel,Okawville,IL,0.0,0,0.0,3
2026-04-15 12:46:31,"0157 - Okawville, IL",Unlead,Okawville,IL,54.251000000000204,0,0.0,1
2026-04-15 12:46:31,"0181 - Springfield, IL",Diesel,Springfield,IL,152.73299999999836,0,0.0,3
2026-04-15 12:46:31,"0181 - Springfield, IL",Unlead,Springfield,IL,50.108000000000175,0,0.0,1
2026-04-15 12:46:31,"0185 - McLean, IL",Diesel,McLean,IL,51.5619999999999,0,0.0,4
2026-04-15 12:46:31,"0185 - McLean, IL",Unlead,McLean,IL,42.58770000000004,0,0.0,1
2026-04-15 12:46:31,"0186 - Minonk, IL",Diesel,Minonk,IL,64.4940000000006,0,0.0,3
2026-04-15 12:46:31,"0186 - Minonk, IL",Unlead,Minonk,IL,22.7804000000001,0,0.0,1
2026-04-15 12:46:31,"0187 - Chicago, IL",Diesel,Chicago,IL,0.0,0,0.0,3
2026-04-15 12:46:31,"0187 - Chicago, IL",Unlead,Chicago,IL,8.282500000000255,0,0.0,1
2026-04-15 12:46:31,"0203 - Rockford, IL",Diesel,Rockford,IL,0.0,0,0.0,1
2026-04-15 12:46:31,"0203 - Rockford, IL",Unlead,Rockford,IL,13.555000000000291,0,0.0,1
2026-04-15 12:46:31,"0205 - South Beloit, IL",Diesel,South Beloit,IL,0.0,0,0.0,3
2026-04-15 12:46:31,"0205 - South Beloit, IL",Unlead,South Beloit,IL,70.0,0,0.0,1
2026-04-15 12:46:31,"0206 - Winnebago, IL",Diesel,Winnebago,IL,19.0,0,0.0,1
2026-04-15 12:46:31,"0206 - Winnebago, IL",Unlead,Winnebago,IL,88.0,0,0.0,1
2026-04-15 12:46:31,"0209 - Oakdale, WI",Diesel,Oakdale,WI,0.0,0,0.0,3
2026-04-15 12:46:31,"0209 - Oakdale, WI",Unlead,Oakdale,WI,0.0,0,0.0,1
2026-04-15 12:46:31,"0210 - Rochelle, IL",Diesel,Rochelle,IL,272.0,0,0.0,3
2026-04-15 12:46:31,"0210 - Rochelle, IL",Unlead,Rochelle,IL,8.0,0,0.0,1
2026-04-15 12:46:31,"0211 - Loves Park, IL",Diesel,Loves Park,IL,0.0,0,0.0,1
2026-04-15 12:46:31,"0211 - Loves Park, IL",Unlead,Loves Park,IL,47.0,0,0.0,1
2026-04-15 12:46:31,"0225 - Princeton, IL",Diesel,Princeton,IL,16.0,0,0.0,4
2026-04-15 12:46:31,"0225 - Princeton, IL",Unlead,Princeton,IL,8.0,0,0.0,2
2026-04-15 12:46:31,"0226 - Greenwood, IN",Diesel,Greenwood,IN,42.0,0,0.0,2
2026-04-15 12:46:31,"0226 - Greenwood, IN",Unlead,Greenwood,IN,75.0,0,0.0,2
2026-04-15 12:46:31,"0235 - Hampshire, IL",Diesel,Hampshire,IL,116.0,0,0.0,2
2026-04-15 12:46:31,"0235 - Hampshire, IL",Unlead,Hampshire,IL,50.0,0,0.0,2
2026-04-15 12:46:31,"0236 - East Troy, WI",Diesel,East Troy,WI,0.0,0,0.0,2
2026-04-15 12:46:31,"0236 - East Troy, WI",Unlead,East Troy,WI,0.0,0,0.0,1
2026-04-15 12:46:31,"0240 - Lake Station, IN",Diesel,Lake Station,IN,98.0,0,0.0,5
2026-04-15 12:46:31,"0240 - Lake Station, IN",Unlead,Lake Station,IN,17.0,0,0.0,2
2026-04-15 12:46:31,"0242 - St Robert, MO",Diesel,St Robert,MO,5.584000000000742,0,0.0,4
2026-04-15 12:46:31,"0263 - Ottawa, IL",Diesel,Ottawa,IL,147.0,0,0.0,3
2026-04-15 12:46:31,"0263 - Ottawa, IL",Unlead,Ottawa,IL,25.0,0,0.0,1
2026-04-15 12:46:31,"0265 - Dixon, IL",Diesel,Dixon,IL,47.977999999999156,0,0.0,3
2026-04-15 12:46:31,"0265 - Dixon, IL",Unlead,Dixon,IL,54.723399999999856,0,0.0,1
2026-04-15 12:46:31,"0266 - New Berlin, IL",Diesel,New Berlin,IL,7.0,0,0.0,3
2026-04-15 12:46:31,"0266 - New Berlin, IL",Unlead,New Berlin,IL,47.68539999999939,0,0.0,1
2026-04-15 12:46:31,"0267 - Pharr, TX",Diesel,Pharr,TX,546.0,0,0.0,4
2026-04-15 12:46:31,"0267 - Pharr, TX",Unlead,Pharr,TX,24.0,0,0.0,1
2026-04-15 12:46:31,"0268 - Grayville, IL",Diesel,Grayville,IL,73.0,0,0.0,3
2026-04-15 12:46:31,"0268 - Grayville, IL",Unlead,Grayville,IL,19.0,0,0.0,1
2026-04-15 12:46:31,"0269 - Marshall, IL",Diesel,Marshall,IL,41.0,0,0.0,3
2026-04-15 12:46:31,"0269 - Marshall, IL",Unlead,Marshall,IL,19.0,0,0.0,1
2026-04-15 12:46:31,"0270 - Moore, TX",Diesel,Moore,TX,315.0,0,0.0,3
2026-04-15 12:46:31,"0270 - Moore, TX",Unlead,Moore,TX,71.0,0,0.0,1
2026-04-15 12:46:31,"0271 - Odessa, TX",Diesel,Odessa,TX,0.0,2,2333.4005000000016,3
2026-04-15 12:46:31,"0271 - Odessa, TX",Unlead,Odessa,TX,52.92499999999927,0,0.0,1
2026-04-15 12:46:31,"0272 - Encinal, TX",Diesel,Encinal,TX,0.0,0,0.0,3
2026-04-15 12:46:31,"0272 - Encinal, TX",Unlead,Encinal,TX,61.70800000000054,0,0.0,1
2026-04-15 12:46:31,"0273 - Combes, TX",Diesel,Combes,TX,32.19300000000112,0,0.0,3
2026-04-15 12:46:31,"0273 - Combes, TX",Unlead,Combes,TX,80.87199999999939,0,0.0,1
2026-04-15 12:46:31,"0275 - Sonora, TX",Diesel,Sonora,TX,219.39799999999923,0,0.0,3
2026-04-15 12:46:31,"0275 - Sonora, TX",Unlead,Sonora,TX,15.671000000000276,0,0.0,1
2026-04-15 12:46:31,"0276 - Waco, TX",Diesel,Waco,TX,260.3000000000029,0,0.0,3
2026-04-15 12:46:31,"0276 - Waco, TX",Unlead,Waco,TX,16.863999999999578,0,0.0,1
2026-04-15 12:46:31,"0277 - New Boston, TX",Diesel,New Boston,TX,0.0,0,0.0,3
2026-04-15 12:46:31,"0277 - New Boston, TX",Unlead,New Boston,TX,9.703999999999724,0,0.0,1
2026-04-15 12:46:31,"0278 - Brinkley, AR",Diesel,Brinkley,AR,111.5669999999991,0,0.0,3
2026-04-15 12:46:31,"0278 - Brinkley, AR",Unlead,Brinkley,AR,65.31100000000151,0,0.0,1
2026-04-15 12:46:31,"0279 - Marion, IL",Diesel,Marion,IL,105.61399999999958,0,0.0,3
2026-04-15 12:46:31,"0279 - Marion, IL",Unlead,Marion,IL,125.14399999999841,0,0.0,1
2026-04-15 12:46:31,"0280 - Monahans, TX",Diesel,Monahans,TX,122.02009999999973,0,0.0,3
2026-04-15 12:46:31,"0280 - Monahans, TX",Unlead,Monahans,TX,47.699000000000524,0,0.0,1
2026-04-15 12:46:31,"0281 - Cisco, TX",Diesel,Cisco,TX,62.97099999999955,0,0.0,3
2026-04-15 12:46:31,"0281 - Cisco, TX",Unlead,Cisco,TX,60.715000000000146,0,0.0,1
2026-04-15 12:46:31,"0282 - Gainesville, TX",Diesel,Gainesville,TX,150.979000000003,0,0.0,3
2026-04-15 12:46:31,"0282 - Gainesville, TX",Unlead,Gainesville,TX,21.795000000000073,0,0.0,1
2026-04-15 12:46:31,"0283 - Sealy, TX",Diesel,Sealy,TX,228.14000000000124,0,0.0,3
2026-04-15 12:46:31,"0283 - Sealy, TX",Unlead,Sealy,TX,0.0,0,0.0,1
2026-04-15 12:46:31,"0284 - New Deal, TX",Diesel,New Deal,TX,31.623999999999796,0,0.0,3
2026-04-15 12:46:31,"0284 - New Deal, TX",Unlead,New Deal,TX,56.76500000000124,0,0.0,1
2026-04-15 12:46:31,"0285 - Seguin, TX",Diesel,Seguin,TX,151.52100000000064,0,0.0,3
2026-04-15 12:46:31,"0285 - Seguin, TX",Unlead,Seguin,TX,29.27679999999964,0,0.0,1
2026-04-15 12:46:31,"0286 - Amarillo, TX",Diesel,Amarillo,TX,52.93500000000131,0,0.0,3
2026-04-15 12:46:31,"0286 - Amarillo, TX",Unlead,Amarillo,TX,0.0,0,0.0,1
2026-04-15 12:46:31,"0287 - Burbonnais, IL",Diesel,Burbonnais,IL,24.78399999999965,0,0.0,3
2026-04-15 12:46:31,"0287 - Burbonnais, IL",Unlead,Burbonnais,IL,34.6299999999992,0,0.0,1
2026-04-15 12:46:31,"0289 - Teague, TX",Diesel,Teague,TX,324.08350000000064,0,0.0,3
2026-04-15 12:46:31,"0289 - Teague, TX",Unlead,Teague,TX,35.295500000000175,0,0.0,1
2026-04-15 12:46:31,"0290 - Joplin, MO",Diesel,Joplin,MO,0.0,0,0.0,3
2026-04-15 12:46:31,"0290 - Joplin, MO",Unlead,Joplin,MO,4.15099999999984,0,0.0,1
2026-04-15 12:46:31,"0312 - Vidor, TX",Diesel,Vidor,TX,26.161000000000968,0,0.0,3
2026-04-15 12:46:31,"0312 - Vidor, TX",Unlead,Vidor,TX,18.673000000000684,0,0.0,1
2026-04-15 12:46:31,"0315 - Laredo, TX",Diesel,Laredo,TX,85.73300000000017,0,0.0,3
2026-04-15 12:46:31,"0315 - Laredo, TX",Unlead,Laredo,TX,10.11700000000019,0,0.0,1
2026-04-15 12:46:31,"0319 - Milford, TX",Diesel,Milford,TX,52.71799999999712,0,0.0,3
2026-04-15 12:46:31,"0319 - Milford, TX",Unlead,Milford,TX,42.11499999999978,0,0.0,1
2026-04-15 12:46:31,"0323 - Canton, TX",Diesel,Canton,TX,0.0,0,0.0,3
2026-04-15 12:46:31,"0323 - Canton, TX",Unlead,Canton,TX,49.32000000000153,0,0.0,1
2026-04-15 13:01:32,"0118 - Springfield, IL",Diesel,Springfield,IL,0.0,0,0.0,3
2026-04-15 13:01:32,"0118 - Springfield, IL",Unlead,Springfield,IL,9.0,0,0.0,1
2026-04-15 13:01:32,"0132 - Champaign, IL",Diesel,Champaign,IL,105.98480000000018,0,0.0,3
2026-04-15 13:01:32,"0132 - Champaign, IL",Unlead,Champaign,IL,64.47699999999895,0,0.0,1
2026-04-15 13:01:32,"0136 - Cottage Grove, WI",Diesel,Cottage Grove,WI,54.8779999999997,0,0.0,2
2026-04-15 13:01:32,"0136 - Cottage Grove, WI",Unlead,Cottage Grove,WI,0.0,0,0.0,1
2026-04-15 13:01:32,"0139 - Tuscola, IL",Diesel,Tuscola,IL,224.0,0,0.0,1
2026-04-15 13:01:32,"0139 - Tuscola, IL",Unlead,Tuscola,IL,22.0,0,0.0,2
2026-04-15 13:01:32,"0140 - Mendota, IL",Diesel,Mendota,IL,0.0,0,0.0,2
2026-04-15 13:01:32,"0140 - Mendota, IL",Unlead,Mendota,IL,49.0,0,0.0,2
2026-04-15 13:01:32,"0141 - Brazil, IN",Diesel,Brazil,IN,444.5012000000006,2,444.02600000000075,4
2026-04-15 13:01:32,"0141 - Brazil, IN",Unlead,Brazil,IN,0.0,0,0.0,1
2026-04-15 13:01:32,"0144 - Elk Run Height, IA",Diesel,Elk Run Height,IA,67.0,3,4587.0,4
2026-04-15 13:01:32,"0144 - Elk Run Height, IA",Unlead,Elk Run Height,IA,8.97899999999936,0,0.0,2
2026-04-15 13:01:32,"0145 - Fenton, MO",Diesel,Fenton,MO,71.0,0,0.0,2
2026-04-15 13:01:32,"0145 - Fenton, MO",Unlead,Fenton,MO,17.0,0,0.0,1
2026-04-15 13:01:32,"0157 - Okawville, IL",Diesel,Okawville,IL,177.0,0,0.0,3
2026-04-15 13:01:32,"0157 - Okawville, IL",Unlead,Okawville,IL,32.82899999999972,0,0.0,1
2026-04-15 13:01:32,"0181 - Springfield, IL",Diesel,Springfield,IL,232.96850000000268,0,0.0,3
2026-04-15 13:01:32,"0181 - Springfield, IL",Unlead,Springfield,IL,15.304000000000087,0,0.0,1
2026-04-15 13:01:32,"0185 - McLean, IL",Diesel,McLean,IL,181.3610000000008,0,0.0,4
2026-04-15 13:01:32,"0185 - McLean, IL",Unlead,McLean,IL,84.85339999999997,0,0.0,1
2026-04-15 13:01:32,"0186 - Minonk, IL",Diesel,Minonk,IL,172.8770000000004,0,0.0,3
2026-04-15 13:01:32,"0186 - Minonk, IL",Unlead,Minonk,IL,17.503200000000106,0,0.0,1
2026-04-15 13:01:32,"0187 - Chicago, IL",Diesel,Chicago,IL,104.0,0,0.0,3
2026-04-15 13:01:32,"0187 - Chicago, IL",Unlead,Chicago,IL,11.770300000000134,0,0.0,1
2026-04-15 13:01:32,"0203 - Rockford, IL",Diesel,Rockford,IL,0.0,0,0.0,1
2026-04-15 13:01:32,"0203 - Rockford, IL",Unlead,Rockford,IL,42.92900000000009,0,0.0,1
2026-04-15 13:01:32,"0205 - South Beloit, IL",Diesel,South Beloit,IL,0.0,0,0.0,3
2026-04-15 13:01:32,"0205 - South Beloit, IL",Unlead,South Beloit,IL,91.0,0,0.0,1
2026-04-15 13:01:32,"0206 - Winnebago, IL",Diesel,Winnebago,IL,0.0,0,0.0,1
2026-04-15 13:01:32,"0206 - Winnebago, IL",Unlead,Winnebago,IL,45.0,0,0.0,1
2026-04-15 13:01:32,"0209 - Oakdale, WI",Diesel,Oakdale,WI,95.0,0,0.0,3
2026-04-15 13:01:32,"0209 - Oakdale, WI",Unlead,Oakdale,WI,50.0,0,0.0,1
2026-04-15 13:01:32,"0210 - Rochelle, IL",Diesel,Rochelle,IL,85.0,0,0.0,3
2026-04-15 13:01:32,"0210 - Rochelle, IL",Unlead,Rochelle,IL,20.0,0,0.0,1
2026-04-15 13:01:32,"0211 - Loves Park, IL",Diesel,Loves Park,IL,0.0,0,0.0,1
2026-04-15 13:01:32,"0211 - Loves Park, IL",Unlead,Loves Park,IL,36.0,0,0.0,1
2026-04-15 13:01:32,"0225 - Princeton, IL",Diesel,Princeton,IL,442.0,0,0.0,4
2026-04-15 13:01:32,"0225 - Princeton, IL",Unlead,Princeton,IL,0.0,0,0.0,2
2026-04-15 13:01:32,"0226 - Greenwood, IN",Diesel,Greenwood,IN,49.0,0,0.0,2
2026-04-15 13:01:32,"0226 - Greenwood, IN",Unlead,Greenwood,IN,8.0,0,0.0,2
2026-04-15 13:01:32,"0235 - Hampshire, IL",Diesel,Hampshire,IL,47.0,0,0.0,2
2026-04-15 13:01:32,"0235 - Hampshire, IL",Unlead,Hampshire,IL,41.0,0,0.0,2
2026-04-15 13:01:32,"0236 - East Troy, WI",Diesel,East Troy,WI,0.0,0,0.0,2
2026-04-15 13:01:32,"0236 - East Troy, WI",Unlead,East Troy,WI,0.0,0,0.0,1
2026-04-15 13:01:32,"0240 - Lake Station, IN",Diesel,Lake Station,IN,0.0,0,0.0,5
2026-04-15 13:01:32,"0240 - Lake Station, IN",Unlead,Lake Station,IN,60.0,0,0.0,2
2026-04-15 13:01:32,"0242 - St Robert, MO",Diesel,St Robert,MO,85.60700000000088,0,0.0,4
2026-04-15 13:01:32,"0263 - Ottawa, IL",Diesel,Ottawa,IL,80.0,0,0.0,3
2026-04-15 13:01:32,"0263 - Ottawa, IL",Unlead,Ottawa,IL,19.0,0,0.0,1
2026-04-15 13:01:32,"0265 - Dixon, IL",Diesel,Dixon,IL,0.0,0,0.0,3
2026-04-15 13:01:32,"0265 - Dixon, IL",Unlead,Dixon,IL,8.949100000000271,0,0.0,1
2026-04-15 13:01:32,"0266 - New Berlin, IL",Diesel,New Berlin,IL,106.0,0,0.0,3
2026-04-15 13:01:32,"0266 - New Berlin, IL",Unlead,New Berlin,IL,41.513600000000224,0,0.0,1
2026-04-15 13:01:32,"0267 - Pharr, TX",Diesel,Pharr,TX,505.0,0,0.0,4
2026-04-15 13:01:32,"0267 - Pharr, TX",Unlead,Pharr,TX,17.0,0,0.0,1
2026-04-15 13:01:32,"0268 - Grayville, IL",Diesel,Grayville,IL,0.0,0,0.0,3
2026-04-15 13:01:32,"0268 - Grayville, IL",Unlead,Grayville,IL,19.0,0,0.0,1
2026-04-15 13:01:32,"0269 - Marshall, IL",Diesel,Marshall,IL,228.0,0,0.0,3
2026-04-15 13:01:32,"0269 - Marshall, IL",Unlead,Marshall,IL,21.0,0,0.0,1
2026-04-15 13:01:32,"0270 - Moore, TX",Diesel,Moore,TX,313.0,0,0.0,3
2026-04-15 13:01:32,"0270 - Moore, TX",Unlead,Moore,TX,8.0,0,0.0,1
2026-04-15 13:01:32,"0271 - Odessa, TX",Diesel,Odessa,TX,306.1325000000015,0,0.0,3
2026-04-15 13:01:32,"0271 - Odessa, TX",Unlead,Odessa,TX,77.59100000000035,0,0.0,1
2026-04-15 13:01:32,"0272 - Encinal, TX",Diesel,Encinal,TX,203.60400000000118,0,0.0,3
2026-04-15 13:01:32,"0272 - Encinal, TX",Unlead,Encinal,TX,39.61199999999917,0,0.0,1
2026-04-15 13:01:32,"0273 - Combes, TX",Diesel,Combes,TX,0.0,0,0.0,3
2026-04-15 13:01:32,"0273 - Combes, TX",Unlead,Combes,TX,87.29700000000048,0,0.0,1
2026-04-15 13:01:32,"0275 - Sonora, TX",Diesel,Sonora,TX,176.0079999999998,0,0.0,3
2026-04-15 13:01:32,"0275 - Sonora, TX",Unlead,Sonora,TX,46.66100000000006,0,0.0,1
2026-04-15 13:01:32,"0276 - Waco, TX",Diesel,Waco,TX,228.82899999999972,0,0.0,3
2026-04-15 13:01:32,"0276 - Waco, TX",Unlead,Waco,TX,22.775499999999738,0,0.0,1
2026-04-15 13:01:32,"0277 - New Boston, TX",Diesel,New Boston,TX,105.85299999999916,0,0.0,3
2026-04-15 13:01:32,"0277 - New Boston, TX",Unlead,New Boston,TX,50.283000000001266,0,0.0,1
2026-04-15 13:01:32,"0278 - Brinkley, AR",Diesel,Brinkley,AR,219.78400000000147,0,0.0,3
2026-04-15 13:01:32,"0278 - Brinkley, AR",Unlead,Brinkley,AR,27.375,0,0.0,1
2026-04-15 13:01:32,"0279 - Marion, IL",Diesel,Marion,IL,12.145000000000437,0,0.0,3
2026-04-15 13:01:32,"0279 - Marion, IL",Unlead,Marion,IL,57.08700000000135,0,0.0,1
2026-04-15 13:01:32,"0280 - Monahans, TX",Diesel,Monahans,TX,180.3804,0,0.0,3
2026-04-15 13:01:32,"0280 - Monahans, TX",Unlead,Monahans,TX,39.42999999999847,0,0.0,1
2026-04-15 13:01:32,"0281 - Cisco, TX",Diesel,Cisco,TX,195.0079999999998,0,0.0,3
2026-04-15 13:01:32,"0281 - Cisco, TX",Unlead,Cisco,TX,53.159999999999854,0,0.0,1
2026-04-15 13:01:32,"0282 - Gainesville, TX",Diesel,Gainesville,TX,193.0839999999971,0,0.0,3
2026-04-15 13:01:32,"0282 - Gainesville, TX",Unlead,Gainesville,TX,18.0,0,0.0,1
2026-04-15 13:01:32,"0283 - Sealy, TX",Diesel,Sealy,TX,248.53650000000016,0,0.0,3
2026-04-15 13:01:32,"0283 - Sealy, TX",Unlead,Sealy,TX,5.334000000000742,0,0.0,1
2026-04-15 13:01:32,"0284 - New Deal, TX",Diesel,New Deal,TX,47.52100000000064,0,0.0,3
2026-04-15 13:01:32,"0284 - New Deal, TX",Unlead,New Deal,TX,23.63799999999901,0,0.0,1
2026-04-15 13:01:32,"0285 - Seguin, TX",Diesel,Seguin,TX,223.1924999999992,0,0.0,3
2026-04-15 13:01:32,"0285 - Seguin, TX",Unlead,Seguin,TX,33.15729999999985,0,0.0,1
2026-04-15 13:01:32,"0286 - Amarillo, TX",Diesel,Amarillo,TX,0.0,0,0.0,3
2026-04-15 13:01:32,"0286 - Amarillo, TX",Unlead,Amarillo,TX,0.0,0,0.0,1
2026-04-15 13:01:32,"0287 - Burbonnais, IL",Diesel,Burbonnais,IL,112.63400000000001,0,0.0,3
2026-04-15 13:01:32,"0287 - Burbonnais, IL",Unlead,Burbonnais,IL,31.221000000001368,0,0.0,1
2026-04-15 13:01:32,"0289 - Teague, TX",Diesel,Teague,TX,149.503999999999,0,0.0,3
2026-04-15 13:01:32,"0289 - Teague, TX",Unlead,Teague,TX,33.97999999999956,0,0.0,1
2026-04-15 13:01:32,"0290 - Joplin, MO",Diesel,Joplin,MO,78.97830000000067,0,0.0,3
2026-04-15 13:01:32,"0290 - Joplin, MO",Unlead,Joplin,MO,50.23099999999977,0,0.0,1
2026-04-15 13:01:32,"0312 - Vidor, TX",Diesel,Vidor,TX,171.0034999999998,0,0.0,3
2026-04-15 13:01:32,"0312 - Vidor, TX",Unlead,Vidor,TX,11.727999999999156,0,0.0,1
2026-04-15 13:01:32,"0315 - Laredo, TX",Diesel,Laredo,TX,47.89400000000023,0,0.0,3
2026-04-15 13:01:32,"0315 - Laredo, TX",Unlead,Laredo,TX,28.384000000000015,0,0.0,1
2026-04-15 13:01:32,"0319 - Milford, TX",Diesel,Milford,TX,27.21900000000096,0,0.0,3
2026-04-15 13:01:32,"0319 - Milford, TX",Unlead,Milford,TX,40.30400000000009,0,0.0,1
2026-04-15 13:01:32,"0323 - Canton, TX",Diesel,Canton,TX,0.0,0,0.0,3
2026-04-15 13:01:32,"0323 - Canton, TX",Unlead,Canton,TX,63.30699999999888,0,0.0,1
2026-04-15 13:16:33,"0118 - Springfield, IL",Diesel,Springfield,IL,11.0,0,0.0,3
2026-04-15 13:16:33,"0118 - Springfield, IL",Unlead,Springfield,IL,3.0,0,0.0,1
2026-04-15 13:16:33,"0132 - Champaign, IL",Diesel,Champaign,IL,184.21409999999923,0,0.0,3
2026-04-15 13:16:33,"0132 - Champaign, IL",Unlead,Champaign,IL,22.670000000000073,0,0.0,1
2026-04-15 13:16:33,"0136 - Cottage Grove, WI",Diesel,Cottage Grove,WI,156.05199999999968,0,0.0,2
2026-04-15 13:16:33,"0136 - Cottage Grove, WI",Unlead,Cottage Grove,WI,32.19799999999941,0,0.0,1
2026-04-15 13:16:33,"0139 - Tuscola, IL",Diesel,Tuscola,IL,37.0,0,0.0,1
2026-04-15 13:16:33,"0139 - Tuscola, IL",Unlead,Tuscola,IL,17.0,0,0.0,2
2026-04-15 13:16:33,"0140 - Mendota, IL",Diesel,Mendota,IL,23.0,0,0.0,2
2026-04-15 13:16:33,"0140 - Mendota, IL",Unlead,Mendota,IL,0.0,0,0.0,2
2026-04-15 13:16:33,"0141 - Brazil, IN",Diesel,Brazil,IN,523.9266999999991,2,336.2386999999999,4
2026-04-15 13:16:33,"0141 - Brazil, IN",Unlead,Brazil,IN,40.0,0,0.0,1
2026-04-15 13:16:33,"0144 - Elk Run Height, IA",Diesel,Elk Run Height,IA,266.0,2,2798.0,4
2026-04-15 13:16:33,"0144 - Elk Run Height, IA",Unlead,Elk Run Height,IA,67.66229999999996,0,0.0,2
2026-04-15 13:16:33,"0145 - Fenton, MO",Diesel,Fenton,MO,295.0,0,0.0,2
2026-04-15 13:16:33,"0145 - Fenton, MO",Unlead,Fenton,MO,6.0,0,0.0,1
2026-04-15 13:16:33,"0157 - Okawville, IL",Diesel,Okawville,IL,14.0,0,0.0,3
2026-04-15 13:16:33,"0157 - Okawville, IL",Unlead,Okawville,IL,33.82799999999952,0,0.0,1
2026-04-15 13:16:33,"0181 - Springfield, IL",Diesel,Springfield,IL,154.83549999999923,0,0.0,3
2026-04-15 13:16:33,"0181 - Springfield, IL",Unlead,Springfield,IL,57.27899999999863,0,0.0,1
2026-04-15 13:16:33,"0185 - McLean, IL",Diesel,McLean,IL,196.03349999999955,0,0.0,4
2026-04-15 13:16:33,"0185 - McLean, IL",Unlead,McLean,IL,93.40380000000005,0,0.0,1
2026-04-15 13:16:33,"0186 - Minonk, IL",Diesel,Minonk,IL,30.225000000000364,0,0.0,3
2026-04-15 13:16:33,"0186 - Minonk, IL",Unlead,Minonk,IL,13.669399999999769,0,0.0,1
2026-04-15 13:16:33,"0187 - Chicago, IL",Diesel,Chicago,IL,107.0,0,0.0,3
2026-04-15 13:16:33,"0187 - Chicago, IL",Unlead,Chicago,IL,10.99369999999999,0,0.0,1
2026-04-15 13:16:33,"0203 - Rockford, IL",Diesel,Rockford,IL,16.51100000000224,0,0.0,1
2026-04-15 13:16:33,"0203 - Rockford, IL",Unlead,Rockford,IL,26.819000000001324,0,0.0,1
2026-04-15 13:16:33,"0205 - South Beloit, IL",Diesel,South Beloit,IL,0.0,0,0.0,3
2026-04-15 13:16:33,"0205 - South Beloit, IL",Unlead,South Beloit,IL,40.0,0,0.0,1
2026-04-15 13:16:33,"0206 - Winnebago, IL",Diesel,Winnebago,IL,0.0,0,0.0,1
2026-04-15 13:16:33,"0206 - Winnebago, IL",Unlead,Winnebago,IL,39.0,0,0.0,1
2026-04-15 13:16:33,"0209 - Oakdale, WI",Diesel,Oakdale,WI,0.0,0,0.0,3
2026-04-15 13:16:33,"0209 - Oakdale, WI",Unlead,Oakdale,WI,0.0,0,0.0,1
2026-04-15 13:16:33,"0210 - Rochelle, IL",Diesel,Rochelle,IL,0.0,0,0.0,3
2026-04-15 13:16:33,"0210 - Rochelle, IL",Unlead,Rochelle,IL,37.0,0,0.0,1
2026-04-15 13:16:33,"0211 - Loves Park, IL",Diesel,Loves Park,IL,0.0,0,0.0,1
2026-04-15 13:16:33,"0211 - Loves Park, IL",Unlead,Loves Park,IL,37.0,0,0.0,1
2026-04-15 13:16:33,"0225 - Princeton, IL",Diesel,Princeton,IL,45.0,0,0.0,4
2026-04-15 13:16:33,"0225 - Princeton, IL",Unlead,Princeton,IL,0.0,0,0.0,2
2026-04-15 13:16:33,"0226 - Greenwood, IN",Diesel,Greenwood,IN,46.0,0,0.0,2
2026-04-15 13:16:33,"0226 - Greenwood, IN",Unlead,Greenwood,IN,20.0,0,0.0,2
2026-04-15 13:16:33,"0235 - Hampshire, IL",Diesel,Hampshire,IL,148.0,0,0.0,2
2026-04-15 13:16:33,"0235 - Hampshire, IL",Unlead,Hampshire,IL,11.0,0,0.0,2
2026-04-15 13:16:33,"0236 - East Troy, WI",Diesel,East Troy,WI,0.0,0,0.0,2
2026-04-15 13:16:33,"0236 - East Troy, WI",Unlead,East Troy,WI,0.0,0,0.0,1
2026-04-15 13:16:33,"0240 - Lake Station, IN",Diesel,Lake Station,IN,0.0,1,603.0,5
2026-04-15 13:16:33,"0240 - Lake Station, IN",Unlead,Lake Station,IN,11.0,0,0.0,2
2026-04-15 13:16:33,"0242 - St Robert, MO",Diesel,St Robert,MO,41.873999999999796,0,0.0,4
2026-04-15 13:16:33,"0263 - Ottawa, IL",Diesel,Ottawa,IL,286.0,0,0.0,3
2026-04-15 13:16:33,"0263 - Ottawa, IL",Unlead,Ottawa,IL,49.0,0,0.0,1
2026-04-15 13:16:33,"0265 - Dixon, IL",Diesel,Dixon,IL,122.71099999999569,0,0.0,3
2026-04-15 13:16:33,"0265 - Dixon, IL",Unlead,Dixon,IL,24.567999999999756,0,0.0,1
2026-04-15 13:16:33,"0266 - New Berlin, IL",Diesel,New Berlin,IL,0.0,0,0.0,3
2026-04-15 13:16:33,"0266 - New Berlin, IL",Unlead,New Berlin,IL,50.08259999999973,0,0.0,1
2026-04-15 13:16:33,"0267 - Pharr, TX",Diesel,Pharr,TX,192.0,0,0.0,4
2026-04-15 13:16:33,"0267 - Pharr, TX",Unlead,Pharr,TX,25.0,0,0.0,1
2026-04-15 13:16:33,"0268 - Grayville, IL",Diesel,Grayville,IL,100.0,0,0.0,3
2026-04-15 13:16:33,"0268 - Grayville, IL",Unlead,Grayville,IL,39.0,0,0.0,1
2026-04-15 13:16:33,"0269 - Marshall, IL",Diesel,Marshall,IL,358.0,0,0.0,3
2026-04-15 13:16:33,"0269 - Marshall, IL",Unlead,Marshall,IL,28.0,0,0.0,1
2026-04-15 13:16:33,"0270 - Moore, TX",Diesel,Moore,TX,197.0,0,0.0,3
2026-04-15 13:16:33,"0270 - Moore, TX",Unlead,Moore,TX,56.0,0,0.0,1
2026-04-15 13:16:33,"0271 - Odessa, TX",Diesel,Odessa,TX,124.75799999999981,0,0.0,3
2026-04-15 13:16:33,"0271 - Odessa, TX",Unlead,Odessa,TX,29.284999999999854,0,0.0,1
2026-04-15 13:16:33,"0272 - Encinal, TX",Diesel,Encinal,TX,150.29799999999886,0,0.0,3
2026-04-15 13:16:33,"0272 - Encinal, TX",Unlead,Encinal,TX,124.79299999999967,0,0.0,1
2026-04-15 13:16:33,"0273 - Combes, TX",Diesel,Combes,TX,0.0,0,0.0,3
2026-04-15 13:16:33,"0273 - Combes, TX",Unlead,Combes,TX,37.46399999999994,0,0.0,1
2026-04-15 13:16:33,"0275 - Sonora, TX",Diesel,Sonora,TX,27.041000000001077,0,0.0,3
2026-04-15 13:16:33,"0275 - Sonora, TX",Unlead,Sonora,TX,26.718000000000757,0,0.0,1
2026-04-15 13:16:33,"0276 - Waco, TX",Diesel,Waco,TX,349.6999999999989,0,0.0,3
2026-04-15 13:16:33,"0276 - Waco, TX",Unlead,Waco,TX,19.53349999999955,0,0.0,1
2026-04-15 13:16:33,"0277 - New Boston, TX",Diesel,New Boston,TX,70.20700000000033,0,0.0,3
2026-04-15 13:16:33,"0277 - New Boston, TX",Unlead,New Boston,TX,30.643999999998414,0,0.0,1
2026-04-15 13:16:33,"0278 - Brinkley, AR",Diesel,Brinkley,AR,161.09399999999914,0,0.0,3
2026-04-15 13:16:33,"0278 - Brinkley, AR",Unlead,Brinkley,AR,101.0779999999977,0,0.0,1
2026-04-15 13:16:33,"0279 - Marion, IL",Diesel,Marion,IL,134.82899999999972,0,0.0,3
2026-04-15 13:16:33,"0279 - Marion, IL",Unlead,Marion,IL,94.82549999999901,0,0.0,1
2026-04-15 13:16:33,"0280 - Monahans, TX",Diesel,Monahans,TX,229.64409999999953,0,0.0,3
2026-04-15 13:16:33,"0280 - Monahans, TX",Unlead,Monahans,TX,77.14000000000124,0,0.0,1
2026-04-15 13:16:33,"0281 - Cisco, TX",Diesel,Cisco,TX,86.71399999999994,0,0.0,3
2026-04-15 13:16:33,"0281 - Cisco, TX",Unlead,Cisco,TX,28.304000000000087,0,0.0,1
2026-04-15 13:16:33,"0282 - Gainesville, TX",Diesel,Gainesville,TX,126.52900000000045,0,0.0,3
2026-04-15 13:16:33,"0282 - Gainesville, TX",Unlead,Gainesville,TX,30.709999999999127,0,0.0,1
2026-04-15 13:16:33,"0283 - Sealy, TX",Diesel,Sealy,TX,145.32799999999952,0,0.0,3
2026-04-15 13:16:33,"0283 - Sealy, TX",Unlead,Sealy,TX,5.314000000000306,0,0.0,1
2026-04-15 13:16:33,"0284 - New Deal, TX",Diesel,New Deal,TX,49.08099999999831,0,0.0,3
2026-04-15 13:16:33,"0284 - New Deal, TX",Unlead,New Deal,TX,60.125,0,0.0,1
2026-04-15 13:16:33,"0285 - Seguin, TX",Diesel,Seguin,TX,0.0,0,0.0,3
2026-04-15 13:16:33,"0285 - Seguin, TX",Unlead,Seguin,TX,0.0,1,1415.2919999999995,1
2026-04-15 13:16:33,"0286 - Amarillo, TX",Diesel,Amarillo,TX,0.0,0,0.0,3
2026-04-15 13:16:33,"0286 - Amarillo, TX",Unlead,Amarillo,TX,26.748999999999796,0,0.0,1
2026-04-15 13:16:33,"0287 - Burbonnais, IL",Diesel,Burbonnais,IL,130.60100000000057,0,0.0,3
2026-04-15 13:16:33,"0287 - Burbonnais, IL",Unlead,Burbonnais,IL,68.13299999999981,0,0.0,1
2026-04-15 13:16:33,"0289 - Teague, TX",Diesel,Teague,TX,145.5440000000017,0,0.0,3
2026-04-15 13:16:33,"0289 - Teague, TX",Unlead,Teague,TX,46.315999999998894,0,0.0,1
2026-04-15 13:16:33,"0290 - Joplin, MO",Diesel,Joplin,MO,267.3882999999996,0,0.0,3
2026-04-15 13:16:33,"0290 - Joplin, MO",Unlead,Joplin,MO,39.76599999999962,0,0.0,1
2026-04-15 13:16:33,"0312 - Vidor, TX",Diesel,Vidor,TX,42.66569999999956,0,0.0,3
2026-04-15 13:16:33,"0312 - Vidor, TX",Unlead,Vidor,TX,66.98199999999997,0,0.0,1
2026-04-15 13:16:33,"0315 - Laredo, TX",Diesel,Laredo,TX,432.33400000000074,0,0.0,3
2026-04-15 13:16:33,"0315 - Laredo, TX",Unlead,Laredo,TX,90.82099999999991,0,0.0,1
2026-04-15 13:16:33,"0319 - Milford, TX",Diesel,Milford,TX,148.64500000000044,0,0.0,3
2026-04-15 13:16:33,"0319 - Milford, TX",Unlead,Milford,TX,88.625,0,0.0,1
2026-04-15 13:16:33,"0323 - Canton, TX",Diesel,Canton,TX,0.0,0,0.0,3
2026-04-15 13:16:33,"0323 - Canton, TX",Unlead,Canton,TX,91.78200000000106,0,0.0,1
2026-04-15 13:31:38,"0118 - Springfield, IL",Diesel,Springfield,IL,74.0,0,0.0,3
2026-04-15 13:31:38,"0118 - Springfield, IL",Unlead,Springfield,IL,0.0,0,0.0,1
2026-04-15 13:31:38,"0132 - Champaign, IL",Diesel,Champaign,IL,39.11480000000029,0,0.0,3
2026-04-15 13:31:38,"0132 - Champaign, IL",Unlead,Champaign,IL,23.72400000000016,0,0.0,1
2026-04-15 13:31:38,"0136 - Cottage Grove, WI",Diesel,Cottage Grove,WI,373.94600000000037,0,0.0,2
2026-04-15 13:31:38,"0136 - Cottage Grove, WI",Unlead,Cottage Grove,WI,32.11200000000008,0,0.0,1
2026-04-15 13:31:38,"0139 - Tuscola, IL",Diesel,Tuscola,IL,94.0,0,0.0,1
2026-04-15 13:31:38,"0139 - Tuscola, IL",Unlead,Tuscola,IL,34.0,0,0.0,2
2026-04-15 13:31:38,"0140 - Mendota, IL",Diesel,Mendota,IL,0.0,0,0.0,2
2026-04-15 13:31:38,"0140 - Mendota, IL",Unlead,Mendota,IL,0.0,0,0.0,2
2026-04-15 13:31:38,"0141 - Brazil, IN",Diesel,Brazil,IN,268.4291000000012,2,246.79889999999978,4
2026-04-15 13:31:38,"0141 - Brazil, IN",Unlead,Brazil,IN,0.0,0,0.0,1
2026-04-15 13:31:38,"0144 - Elk Run Height, IA",Diesel,Elk Run Height,IA,0.0,0,0.0,4
2026-04-15 13:31:38,"0144 - Elk Run Height, IA",Unlead,Elk Run Height,IA,55.205699999999524,0,0.0,2
2026-04-15 13:31:38,"0145 - Fenton, MO",Diesel,Fenton,MO,218.0,0,0.0,2
2026-04-15 13:31:38,"0145 - Fenton, MO",Unlead,Fenton,MO,19.0,0,0.0,1
2026-04-15 13:31:38,"0157 - Okawville, IL",Diesel,Okawville,IL,25.0,0,0.0,3
2026-04-15 13:31:38,"0157 - Okawville, IL",Unlead,Okawville,IL,39.03299999999945,0,0.0,1
2026-04-15 13:31:38,"0181 - Springfield, IL",Diesel,Springfield,IL,70.52999999999884,0,0.0,3
2026-04-15 13:31:38,"0181 - Springfield, IL",Unlead,Springfield,IL,55.65400000000045,0,0.0,1
2026-04-15 13:31:38,"0185 - McLean, IL",Diesel,McLean,IL,327.77850000000035,0,0.0,4
2026-04-15 13:31:38,"0185 - McLean, IL",Unlead,McLean,IL,27.984199999999873,0,0.0,1
2026-04-15 13:31:38,"0186 - Minonk, IL",Diesel,Minonk,IL,122.1859999999997,0,0.0,3
2026-04-15 13:31:38,"0186 - Minonk, IL",Unlead,Minonk,IL,8.345400000000154,0,0.0,1
2026-04-15 13:31:38,"0187 - Chicago, IL",Diesel,Chicago,IL,0.0,0,0.0,3
2026-04-15 13:31:38,"0187 - Chicago, IL",Unlead,Chicago,IL,9.3153999999995,0,0.0,1
2026-04-15 13:31:38,"0203 - Rockford, IL",Diesel,Rockford,IL,0.0,0,0.0,1
2026-04-15 13:31:38,"0203 - Rockford, IL",Unlead,Rockford,IL,21.375999999998385,0,0.0,1
2026-04-15 13:31:38,"0205 - South Beloit, IL",Diesel,South Beloit,IL,75.0,0,0.0,3
2026-04-15 13:31:38,"0205 - South Beloit, IL",Unlead,South Beloit,IL,81.0,0,0.0,1
2026-04-15 13:31:38,"0206 - Winnebago, IL",Diesel,Winnebago,IL,71.0,0,0.0,1
2026-04-15 13:31:38,"0206 - Winnebago, IL",Unlead,Winnebago,IL,99.0,0,0.0,1
2026-04-15 13:31:38,"0209 - Oakdale, WI",Diesel,Oakdale,WI,57.0,0,0.0,3
2026-04-15 13:31:38,"0209 - Oakdale, WI",Unlead,Oakdale,WI,39.0,0,0.0,1
2026-04-15 13:31:38,"0210 - Rochelle, IL",Diesel,Rochelle,IL,0.0,0,0.0,3
2026-04-15 13:31:38,"0210 - Rochelle, IL",Unlead,Rochelle,IL,64.0,0,0.0,1
2026-04-15 13:31:38,"0211 - Loves Park, IL",Diesel,Loves Park,IL,0.0,0,0.0,1
2026-04-15 13:31:38,"0211 - Loves Park, IL",Unlead,Loves Park,IL,28.0,0,0.0,1
2026-04-15 13:31:38,"0225 - Princeton, IL",Diesel,Princeton,IL,78.0,0,0.0,4
2026-04-15 13:31:38,"0225 - Princeton, IL",Unlead,Princeton,IL,32.0,0,0.0,2
2026-04-15 13:31:38,"0226 - Greenwood, IN",Diesel,Greenwood,IN,28.0,0,0.0,2
2026-04-15 13:31:38,"0226 - Greenwood, IN",Unlead,Greenwood,IN,8.0,0,0.0,2
2026-04-15 13:31:38,"0235 - Hampshire, IL",Diesel,Hampshire,IL,62.0,0,0.0,2
2026-04-15 13:31:38,"0235 - Hampshire, IL",Unlead,Hampshire,IL,63.0,0,0.0,2
2026-04-15 13:31:38,"0236 - East Troy, WI",Diesel,East Troy,WI,0.0,0,0.0,2
2026-04-15 13:31:38,"0236 - East Troy, WI",Unlead,East Troy,WI,4.0,0,0.0,1
2026-04-15 13:31:38,"0240 - Lake Station, IN",Diesel,Lake Station,IN,602.0,0,0.0,5
2026-04-15 13:31:38,"0240 - Lake Station, IN",Unlead,Lake Station,IN,40.0,0,0.0,2
2026-04-15 13:31:38,"0242 - St Robert, MO",Diesel,St Robert,MO,66.02900000000136,0,0.0,4
2026-04-15 13:31:38,"0263 - Ottawa, IL",Diesel,Ottawa,IL,142.0,0,0.0,3
2026-04-15 13:31:38,"0263 - Ottawa, IL",Unlead,Ottawa,IL,21.0,0,0.0,1
2026-04-15 13:31:38,"0265 - Dixon, IL",Diesel,Dixon,IL,0.0,0,0.0,3
2026-04-15 13:31:38,"0265 - Dixon, IL",Unlead,Dixon,IL,5.060500000000047,0,0.0,1
2026-04-15 13:31:38,"0266 - New Berlin, IL",Diesel,New Berlin,IL,0.0,0,0.0,3
2026-04-15 13:31:38,"0266 - New Berlin, IL",Unlead,New Berlin,IL,82.44090000000051,0,0.0,1
2026-04-15 13:31:38,"0267 - Pharr, TX",Diesel,Pharr,TX,237.0,0,0.0,4
2026-04-15 13:31:38,"0267 - Pharr, TX",Unlead,Pharr,TX,14.0,0,0.0,1
2026-04-15 13:31:38,"0268 - Grayville, IL",Diesel,Grayville,IL,286.0,0,0.0,3
2026-04-15 13:31:38,"0268 - Grayville, IL",Unlead,Grayville,IL,35.0,0,0.0,1
2026-04-15 13:31:38,"0269 - Marshall, IL",Diesel,Marshall,IL,134.0,0,0.0,3
2026-04-15 13:31:38,"0269 - Marshall, IL",Unlead,Marshall,IL,0.0,0,0.0,1
2026-04-15 13:31:38,"0270 - Moore, TX",Diesel,Moore,TX,158.0,0,0.0,3
2026-04-15 13:31:38,"0270 - Moore, TX",Unlead,Moore,TX,55.0,0,0.0,1
2026-04-15 13:31:38,"0271 - Odessa, TX",Diesel,Odessa,TX,394.5669999999991,0,0.0,3
2026-04-15 13:31:38,"0271 - Odessa, TX",Unlead,Odessa,TX,44.123999999999796,0,0.0,1
2026-04-15 13:31:38,"0272 - Encinal, TX",Diesel,Encinal,TX,45.016999999999825,0,0.0,3
2026-04-15 13:31:38,"0272 - Encinal, TX",Unlead,Encinal,TX,26.652000000000044,0,0.0,1
2026-04-15 13:31:38,"0273 - Combes, TX",Diesel,Combes,TX,29.785000000001673,0,0.0,3
2026-04-15 13:31:38,"0273 - Combes, TX",Unlead,Combes,TX,57.35200000000077,0,0.0,1
2026-04-15 13:31:38,"0275 - Sonora, TX",Diesel,Sonora,TX,65.31800000000112,0,0.0,3
2026-04-15 13:31:38,"0275 - Sonora, TX",Unlead,Sonora,TX,34.5679999999993,0,0.0,1
2026-04-15 13:31:38,"0276 - Waco, TX",Diesel,Waco,TX,279.64300000000003,0,0.0,3
2026-04-15 13:31:38,"0276 - Waco, TX",Unlead,Waco,TX,3.956000000000131,0,0.0,1
2026-04-15 13:31:38,"0277 - New Boston, TX",Diesel,New Boston,TX,0.0,0,0.0,3
2026-04-15 13:31:38,"0277 - New Boston, TX",Unlead,New Boston,TX,40.12300000000141,0,0.0,1
2026-04-15 13:31:38,"0278 - Brinkley, AR",Diesel,Brinkley,AR,584.2819999999992,0,0.0,3
2026-04-15 13:31:38,"0278 - Brinkley, AR",Unlead,Brinkley,AR,51.12300000000141,0,0.0,1
2026-04-15 13:31:38,"0279 - Marion, IL",Diesel,Marion,IL,70.01900000000023,0,0.0,3
2026-04-15 13:31:38,"0279 - Marion, IL",Unlead,Marion,IL,60.123499999999694,0,0.0,1
2026-04-15 13:31:38,"0280 - Monahans, TX",Diesel,Monahans,TX,0.0,2,6219.697099999999,3
2026-04-15 13:31:38,"0280 - Monahans, TX",Unlead,Monahans,TX,72.57300000000032,0,0.0,1
2026-04-15 13:31:38,"0281 - Cisco, TX",Diesel,Cisco,TX,119.43600000000151,0,0.0,3
2026-04-15 13:31:38,"0281 - Cisco, TX",Unlead,Cisco,TX,72.29399999999987,0,0.0,1
2026-04-15 13:31:38,"0282 - Gainesville, TX",Diesel,Gainesville,TX,74.26300000000447,0,0.0,3
2026-04-15 13:31:38,"0282 - Gainesville, TX",Unlead,Gainesville,TX,23.266999999999825,0,0.0,1
2026-04-15 13:31:38,"0283 - Sealy, TX",Diesel,Sealy,TX,47.99699999999939,0,0.0,3
2026-04-15 13:31:38,"0283 - Sealy, TX",Unlead,Sealy,TX,13.252999999998792,0,0.0,1
2026-04-15 13:31:38,"0284 - New Deal, TX",Diesel,New Deal,TX,0.0,0,0.0,3
2026-04-15 13:31:38,"0284 - New Deal, TX",Unlead,New Deal,TX,67.70499999999993,0,0.0,1
2026-04-15 13:31:38,"0285 - Seguin, TX",Diesel,Seguin,TX,379.875,0,0.0,3
2026-04-15 13:31:38,"0285 - Seguin, TX",Unlead,Seguin,TX,0.0,1,3887.587700000001,1
2026-04-15 13:31:38,"0286 - Amarillo, TX",Diesel,Amarillo,TX,193.34900000000016,0,0.0,3
2026-04-15 13:31:38,"0286 - Amarillo, TX",Unlead,Amarillo,TX,12.018000000000029,0,0.0,1
2026-04-15 13:31:38,"0287 - Burbonnais, IL",Diesel,Burbonnais,IL,81.92500000000109,0,0.0,3
2026-04-15 13:31:38,"0287 - Burbonnais, IL",Unlead,Burbonnais,IL,156.1239999999998,0,0.0,1
2026-04-15 13:31:38,"0289 - Teague, TX",Diesel,Teague,TX,276.09799999999814,0,0.0,3
2026-04-15 13:31:38,"0289 - Teague, TX",Unlead,Teague,TX,56.96700000000055,0,0.0,1
2026-04-15 13:31:38,"0290 - Joplin, MO",Diesel,Joplin,MO,228.82540000000154,0,0.0,3
2026-04-15 13:31:38,"0290 - Joplin, MO",Unlead,Joplin,MO,41.70399999999972,0,0.0,1
2026-04-15 13:31:38,"0312 - Vidor, TX",Diesel,Vidor,TX,119.36529999999948,0,0.0,3
2026-04-15 13:31:38,"0312 - Vidor, TX",Unlead,Vidor,TX,52.193999999999505,0,0.0,1
2026-04-15 13:31:38,"0315 - Laredo, TX",Diesel,Laredo,TX,98.91699999999764,0,0.0,3
2026-04-15 13:31:38,"0315 - Laredo, TX",Unlead,Laredo,TX,47.44999999999891,0,0.0,1
2026-04-15 13:31:38,"0319 - Milford, TX",Diesel,Milford,TX,59.86399999999958,0,0.0,3
2026-04-15 13:31:38,"0319 - Milford, TX",Unlead,Milford,TX,57.94300000000112,0,0.0,1
2026-04-15 13:31:38,"0323 - Canton, TX",Diesel,Canton,TX,0.0,0,0.0,3
2026-04-15 13:31:38,"0323 - Canton, TX",Unlead,Canton,TX,38.45899999999892,0,0.0,1
2026-04-15 13:46:43,"0118 - Springfield, IL",Diesel,Springfield,IL,23.0,0,0.0,3
2026-04-15 13:46:43,"0118 - Springfield, IL",Unlead,Springfield,IL,9.0,0,0.0,1
2026-04-15 13:46:43,"0132 - Champaign, IL",Diesel,Champaign,IL,163.3112000000001,0,0.0,3
2026-04-15 13:46:43,"0132 - Champaign, IL",Unlead,Champaign,IL,62.96600000000035,0,0.0,1
2026-04-15 13:46:43,"0136 - Cottage Grove, WI",Diesel,Cottage Grove,WI,292.1070000000004,0,0.0,2
2026-04-15 13:46:43,"0136 - Cottage Grove, WI",Unlead,Cottage Grove,WI,10.97400000000016,0,0.0,1
2026-04-15 13:46:43,"0139 - Tuscola, IL",Diesel,Tuscola,IL,0.0,0,0.0,1
2026-04-15 13:46:43,"0139 - Tuscola, IL",Unlead,Tuscola,IL,21.0,0,0.0,2
2026-04-15 13:46:43,"0140 - Mendota, IL",Diesel,Mendota,IL,0.0,0,0.0,2
2026-04-15 13:46:43,"0140 - Mendota, IL",Unlead,Mendota,IL,7.0,0,0.0,2
2026-04-15 13:46:43,"0141 - Brazil, IN",Diesel,Brazil,IN,222.58559999999943,0,0.0,4
2026-04-15 13:46:43,"0141 - Brazil, IN",Unlead,Brazil,IN,40.0,0,0.0,1
2026-04-15 13:46:43,"0144 - Elk Run Height, IA",Diesel,Elk Run Height,IA,94.0,0,0.0,4
2026-04-15 13:46:43,"0144 - Elk Run Height, IA",Unlead,Elk Run Height,IA,6.030999999999949,0,0.0,2
2026-04-15 13:46:43,"0145 - Fenton, MO",Diesel,Fenton,MO,0.0,0,0.0,2
2026-04-15 13:46:43,"0145 - Fenton, MO",Unlead,Fenton,MO,8.0,0,0.0,1
2026-04-15 13:46:43,"0157 - Okawville, IL",Diesel,Okawville,IL,0.0,0,0.0,3
2026-04-15 13:46:43,"0157 - Okawville, IL",Unlead,Okawville,IL,0.0,0,0.0,1
2026-04-15 13:46:43,"0181 - Springfield, IL",Diesel,Springfield,IL,19.114000000001397,0,0.0,3
2026-04-15 13:46:43,"0181 - Springfield, IL",Unlead,Springfield,IL,23.95600000000013,0,0.0,1
2026-04-15 13:46:43,"0185 - McLean, IL",Diesel,McLean,IL,141.04399999999987,0,0.0,4
2026-04-15 13:46:43,"0185 - McLean, IL",Unlead,McLean,IL,31.441400000000158,0,0.0,1
2026-04-15 13:46:43,"0186 - Minonk, IL",Diesel,Minonk,IL,22.0729999999985,0,0.0,3
2026-04-15 13:46:43,"0186 - Minonk, IL",Unlead,Minonk,IL,21.544600000000173,0,0.0,1
2026-04-15 13:46:43,"0187 - Chicago, IL",Diesel,Chicago,IL,89.0,0,0.0,3
2026-04-15 13:46:43,"0187 - Chicago, IL",Unlead,Chicago,IL,18.761600000000726,0,0.0,1
2026-04-15 13:46:43,"0203 - Rockford, IL",Diesel,Rockford,IL,0.0,0,0.0,1
2026-04-15 13:46:43,"0203 - Rockford, IL",Unlead,Rockford,IL,83.71300000000156,0,0.0,1
2026-04-15 13:46:43,"0205 - South Beloit, IL",Diesel,South Beloit,IL,0.0,0,0.0,3
2026-04-15 13:46:43,"0205 - South Beloit, IL",Unlead,South Beloit,IL,90.0,0,0.0,1
2026-04-15 13:46:43,"0206 - Winnebago, IL",Diesel,Winnebago,IL,0.0,0,0.0,1
2026-04-15 13:46:43,"0206 - Winnebago, IL",Unlead,Winnebago,IL,126.0,0,0.0,1
2026-04-15 13:46:43,"0209 - Oakdale, WI",Diesel,Oakdale,WI,15.0,0,0.0,3
2026-04-15 13:46:43,"0209 - Oakdale, WI",Unlead,Oakdale,WI,3.0,0,0.0,1
2026-04-15 13:46:43,"0210 - Rochelle, IL",Diesel,Rochelle,IL,31.0,0,0.0,3
2026-04-15 13:46:43,"0210 - Rochelle, IL",Unlead,Rochelle,IL,46.0,0,0.0,1
2026-04-15 13:46:43,"0211 - Loves Park, IL",Diesel,Loves Park,IL,0.0,0,0.0,1
2026-04-15 13:46:43,"0211 - Loves Park, IL",Unlead,Loves Park,IL,21.0,0,0.0,1
2026-04-15 13:46:43,"0225 - Princeton, IL",Diesel,Princeton,IL,90.0,0,0.0,4
2026-04-15 13:46:43,"0225 - Princeton, IL",Unlead,Princeton,IL,15.0,0,0.0,2
2026-04-15 13:46:43,"0226 - Greenwood, IN",Diesel,Greenwood,IN,0.0,0,0.0,2
2026-04-15 13:46:43,"0226 - Greenwood, IN",Unlead,Greenwood,IN,27.0,0,0.0,2
2026-04-15 13:46:43,"0235 - Hampshire, IL",Diesel,Hampshire,IL,49.0,0,0.0,2
2026-04-15 13:46:43,"0235 - Hampshire, IL",Unlead,Hampshire,IL,11.0,0,0.0,2
2026-04-15 13:46:43,"0236 - East Troy, WI",Diesel,East Troy,WI,0.0,0,0.0,2
2026-04-15 13:46:43,"0236 - East Troy, WI",Unlead,East Troy,WI,0.0,0,0.0,1
2026-04-15 13:46:43,"0240 - Lake Station, IN",Diesel,Lake Station,IN,186.0,0,0.0,5
2026-04-15 13:46:43,"0240 - Lake Station, IN",Unlead,Lake Station,IN,48.0,0,0.0,2
2026-04-15 13:46:43,"0242 - St Robert, MO",Diesel,St Robert,MO,53.52399999999943,0,0.0,4
2026-04-15 13:46:43,"0263 - Ottawa, IL",Diesel,Ottawa,IL,22.0,0,0.0,3
2026-04-15 13:46:43,"0263 - Ottawa, IL",Unlead,Ottawa,IL,61.0,0,0.0,1
2026-04-15 13:46:43,"0265 - Dixon, IL",Diesel,Dixon,IL,48.422999999998865,0,0.0,3
2026-04-15 13:46:43,"0265 - Dixon, IL",Unlead,Dixon,IL,0.0,0,0.0,1
2026-04-15 13:46:43,"0266 - New Berlin, IL",Diesel,New Berlin,IL,0.0,0,0.0,3
2026-04-15 13:46:43,"0266 - New Berlin, IL",Unlead,New Berlin,IL,75.3769000000002,0,0.0,1
2026-04-15 13:46:43,"0267 - Pharr, TX",Diesel,Pharr,TX,143.0,0,0.0,4
2026-04-15 13:46:43,"0267 - Pharr, TX",Unlead,Pharr,TX,26.0,0,0.0,1
2026-04-15 13:46:43,"0268 - Grayville, IL",Diesel,Grayville,IL,122.0,0,0.0,3
2026-04-15 13:46:43,"0268 - Grayville, IL",Unlead,Grayville,IL,37.0,0,0.0,1
2026-04-15 13:46:43,"0269 - Marshall, IL",Diesel,Marshall,IL,41.0,0,0.0,3
2026-04-15 13:46:43,"0269 - Marshall, IL",Unlead,Marshall,IL,0.0,0,0.0,1
2026-04-15 13:46:43,"0270 - Moore, TX",Diesel,Moore,TX,148.0,0,0.0,3
2026-04-15 13:46:43,"0270 - Moore, TX",Unlead,Moore,TX,53.0,0,0.0,1
2026-04-15 13:46:43,"0271 - Odessa, TX",Diesel,Odessa,TX,455.45500000000175,0,0.0,3
2026-04-15 13:46:43,"0271 - Odessa, TX",Unlead,Odessa,TX,13.71100000000115,0,0.0,1
2026-04-15 13:46:43,"0272 - Encinal, TX",Diesel,Encinal,TX,175.08399999999892,0,0.0,3
2026-04-15 13:46:43,"0272 - Encinal, TX",Unlead,Encinal,TX,15.899000000001251,0,0.0,1
2026-04-15 13:46:43,"0273 - Combes, TX",Diesel,Combes,TX,59.52599999999984,0,0.0,3
2026-04-15 13:46:43,"0273 - Combes, TX",Unlead,Combes,TX,90.1909999999989,0,0.0,1
2026-04-15 13:46:43,"0275 - Sonora, TX",Diesel,Sonora,TX,244.0709999999999,0,0.0,3
2026-04-15 13:46:43,"0275 - Sonora, TX",Unlead,Sonora,TX,28.502000000000407,0,0.0,1
2026-04-15 13:46:43,"0276 - Waco, TX",Diesel,Waco,TX,446.4979999999996,0,0.0,3
2026-04-15 13:46:43,"0276 - Waco, TX",Unlead,Waco,TX,31.804000000000087,0,0.0,1
2026-04-15 13:46:43,"0277 - New Boston, TX",Diesel,New Boston,TX,0.0,0,0.0,3
2026-04-15 13:46:43,"0277 - New Boston, TX",Unlead,New Boston,TX,12.20299999999952,0,0.0,1
2026-04-15 13:46:43,"0278 - Brinkley, AR",Diesel,Brinkley,AR,179.70300000000134,0,0.0,3
2026-04-15 13:46:43,"0278 - Brinkley, AR",Unlead,Brinkley,AR,52.784999999999854,0,0.0,1
2026-04-15 13:46:43,"0279 - Marion, IL",Diesel,Marion,IL,0.0,0,0.0,3
2026-04-15 13:46:43,"0279 - Marion, IL",Unlead,Marion,IL,85.74800000000141,0,0.0,1
2026-04-15 13:46:43,"0280 - Monahans, TX",Diesel,Monahans,TX,0.0,2,1622.0550000000003,3
2026-04-15 13:46:43,"0280 - Monahans, TX",Unlead,Monahans,TX,71.36099999999897,0,0.0,1
2026-04-15 13:46:43,"0281 - Cisco, TX",Diesel,Cisco,TX,153.67000000000007,0,0.0,3
2026-04-15 13:46:43,"0281 - Cisco, TX",Unlead,Cisco,TX,30.159999999999854,0,0.0,1
2026-04-15 13:46:43,"0282 - Gainesville, TX",Diesel,Gainesville,TX,191.27999999999702,0,0.0,3
2026-04-15 13:46:43,"0282 - Gainesville, TX",Unlead,Gainesville,TX,30.17699999999968,0,0.0,1
2026-04-15 13:46:43,"0283 - Sealy, TX",Diesel,Sealy,TX,234.9260000000013,0,0.0,3
2026-04-15 13:46:43,"0283 - Sealy, TX",Unlead,Sealy,TX,0.0,0,0.0,1
2026-04-15 13:46:43,"0284 - New Deal, TX",Diesel,New Deal,TX,83.89899999999943,0,0.0,3
2026-04-15 13:46:43,"0284 - New Deal, TX",Unlead,New Deal,TX,90.08100000000013,0,0.0,1
2026-04-15 13:46:43,"0285 - Seguin, TX",Diesel,Seguin,TX,101.03399999999965,0,0.0,3
2026-04-15 13:46:43,"0285 - Seguin, TX",Unlead,Seguin,TX,0.0,1,3349.806999999999,1
2026-04-15 13:46:43,"0286 - Amarillo, TX",Diesel,Amarillo,TX,0.0,0,0.0,3
2026-04-15 13:46:43,"0286 - Amarillo, TX",Unlead,Amarillo,TX,41.707000000000335,0,0.0,1
2026-04-15 13:46:43,"0287 - Burbonnais, IL",Diesel,Burbonnais,IL,58.115999999999985,0,0.0,3
2026-04-15 13:46:43,"0287 - Burbonnais, IL",Unlead,Burbonnais,IL,52.54399999999987,0,0.0,1
2026-04-15 13:46:43,"0289 - Teague, TX",Diesel,Teague,TX,309.72199999999975,0,0.0,3
2026-04-15 13:46:43,"0289 - Teague, TX",Unlead,Teague,TX,106.15300000000025,0,0.0,1
2026-04-15 13:46:43,"0290 - Joplin, MO",Diesel,Joplin,MO,343.8719999999994,0,0.0,3
2026-04-15 13:46:43,"0290 - Joplin, MO",Unlead,Joplin,MO,10.727000000000771,0,0.0,1
2026-04-15 13:46:43,"0312 - Vidor, TX",Diesel,Vidor,TX,173.94800000000032,1,2590.8232,3
2026-04-15 13:46:43,"0312 - Vidor, TX",Unlead,Vidor,TX,117.16500000000087,0,0.0,1
2026-04-15 13:46:43,"0315 - Laredo, TX",Diesel,Laredo,TX,238.30200000000332,0,0.0,3
2026-04-15 13:46:43,"0315 - Laredo, TX",Unlead,Laredo,TX,38.75,0,0.0,1
2026-04-15 13:46:43,"0319 - Milford, TX",Diesel,Milford,TX,396.7079999999987,0,0.0,3
2026-04-15 13:46:43,"0319 - Milford, TX",Unlead,Milford,TX,77.78999999999905,0,0.0,1
2026-04-15 13:46:43,"0323 - Canton, TX",Diesel,Canton,TX,5.936999999998079,0,0.0,3
2026-04-15 13:46:43,"0323 - Canton, TX",Unlead,Canton,TX,50.986000000000786,0,0.0,1
2026-04-15 14:01:44,"0118 - Springfield, IL",Diesel,Springfield,IL,77.0,0,0.0,3
2026-04-15 14:01:44,"0118 - Springfield, IL",Unlead,Springfield,IL,29.0,0,0.0,1
2026-04-15 14:01:44,"0132 - Champaign, IL",Diesel,Champaign,IL,8.54700000000048,0,0.0,3
2026-04-15 14:01:44,"0132 - Champaign, IL",Unlead,Champaign,IL,56.94200000000092,0,0.0,1
2026-04-15 14:01:44,"0136 - Cottage Grove, WI",Diesel,Cottage Grove,WI,0.0,2,850.6369999999997,2
2026-04-15 14:01:44,"0136 - Cottage Grove, WI",Unlead,Cottage Grove,WI,0.0,0,0.0,1
2026-04-15 14:01:44,"0139 - Tuscola, IL",Diesel,Tuscola,IL,0.0,0,0.0,1
2026-04-15 14:01:44,"0139 - Tuscola, IL",Unlead,Tuscola,IL,38.0,0,0.0,2
2026-04-15 14:01:44,"0140 - Mendota, IL",Diesel,Mendota,IL,232.0,0,0.0,2
2026-04-15 14:01:44,"0140 - Mendota, IL",Unlead,Mendota,IL,31.0,0,0.0,2
2026-04-15 14:01:44,"0141 - Brazil, IN",Diesel,Brazil,IN,148.95939999999973,0,0.0,4
2026-04-15 14:01:44,"0141 - Brazil, IN",Unlead,Brazil,IN,35.0,0,0.0,1
2026-04-15 14:01:44,"0144 - Elk Run Height, IA",Diesel,Elk Run Height,IA,116.0,0,0.0,4
2026-04-15 14:01:44,"0144 - Elk Run Height, IA",Unlead,Elk Run Height,IA,52.656300000000556,0,0.0,2
2026-04-15 14:01:44,"0145 - Fenton, MO",Diesel,Fenton,MO,279.0,0,0.0,2
2026-04-15 14:01:44,"0145 - Fenton, MO",Unlead,Fenton,MO,28.0,0,0.0,1
2026-04-15 14:01:44,"0157 - Okawville, IL",Diesel,Okawville,IL,37.0,0,0.0,3
2026-04-15 14:01:44,"0157 - Okawville, IL",Unlead,Okawville,IL,23.25300000000061,0,0.0,1
2026-04-15 14:01:44,"0181 - Springfield, IL",Diesel,Springfield,IL,145.6225000000004,0,0.0,3
2026-04-15 14:01:44,"0181 - Springfield, IL",Unlead,Springfield,IL,43.711999999999534,0,0.0,1
2026-04-15 14:01:44,"0185 - McLean, IL",Diesel,McLean,IL,139.26200000000063,0,0.0,4
2026-04-15 14:01:44,"0185 - McLean, IL",Unlead,McLean,IL,22.243199999999888,0,0.0,1
2026-04-15 14:01:44,"0186 - Minonk, IL",Diesel,Minonk,IL,13.064000000000306,0,0.0,3
2026-04-15 14:01:44,"0186 - Minonk, IL",Unlead,Minonk,IL,21.998199999999997,0,0.0,1
2026-04-15 14:01:44,"0187 - Chicago, IL",Diesel,Chicago,IL,8.0,0,0.0,3
2026-04-15 14:01:44,"0187 - Chicago, IL",Unlead,Chicago,IL,0.0,0,0.0,1
2026-04-15 14:01:44,"0203 - Rockford, IL",Diesel,Rockford,IL,0.0,0,0.0,1
2026-04-15 14:01:44,"0203 - Rockford, IL",Unlead,Rockford,IL,52.79699999999866,0,0.0,1
2026-04-15 14:01:44,"0205 - South Beloit, IL",Diesel,South Beloit,IL,0.0,0,0.0,3
2026-04-15 14:01:44,"0205 - South Beloit, IL",Unlead,South Beloit,IL,65.0,0,0.0,1
2026-04-15 14:01:44,"0206 - Winnebago, IL",Diesel,Winnebago,IL,26.0,0,0.0,1
2026-04-15 14:01:44,"0206 - Winnebago, IL",Unlead,Winnebago,IL,109.0,0,0.0,1
2026-04-15 14:01:44,"0209 - Oakdale, WI",Diesel,Oakdale,WI,172.0,0,0.0,3
2026-04-15 14:01:44,"0209 - Oakdale, WI",Unlead,Oakdale,WI,24.0,0,0.0,1
2026-04-15 14:01:44,"0210 - Rochelle, IL",Diesel,Rochelle,IL,264.0,0,0.0,3
2026-04-15 14:01:44,"0210 - Rochelle, IL",Unlead,Rochelle,IL,43.0,0,0.0,1
2026-04-15 14:01:44,"0211 - Loves Park, IL",Diesel,Loves Park,IL,0.0,0,0.0,1
2026-04-15 14:01:44,"0211 - Loves Park, IL",Unlead,Loves Park,IL,24.0,0,0.0,1
2026-04-15 14:01:44,"0225 - Princeton, IL",Diesel,Princeton,IL,18.0,0,0.0,4
2026-04-15 14:01:44,"0225 - Princeton, IL",Unlead,Princeton,IL,38.0,0,0.0,2
2026-04-15 14:01:44,"0226 - Greenwood, IN",Diesel,Greenwood,IN,0.0,0,0.0,2
2026-04-15 14:01:44,"0226 - Greenwood, IN",Unlead,Greenwood,IN,0.0,0,0.0,2
2026-04-15 14:01:44,"0235 - Hampshire, IL",Diesel,Hampshire,IL,0.0,0,0.0,2
2026-04-15 14:01:44,"0235 - Hampshire, IL",Unlead,Hampshire,IL,38.0,0,0.0,2
2026-04-15 14:01:44,"0236 - East Troy, WI",Diesel,East Troy,WI,18.0,0,0.0,2
2026-04-15 14:01:44,"0236 - East Troy, WI",Unlead,East Troy,WI,0.0,0,0.0,1
2026-04-15 14:01:44,"0240 - Lake Station, IN",Diesel,Lake Station,IN,215.0,0,0.0,5
2026-04-15 14:01:44,"0240 - Lake Station, IN",Unlead,Lake Station,IN,14.0,0,0.0,2
2026-04-15 14:01:44,"0242 - St Robert, MO",Diesel,St Robert,MO,11.731999999999971,0,0.0,4
2026-04-15 14:01:44,"0263 - Ottawa, IL",Diesel,Ottawa,IL,0.0,0,0.0,3
2026-04-15 14:01:44,"0263 - Ottawa, IL",Unlead,Ottawa,IL,58.0,0,0.0,1
2026-04-15 14:01:44,"0265 - Dixon, IL",Diesel,Dixon,IL,0.0,0,0.0,3
2026-04-15 14:01:44,"0265 - Dixon, IL",Unlead,Dixon,IL,0.0,0,0.0,1
2026-04-15 14:01:44,"0266 - New Berlin, IL",Diesel,New Berlin,IL,23.0,0,0.0,3
2026-04-15 14:01:44,"0266 - New Berlin, IL",Unlead,New Berlin,IL,23.18119999999999,0,0.0,1
2026-04-15 14:01:44,"0267 - Pharr, TX",Diesel,Pharr,TX,503.0,0,0.0,4
2026-04-15 14:01:44,"0267 - Pharr, TX",Unlead,Pharr,TX,48.0,0,0.0,1
2026-04-15 14:01:44,"0268 - Grayville, IL",Diesel,Grayville,IL,309.0,0,0.0,3
2026-04-15 14:01:44,"0268 - Grayville, IL",Unlead,Grayville,IL,95.0,0,0.0,1
2026-04-15 14:01:44,"0269 - Marshall, IL",Diesel,Marshall,IL,180.0,0,0.0,3
2026-04-15 14:01:44,"0269 - Marshall, IL",Unlead,Marshall,IL,24.0,0,0.0,1
2026-04-15 14:01:44,"0270 - Moore, TX",Diesel,Moore,TX,214.0,0,0.0,3
2026-04-15 14:01:44,"0270 - Moore, TX",Unlead,Moore,TX,12.0,0,0.0,1
2026-04-15 14:01:44,"0271 - Odessa, TX",Diesel,Odessa,TX,553.6620000000003,0,0.0,3
2026-04-15 14:01:44,"0271 - Odessa, TX",Unlead,Odessa,TX,58.456999999998516,0,0.0,1
2026-04-15 14:01:44,"0272 - Encinal, TX",Diesel,Encinal,TX,25.60900000000038,0,0.0,3
2026-04-15 14:01:44,"0272 - Encinal, TX",Unlead,Encinal,TX,4.940999999998894,0,0.0,1
2026-04-15 14:01:44,"0273 - Combes, TX",Diesel,Combes,TX,50.29200000000128,1,497.39800000000105,3
2026-04-15 14:01:44,"0273 - Combes, TX",Unlead,Combes,TX,37.875,0,0.0,1
2026-04-15 14:01:44,"0275 - Sonora, TX",Diesel,Sonora,TX,255.05199999999786,0,0.0,3
2026-04-15 14:01:44,"0275 - Sonora, TX",Unlead,Sonora,TX,56.97199999999975,0,0.0,1
2026-04-15 14:01:44,"0276 - Waco, TX",Diesel,Waco,TX,532.1446000000014,0,0.0,3
2026-04-15 14:01:44,"0276 - Waco, TX",Unlead,Waco,TX,70.04500000000007,0,0.0,1
2026-04-15 14:01:44,"0277 - New Boston, TX",Diesel,New Boston,TX,159.84900000000016,0,0.0,3
2026-04-15 14:01:44,"0277 - New Boston, TX",Unlead,New Boston,TX,68.39899999999943,0,0.0,1
2026-04-15 14:01:44,"0278 - Brinkley, AR",Diesel,Brinkley,AR,127.01949999999852,0,0.0,3
2026-04-15 14:01:44,"0278 - Brinkley, AR",Unlead,Brinkley,AR,9.8799999999992,0,0.0,1
2026-04-15 14:01:44,"0279 - Marion, IL",Diesel,Marion,IL,0.0,0,0.0,3
2026-04-15 14:01:44,"0279 - Marion, IL",Unlead,Marion,IL,98.32699999999932,0,0.0,1
2026-04-15 14:01:44,"0280 - Monahans, TX",Diesel,Monahans,TX,262.00760000000173,0,0.0,3
2026-04-15 14:01:44,"0280 - Monahans, TX",Unlead,Monahans,TX,38.99799999999959,0,0.0,1
2026-04-15 14:01:44,"0281 - Cisco, TX",Diesel,Cisco,TX,22.44800000000032,1,180.71900000000096,3
2026-04-15 14:01:44,"0281 - Cisco, TX",Unlead,Cisco,TX,43.655000000000655,0,0.0,1
2026-04-15 14:01:44,"0282 - Gainesville, TX",Diesel,Gainesville,TX,155.71499999999833,0,0.0,3
2026-04-15 14:01:44,"0282 - Gainesville, TX",Unlead,Gainesville,TX,16.74200000000019,0,0.0,1
2026-04-15 14:01:44,"0283 - Sealy, TX",Diesel,Sealy,TX,108.01299999999901,0,0.0,3
2026-04-15 14:01:44,"0283 - Sealy, TX",Unlead,Sealy,TX,37.73700000000099,0,0.0,1
2026-04-15 14:01:44,"0284 - New Deal, TX",Diesel,New Deal,TX,0.0,0,0.0,3
2026-04-15 14:01:44,"0284 - New Deal, TX",Unlead,New Deal,TX,80.1869999999999,0,0.0,1
2026-04-15 14:01:44,"0285 - Seguin, TX",Diesel,Seguin,TX,129.69300000000112,1,457.04299999999967,3
2026-04-15 14:01:44,"0285 - Seguin, TX",Unlead,Seguin,TX,19.76000000000022,0,0.0,1
2026-04-15 14:01:44,"0286 - Amarillo, TX",Diesel,Amarillo,TX,0.0,0,0.0,3
2026-04-15 14:01:44,"0286 - Amarillo, TX",Unlead,Amarillo,TX,4.951000000000931,0,0.0,1
2026-04-15 14:01:44,"0287 - Burbonnais, IL",Diesel,Burbonnais,IL,91.28299999999763,0,0.0,3
2026-04-15 14:01:44,"0287 - Burbonnais, IL",Unlead,Burbonnais,IL,30.953999999999724,0,0.0,1
2026-04-15 14:01:44,"0289 - Teague, TX",Diesel,Teague,TX,150.0625,0,0.0,3
2026-04-15 14:01:44,"0289 - Teague, TX",Unlead,Teague,TX,48.88600000000042,0,0.0,1
2026-04-15 14:01:44,"0290 - Joplin, MO",Diesel,Joplin,MO,29.851999999998952,0,0.0,3
2026-04-15 14:01:44,"0290 - Joplin, MO",Unlead,Joplin,MO,2.8179999999993015,0,0.0,1
2026-04-15 14:01:44,"0312 - Vidor, TX",Diesel,Vidor,TX,0.0,1,3267.5032999999994,3
2026-04-15 14:01:44,"0312 - Vidor, TX",Unlead,Vidor,TX,0.0,0,0.0,1
2026-04-15 14:01:44,"0315 - Laredo, TX",Diesel,Laredo,TX,115.46199999999953,0,0.0,3
2026-04-15 14:01:44,"0315 - Laredo, TX",Unlead,Laredo,TX,69.6830000000009,0,0.0,1
2026-04-15 14:01:44,"0319 - Milford, TX",Diesel,Milford,TX,58.137000000000626,0,0.0,3
2026-04-15 14:01:44,"0319 - Milford, TX",Unlead,Milford,TX,26.506999999999607,0,0.0,1
2026-04-15 14:01:44,"0323 - Canton, TX",Diesel,Canton,TX,0.0,0,0.0,3
2026-04-15 14:01:44,"0323 - Canton, TX",Unlead,Canton,TX,17.84399999999914,0,0.0,1
2026-04-15 14:16:45,"0118 - Springfield, IL",Diesel,Springfield,IL,95.0,0,0.0,3
2026-04-15 14:16:45,"0118 - Springfield, IL",Unlead,Springfield,IL,37.0,0,0.0,1
2026-04-15 14:16:45,"0132 - Champaign, IL",Diesel,Champaign,IL,58.134000000000015,0,0.0,3
2026-04-15 14:16:45,"0132 - Champaign, IL",Unlead,Champaign,IL,45.98999999999978,0,0.0,1
2026-04-15 14:16:45,"0136 - Cottage Grove, WI",Diesel,Cottage Grove,WI,0.0,2,5972.799,2
2026-04-15 14:16:45,"0136 - Cottage Grove, WI",Unlead,Cottage Grove,WI,0.0,0,0.0,1
2026-04-15 14:16:45,"0139 - Tuscola, IL",Diesel,Tuscola,IL,0.0,0,0.0,1
2026-04-15 14:16:45,"0139 - Tuscola, IL",Unlead,Tuscola,IL,57.0,0,0.0,2
2026-04-15 14:16:45,"0140 - Mendota, IL",Diesel,Mendota,IL,0.0,0,0.0,2
2026-04-15 14:16:45,"0140 - Mendota, IL",Unlead,Mendota,IL,6.0,0,0.0,2
2026-04-15 14:16:45,"0141 - Brazil, IN",Diesel,Brazil,IN,125.28709999999955,0,0.0,4
2026-04-15 14:16:45,"0141 - Brazil, IN",Unlead,Brazil,IN,41.0,0,0.0,1
2026-04-15 14:16:45,"0144 - Elk Run Height, IA",Diesel,Elk Run Height,IA,65.0,0,0.0,4
2026-04-15 14:16:45,"0144 - Elk Run Height, IA",Unlead,Elk Run Height,IA,64.51319999999942,0,0.0,2
2026-04-15 14:16:45,"0145 - Fenton, MO",Diesel,Fenton,MO,0.0,0,0.0,2
2026-04-15 14:16:45,"0145 - Fenton, MO",Unlead,Fenton,MO,65.0,0,0.0,1
2026-04-15 14:16:45,"0157 - Okawville, IL",Diesel,Okawville,IL,74.0,0,0.0,3
2026-04-15 14:16:45,"0157 - Okawville, IL",Unlead,Okawville,IL,24.04199999999946,0,0.0,1
2026-04-15 14:16:45,"0181 - Springfield, IL",Diesel,Springfield,IL,64.0059999999994,0,0.0,3
2026-04-15 14:16:45,"0181 - Springfield, IL",Unlead,Springfield,IL,10.203000000001339,0,0.0,1
2026-04-15 14:16:45,"0185 - McLean, IL",Diesel,McLean,IL,148.97400000000016,0,0.0,4
2026-04-15 14:16:45,"0185 - McLean, IL",Unlead,McLean,IL,114.92000000000007,0,0.0,1
2026-04-15 14:16:45,"0186 - Minonk, IL",Diesel,Minonk,IL,0.0,0,0.0,3
2026-04-15 14:16:45,"0186 - Minonk, IL",Unlead,Minonk,IL,64.66699999999992,0,0.0,1
2026-04-15 14:16:45,"0187 - Chicago, IL",Diesel,Chicago,IL,22.0,0,0.0,3
2026-04-15 14:16:45,"0187 - Chicago, IL",Unlead,Chicago,IL,33.91849999999977,0,0.0,1
2026-04-15 14:16:45,"0203 - Rockford, IL",Diesel,Rockford,IL,0.0,0,0.0,1
2026-04-15 14:16:45,"0203 - Rockford, IL",Unlead,Rockford,IL,23.136000000000422,0,0.0,1
2026-04-15 14:16:45,"0205 - South Beloit, IL",Diesel,South Beloit,IL,168.0,0,0.0,3
2026-04-15 14:16:45,"0205 - South Beloit, IL",Unlead,South Beloit,IL,18.0,0,0.0,1
2026-04-15 14:16:45,"0206 - Winnebago, IL",Diesel,Winnebago,IL,103.0,0,0.0,1
2026-04-15 14:16:45,"0206 - Winnebago, IL",Unlead,Winnebago,IL,56.0,0,0.0,1
2026-04-15 14:16:45,"0209 - Oakdale, WI",Diesel,Oakdale,WI,204.0,0,0.0,3
2026-04-15 14:16:45,"0209 - Oakdale, WI",Unlead,Oakdale,WI,18.0,0,0.0,1
2026-04-15 14:16:45,"0210 - Rochelle, IL",Diesel,Rochelle,IL,482.0,0,0.0,3
2026-04-15 14:16:45,"0210 - Rochelle, IL",Unlead,Rochelle,IL,35.0,0,0.0,1
2026-04-15 14:16:45,"0211 - Loves Park, IL",Diesel,Loves Park,IL,38.0,0,0.0,1
2026-04-15 14:16:45,"0211 - Loves Park, IL",Unlead,Loves Park,IL,32.0,0,0.0,1
2026-04-15 14:16:45,"0225 - Princeton, IL",Diesel,Princeton,IL,261.0,0,0.0,4
2026-04-15 14:16:45,"0225 - Princeton, IL",Unlead,Princeton,IL,0.0,0,0.0,2
2026-04-15 14:16:45,"0226 - Greenwood, IN",Diesel,Greenwood,IN,209.0,0,0.0,2
2026-04-15 14:16:45,"0226 - Greenwood, IN",Unlead,Greenwood,IN,0.0,0,0.0,2
2026-04-15 14:16:45,"0235 - Hampshire, IL",Diesel,Hampshire,IL,7.0,0,0.0,2
2026-04-15 14:16:45,"0235 - Hampshire, IL",Unlead,Hampshire,IL,39.0,0,0.0,2
2026-04-15 14:16:45,"0236 - East Troy, WI",Diesel,East Troy,WI,0.0,0,0.0,2
2026-04-15 14:16:45,"0236 - East Troy, WI",Unlead,East Troy,WI,13.0,0,0.0,1
2026-04-15 14:16:45,"0240 - Lake Station, IN",Diesel,Lake Station,IN,232.0,0,0.0,5
2026-04-15 14:16:45,"0240 - Lake Station, IN",Unlead,Lake Station,IN,0.0,0,0.0,2
2026-04-15 14:16:45,"0242 - St Robert, MO",Diesel,St Robert,MO,0.0,0,0.0,4
2026-04-15 14:16:45,"0263 - Ottawa, IL",Diesel,Ottawa,IL,42.0,0,0.0,3
2026-04-15 14:16:45,"0263 - Ottawa, IL",Unlead,Ottawa,IL,61.0,0,0.0,1
2026-04-15 14:16:45,"0265 - Dixon, IL",Diesel,Dixon,IL,67.39999999999782,0,0.0,3
2026-04-15 14:16:45,"0265 - Dixon, IL",Unlead,Dixon,IL,0.0,1,1767.3789000000006,1
2026-04-15 14:16:45,"0266 - New Berlin, IL",Diesel,New Berlin,IL,0.0,0,0.0,3
2026-04-15 14:16:45,"0266 - New Berlin, IL",Unlead,New Berlin,IL,22.600399999999354,0,0.0,1
2026-04-15 14:16:45,"0267 - Pharr, TX",Diesel,Pharr,TX,797.0,0,0.0,4
2026-04-15 14:16:45,"0267 - Pharr, TX",Unlead,Pharr,TX,81.0,0,0.0,1
2026-04-15 14:16:45,"0268 - Grayville, IL",Diesel,Grayville,IL,103.0,0,0.0,3
2026-04-15 14:16:45,"0268 - Grayville, IL",Unlead,Grayville,IL,21.0,0,0.0,1
2026-04-15 14:16:45,"0269 - Marshall, IL",Diesel,Marshall,IL,167.0,0,0.0,3
2026-04-15 14:16:45,"0269 - Marshall, IL",Unlead,Marshall,IL,25.0,0,0.0,1
2026-04-15 14:16:45,"0270 - Moore, TX",Diesel,Moore,TX,60.0,0,0.0,3
2026-04-15 14:16:45,"0270 - Moore, TX",Unlead,Moore,TX,30.0,0,0.0,1
2026-04-15 14:16:45,"0271 - Odessa, TX",Diesel,Odessa,TX,544.0009999999984,0,0.0,3
2026-04-15 14:16:45,"0271 - Odessa, TX",Unlead,Odessa,TX,45.18600000000151,0,0.0,1
2026-04-15 14:16:45,"0272 - Encinal, TX",Diesel,Encinal,TX,113.23300000000017,0,0.0,3
2026-04-15 14:16:45,"0272 - Encinal, TX",Unlead,Encinal,TX,0.0,0,0.0,1
2026-04-15 14:16:45,"0273 - Combes, TX",Diesel,Combes,TX,36.50200000000041,2,7071.328000000001,3
2026-04-15 14:16:45,"0273 - Combes, TX",Unlead,Combes,TX,33.18000000000029,0,0.0,1
2026-04-15 14:16:45,"0275 - Sonora, TX",Diesel,Sonora,TX,64.3560000000034,0,0.0,3
2026-04-15 14:16:45,"0275 - Sonora, TX",Unlead,Sonora,TX,117.67100000000028,0,0.0,1
2026-04-15 14:16:45,"0276 - Waco, TX",Diesel,Waco,TX,338.6776999999993,0,0.0,3
2026-04-15 14:16:45,"0276 - Waco, TX",Unlead,Waco,TX,36.23999999999978,0,0.0,1
2026-04-15 14:16:45,"0277 - New Boston, TX",Diesel,New Boston,TX,135.02999999999884,0,0.0,3
2026-04-15 14:16:45,"0277 - New Boston, TX",Unlead,New Boston,TX,15.94800000000032,0,0.0,1
2026-04-15 14:16:45,"0278 - Brinkley, AR",Diesel,Brinkley,AR,116.71150000000125,0,0.0,3
2026-04-15 14:16:45,"0278 - Brinkley, AR",Unlead,Brinkley,AR,25.710000000000946,0,0.0,1
2026-04-15 14:16:45,"0279 - Marion, IL",Diesel,Marion,IL,0.0,0,0.0,3
2026-04-15 14:16:45,"0279 - Marion, IL",Unlead,Marion,IL,90.80199999999968,0,0.0,1
2026-04-15 14:16:45,"0280 - Monahans, TX",Diesel,Monahans,TX,174.05399999999736,0,0.0,3
2026-04-15 14:16:45,"0280 - Monahans, TX",Unlead,Monahans,TX,29.566000000000713,0,0.0,1
2026-04-15 14:16:45,"0281 - Cisco, TX",Diesel,Cisco,TX,0.0,2,7554.5689999999995,3
2026-04-15 14:16:45,"0281 - Cisco, TX",Unlead,Cisco,TX,56.22199999999975,0,0.0,1
2026-04-15 14:16:45,"0282 - Gainesville, TX",Diesel,Gainesville,TX,151.50600000000122,0,0.0,3
2026-04-15 14:16:45,"0282 - Gainesville, TX",Unlead,Gainesville,TX,19.442000000000917,0,0.0,1
2026-04-15 14:16:45,"0283 - Sealy, TX",Diesel,Sealy,TX,378.2059999999983,0,0.0,3
2026-04-15 14:16:45,"0283 - Sealy, TX",Unlead,Sealy,TX,0.0,0,0.0,1
2026-04-15 14:16:45,"0284 - New Deal, TX",Diesel,New Deal,TX,35.95600000000013,0,0.0,3
2026-04-15 14:16:45,"0284 - New Deal, TX",Unlead,New Deal,TX,71.72199999999975,0,0.0,1
2026-04-15 14:16:45,"0285 - Seguin, TX",Diesel,Seguin,TX,149.5759999999991,0,0.0,3
2026-04-15 14:16:45,"0285 - Seguin, TX",Unlead,Seguin,TX,12.802999999999884,0,0.0,1
2026-04-15 14:16:45,"0286 - Amarillo, TX",Diesel,Amarillo,TX,120.03600000000006,0,0.0,3
2026-04-15 14:16:45,"0286 - Amarillo, TX",Unlead,Amarillo,TX,40.28799999999865,0,0.0,1
2026-04-15 14:16:45,"0287 - Burbonnais, IL",Diesel,Burbonnais,IL,184.64200000000164,0,0.0,3
2026-04-15 14:16:45,"0287 - Burbonnais, IL",Unlead,Burbonnais,IL,28.365999999999985,0,0.0,1
2026-04-15 14:16:45,"0289 - Teague, TX",Diesel,Teague,TX,214.61549999999988,0,0.0,3
2026-04-15 14:16:45,"0289 - Teague, TX",Unlead,Teague,TX,29.43000000000029,0,0.0,1
2026-04-15 14:16:45,"0290 - Joplin, MO",Diesel,Joplin,MO,65.63599999999951,0,0.0,3
2026-04-15 14:16:45,"0290 - Joplin, MO",Unlead,Joplin,MO,34.460000000000946,0,0.0,1
2026-04-15 14:16:45,"0312 - Vidor, TX",Diesel,Vidor,TX,229.66200000000026,1,1248.174000000001,3
2026-04-15 14:16:45,"0312 - Vidor, TX",Unlead,Vidor,TX,65.6309999999994,0,0.0,1
2026-04-15 14:16:45,"0315 - Laredo, TX",Diesel,Laredo,TX,301.5839999999989,0,0.0,3
2026-04-15 14:16:45,"0315 - Laredo, TX",Unlead,Laredo,TX,0.0,0,0.0,1
2026-04-15 14:16:45,"0319 - Milford, TX",Diesel,Milford,TX,81.77100000000064,0,0.0,3
2026-04-15 14:16:45,"0319 - Milford, TX",Unlead,Milford,TX,58.375,0,0.0,1
2026-04-15 14:16:45,"0323 - Canton, TX",Diesel,Canton,TX,0.0,0,0.0,3
2026-04-15 14:16:45,"0323 - Canton, TX",Unlead,Canton,TX,12.074000000000524,0,0.0,1
2026-04-15 14:31:46,"0118 - Springfield, IL",Diesel,Springfield,IL,159.0,0,0.0,3
2026-04-15 14:31:46,"0118 - Springfield, IL",Unlead,Springfield,IL,0.0,0,0.0,1
2026-04-15 14:31:46,"0132 - Champaign, IL",Diesel,Champaign,IL,117.36530000000039,0,0.0,3
2026-04-15 14:31:46,"0132 - Champaign, IL",Unlead,Champaign,IL,108.36299999999937,0,0.0,1
2026-04-15 14:31:46,"0136 - Cottage Grove, WI",Diesel,Cottage Grove,WI,328.65200000000004,0,0.0,2
2026-04-15 14:31:46,"0136 - Cottage Grove, WI",Unlead,Cottage Grove,WI,30.53099999999995,0,0.0,1
2026-04-15 14:31:46,"0139 - Tuscola, IL",Diesel,Tuscola,IL,282.0,0,0.0,1
2026-04-15 14:31:46,"0139 - Tuscola, IL",Unlead,Tuscola,IL,2.0,0,0.0,2
2026-04-15 14:31:46,"0140 - Mendota, IL",Diesel,Mendota,IL,0.0,0,0.0,2
2026-04-15 14:31:46,"0140 - Mendota, IL",Unlead,Mendota,IL,17.0,0,0.0,2
2026-04-15 14:31:46,"0141 - Brazil, IN",Diesel,Brazil,IN,82.78510000000188,0,0.0,4
2026-04-15 14:31:46,"0141 - Brazil, IN",Unlead,Brazil,IN,18.0,0,0.0,1
2026-04-15 14:31:46,"0144 - Elk Run Height, IA",Diesel,Elk Run Height,IA,300.0,0,0.0,4
2026-04-15 14:31:46,"0144 - Elk Run Height, IA",Unlead,Elk Run Height,IA,16.941499999999905,0,0.0,2
2026-04-15 14:31:46,"0145 - Fenton, MO",Diesel,Fenton,MO,142.0,0,0.0,2
2026-04-15 14:31:46,"0145 - Fenton, MO",Unlead,Fenton,MO,14.0,0,0.0,1
2026-04-15 14:31:46,"0157 - Okawville, IL",Diesel,Okawville,IL,0.0,0,0.0,3
2026-04-15 14:31:46,"0157 - Okawville, IL",Unlead,Okawville,IL,0.0,0,0.0,1
2026-04-15 14:31:46,"0181 - Springfield, IL",Diesel,Springfield,IL,118.614700000001,0,0.0,3
2026-04-15 14:31:46,"0181 - Springfield, IL",Unlead,Springfield,IL,36.30799999999908,0,0.0,1
2026-04-15 14:31:46,"0185 - McLean, IL",Diesel,McLean,IL,129.95299999999952,0,0.0,4
2026-04-15 14:31:46,"0185 - McLean, IL",Unlead,McLean,IL,55.56449999999995,0,0.0,1
2026-04-15 14:31:46,"0186 - Minonk, IL",Diesel,Minonk,IL,0.0,0,0.0,3
2026-04-15 14:31:46,"0186 - Minonk, IL",Unlead,Minonk,IL,0.0,1,1786.8182000000002,1
2026-04-15 14:31:46,"0187 - Chicago, IL",Diesel,Chicago,IL,172.0,0,0.0,3
2026-04-15 14:31:46,"0187 - Chicago, IL",Unlead,Chicago,IL,5.488699999999881,0,0.0,1
2026-04-15 14:31:46,"0203 - Rockford, IL",Diesel,Rockford,IL,0.0,0,0.0,1
2026-04-15 14:31:46,"0203 - Rockford, IL",Unlead,Rockford,IL,16.112999999999374,0,0.0,1
2026-04-15 14:31:46,"0205 - South Beloit, IL",Diesel,South Beloit,IL,0.0,0,0.0,3
2026-04-15 14:31:46,"0205 - South Beloit, IL",Unlead,South Beloit,IL,0.0,0,0.0,1
2026-04-15 14:31:46,"0206 - Winnebago, IL",Diesel,Winnebago,IL,0.0,0,0.0,1
2026-04-15 14:31:46,"0206 - Winnebago, IL",Unlead,Winnebago,IL,53.0,0,0.0,1
2026-04-15 14:31:46,"0209 - Oakdale, WI",Diesel,Oakdale,WI,162.0,0,0.0,3
2026-04-15 14:31:46,"0209 - Oakdale, WI",Unlead,Oakdale,WI,6.0,0,0.0,1
2026-04-15 14:31:46,"0210 - Rochelle, IL",Diesel,Rochelle,IL,0.0,0,0.0,3
2026-04-15 14:31:46,"0210 - Rochelle, IL",Unlead,Rochelle,IL,39.0,0,0.0,1
2026-04-15 14:31:46,"0211 - Loves Park, IL",Diesel,Loves Park,IL,24.0,0,0.0,1
2026-04-15 14:31:46,"0211 - Loves Park, IL",Unlead,Loves Park,IL,20.0,0,0.0,1
2026-04-15 14:31:46,"0225 - Princeton, IL",Diesel,Princeton,IL,58.0,0,0.0,4
2026-04-15 14:31:46,"0225 - Princeton, IL",Unlead,Princeton,IL,10.0,0,0.0,2
2026-04-15 14:31:46,"0226 - Greenwood, IN",Diesel,Greenwood,IN,30.0,0,0.0,2
2026-04-15 14:31:46,"0226 - Greenwood, IN",Unlead,Greenwood,IN,0.0,0,0.0,2
2026-04-15 14:31:46,"0235 - Hampshire, IL",Diesel,Hampshire,IL,200.0,0,0.0,2
2026-04-15 14:31:46,"0235 - Hampshire, IL",Unlead,Hampshire,IL,70.0,0,0.0,2
2026-04-15 14:31:46,"0236 - East Troy, WI",Diesel,East Troy,WI,0.0,0,0.0,2
2026-04-15 14:31:46,"0236 - East Troy, WI",Unlead,East Troy,WI,33.0,0,0.0,1
2026-04-15 14:31:46,"0240 - Lake Station, IN",Diesel,Lake Station,IN,140.0,0,0.0,5
2026-04-15 14:31:46,"0240 - Lake Station, IN",Unlead,Lake Station,IN,40.0,0,0.0,2
2026-04-15 14:31:46,"0242 - St Robert, MO",Diesel,St Robert,MO,111.67599999999948,0,0.0,4
2026-04-15 14:31:46,"0263 - Ottawa, IL",Diesel,Ottawa,IL,126.0,0,0.0,3
2026-04-15 14:31:46,"0263 - Ottawa, IL",Unlead,Ottawa,IL,54.0,0,0.0,1
2026-04-15 14:31:46,"0265 - Dixon, IL",Diesel,Dixon,IL,0.0,0,0.0,3
2026-04-15 14:31:46,"0265 - Dixon, IL",Unlead,Dixon,IL,0.0,1,3714.0756999999994,1
2026-04-15 14:31:46,"0266 - New Berlin, IL",Diesel,New Berlin,IL,20.0,0,0.0,3
2026-04-15 14:31:46,"0266 - New Berlin, IL",Unlead,New Berlin,IL,20.36500000000069,0,0.0,1
2026-04-15 14:31:46,"0267 - Pharr, TX",Diesel,Pharr,TX,729.0,0,0.0,4
2026-04-15 14:31:46,"0267 - Pharr, TX",Unlead,Pharr,TX,12.0,0,0.0,1
2026-04-15 14:31:46,"0268 - Grayville, IL",Diesel,Grayville,IL,36.0,0,0.0,3
2026-04-15 14:31:46,"0268 - Grayville, IL",Unlead,Grayville,IL,20.0,0,0.0,1
2026-04-15 14:31:46,"0269 - Marshall, IL",Diesel,Marshall,IL,10.0,0,0.0,3
2026-04-15 14:31:46,"0269 - Marshall, IL",Unlead,Marshall,IL,0.0,0,0.0,1
2026-04-15 14:31:46,"0270 - Moore, TX",Diesel,Moore,TX,43.0,0,0.0,3
2026-04-15 14:31:46,"0270 - Moore, TX",Unlead,Moore,TX,22.0,0,0.0,1
2026-04-15 14:31:46,"0271 - Odessa, TX",Diesel,Odessa,TX,257.20800000000054,0,0.0,3
2026-04-15 14:31:46,"0271 - Odessa, TX",Unlead,Odessa,TX,85.04199999999946,0,0.0,1
2026-04-15 14:31:46,"0272 - Encinal, TX",Diesel,Encinal,TX,175.13500000000022,0,0.0,3
2026-04-15 14:31:46,"0272 - Encinal, TX",Unlead,Encinal,TX,48.55400000000009,0,0.0,1
2026-04-15 14:31:46,"0273 - Combes, TX",Diesel,Combes,TX,75.14199999999983,0,0.0,3
2026-04-15 14:31:46,"0273 - Combes, TX",Unlead,Combes,TX,98.29600000000028,0,0.0,1
2026-04-15 14:31:46,"0275 - Sonora, TX",Diesel,Sonora,TX,18.982999999998356,0,0.0,3
2026-04-15 14:31:46,"0275 - Sonora, TX",Unlead,Sonora,TX,85.32300000000032,0,0.0,1
2026-04-15 14:31:46,"0276 - Waco, TX",Diesel,Waco,TX,203.67109999999866,0,0.0,3
2026-04-15 14:31:46,"0276 - Waco, TX",Unlead,Waco,TX,57.35200000000077,0,0.0,1
2026-04-15 14:31:46,"0277 - New Boston, TX",Diesel,New Boston,TX,0.0,0,0.0,3
2026-04-15 14:31:46,"0277 - New Boston, TX",Unlead,New Boston,TX,0.0,0,0.0,1
2026-04-15 14:31:46,"0278 - Brinkley, AR",Diesel,Brinkley,AR,122.8680000000004,0,0.0,3
2026-04-15 14:31:46,"0278 - Brinkley, AR",Unlead,Brinkley,AR,10.36699999999837,0,0.0,1
2026-04-15 14:31:46,"0279 - Marion, IL",Diesel,Marion,IL,95.6309999999994,0,0.0,3
2026-04-15 14:31:46,"0279 - Marion, IL",Unlead,Marion,IL,84.75799999999981,0,0.0,1
2026-04-15 14:31:46,"0280 - Monahans, TX",Diesel,Monahans,TX,267.57440000000133,0,0.0,3
2026-04-15 14:31:46,"0280 - Monahans, TX",Unlead,Monahans,TX,10.550999999999476,0,0.0,1
2026-04-15 14:31:46,"0281 - Cisco, TX",Diesel,Cisco,TX,147.34100000000217,0,0.0,3
2026-04-15 14:31:46,"0281 - Cisco, TX",Unlead,Cisco,TX,91.38600000000042,0,0.0,1
2026-04-15 14:31:46,"0282 - Gainesville, TX",Diesel,Gainesville,TX,44.9940000000006,0,0.0,3
2026-04-15 14:31:46,"0282 - Gainesville, TX",Unlead,Gainesville,TX,43.57099999999991,0,0.0,1
2026-04-15 14:31:46,"0283 - Sealy, TX",Diesel,Sealy,TX,258.91300000000047,0,0.0,3
2026-04-15 14:31:46,"0283 - Sealy, TX",Unlead,Sealy,TX,53.777000000000044,0,0.0,1
2026-04-15 14:31:46,"0284 - New Deal, TX",Diesel,New Deal,TX,61.52649999999812,0,0.0,3
2026-04-15 14:31:46,"0284 - New Deal, TX",Unlead,New Deal,TX,37.00800000000163,0,0.0,1
2026-04-15 14:31:46,"0285 - Seguin, TX",Diesel,Seguin,TX,197.84400000000096,0,0.0,3
2026-04-15 14:31:46,"0285 - Seguin, TX",Unlead,Seguin,TX,0.0,0,0.0,1
2026-04-15 14:31:46,"0286 - Amarillo, TX",Diesel,Amarillo,TX,0.0,0,0.0,3
2026-04-15 14:31:46,"0286 - Amarillo, TX",Unlead,Amarillo,TX,9.852000000000771,0,0.0,1
2026-04-15 14:31:46,"0287 - Burbonnais, IL",Diesel,Burbonnais,IL,0.0,2,3191.890999999998,3
2026-04-15 14:31:46,"0287 - Burbonnais, IL",Unlead,Burbonnais,IL,52.15700000000106,0,0.0,1
2026-04-15 14:31:46,"0289 - Teague, TX",Diesel,Teague,TX,289.15300000000025,0,0.0,3
2026-04-15 14:31:46,"0289 - Teague, TX",Unlead,Teague,TX,0.0,1,4847.739000000001,1
2026-04-15 14:31:46,"0290 - Joplin, MO",Diesel,Joplin,MO,61.22399999999834,1,1589.4560000000001,3
2026-04-15 14:31:46,"0290 - Joplin, MO",Unlead,Joplin,MO,57.16599999999926,0,0.0,1
2026-04-15 14:31:46,"0312 - Vidor, TX",Diesel,Vidor,TX,122.67499999999927,0,0.0,3
2026-04-15 14:31:46,"0312 - Vidor, TX",Unlead,Vidor,TX,14.019000000000233,0,0.0,1
2026-04-15 14:31:46,"0315 - Laredo, TX",Diesel,Laredo,TX,361.97700000000077,0,0.0,3
2026-04-15 14:31:46,"0315 - Laredo, TX",Unlead,Laredo,TX,97.08629999999994,0,0.0,1
2026-04-15 14:31:46,"0319 - Milford, TX",Diesel,Milford,TX,73.84099999999853,0,0.0,3
2026-04-15 14:31:46,"0319 - Milford, TX",Unlead,Milford,TX,125.15800000000127,0,0.0,1
2026-04-15 14:31:46,"0323 - Canton, TX",Diesel,Canton,TX,0.0,0,0.0,3
2026-04-15 14:31:46,"0323 - Canton, TX",Unlead,Canton,TX,26.907999999999447,0,0.0,1
2026-04-15 14:46:51,"0118 - Springfield, IL",Diesel,Springfield,IL,124.0,0,0.0,3
2026-04-15 14:46:51,"0118 - Springfield, IL",Unlead,Springfield,IL,51.0,0,0.0,1
2026-04-15 14:46:51,"0132 - Champaign, IL",Diesel,Champaign,IL,0.0,0,0.0,3
2026-04-15 14:46:51,"0132 - Champaign, IL",Unlead,Champaign,IL,106.71550000000025,0,0.0,1
2026-04-15 14:46:51,"0136 - Cottage Grove, WI",Diesel,Cottage Grove,WI,49.13999999999942,0,0.0,2
2026-04-15 14:46:51,"0136 - Cottage Grove, WI",Unlead,Cottage Grove,WI,32.08600000000024,0,0.0,1
2026-04-15 14:46:51,"0139 - Tuscola, IL",Diesel,Tuscola,IL,123.0,0,0.0,1
2026-04-15 14:46:51,"0139 - Tuscola, IL",Unlead,Tuscola,IL,22.0,0,0.0,2
2026-04-15 14:46:51,"0140 - Mendota, IL",Diesel,Mendota,IL,104.0,0,0.0,2
2026-04-15 14:46:51,"0140 - Mendota, IL",Unlead,Mendota,IL,92.0,0,0.0,2
2026-04-15 14:46:51,"0141 - Brazil, IN",Diesel,Brazil,IN,20.39929999999913,0,0.0,4
2026-04-15 14:46:51,"0141 - Brazil, IN",Unlead,Brazil,IN,16.0,0,0.0,1
2026-04-15 14:46:51,"0144 - Elk Run Height, IA",Diesel,Elk Run Height,IA,185.0,0,0.0,4
2026-04-15 14:46:51,"0144 - Elk Run Height, IA",Unlead,Elk Run Height,IA,23.993099999999686,0,0.0,2
2026-04-15 14:46:51,"0145 - Fenton, MO",Diesel,Fenton,MO,57.0,0,0.0,2
2026-04-15 14:46:51,"0145 - Fenton, MO",Unlead,Fenton,MO,77.0,0,0.0,1
2026-04-15 14:46:51,"0157 - Okawville, IL",Diesel,Okawville,IL,108.0,0,0.0,3
2026-04-15 14:46:51,"0157 - Okawville, IL",Unlead,Okawville,IL,20.06999999999971,0,0.0,1
2026-04-15 14:46:51,"0181 - Springfield, IL",Diesel,Springfield,IL,24.591999999998734,0,0.0,3
2026-04-15 14:46:51,"0181 - Springfield, IL",Unlead,Springfield,IL,18.587999999999738,0,0.0,1
2026-04-15 14:46:51,"0185 - McLean, IL",Diesel,McLean,IL,94.23600000000079,0,0.0,4
2026-04-15 14:46:51,"0185 - McLean, IL",Unlead,McLean,IL,45.67610000000013,0,0.0,1
2026-04-15 14:46:51,"0186 - Minonk, IL",Diesel,Minonk,IL,31.774999999999636,0,0.0,3
2026-04-15 14:46:51,"0186 - Minonk, IL",Unlead,Minonk,IL,0.0,1,4977.691000000001,1
2026-04-15 14:46:51,"0187 - Chicago, IL",Diesel,Chicago,IL,192.0,0,0.0,3
2026-04-15 14:46:51,"0187 - Chicago, IL",Unlead,Chicago,IL,32.80760000000009,0,0.0,1
2026-04-15 14:46:51,"0203 - Rockford, IL",Diesel,Rockford,IL,0.0,0,0.0,1
2026-04-15 14:46:51,"0203 - Rockford, IL",Unlead,Rockford,IL,34.9369999999999,0,0.0,1
2026-04-15 14:46:51,"0205 - South Beloit, IL",Diesel,South Beloit,IL,70.0,0,0.0,3
2026-04-15 14:46:51,"0205 - South Beloit, IL",Unlead,South Beloit,IL,30.0,0,0.0,1
2026-04-15 14:46:51,"0206 - Winnebago, IL",Diesel,Winnebago,IL,0.0,0,0.0,1
2026-04-15 14:46:51,"0206 - Winnebago, IL",Unlead,Winnebago,IL,59.0,0,0.0,1
2026-04-15 14:46:51,"0209 - Oakdale, WI",Diesel,Oakdale,WI,344.0,0,0.0,3
2026-04-15 14:46:51,"0209 - Oakdale, WI",Unlead,Oakdale,WI,33.0,0,0.0,1
2026-04-15 14:46:51,"0210 - Rochelle, IL",Diesel,Rochelle,IL,0.0,0,0.0,3
2026-04-15 14:46:51,"0210 - Rochelle, IL",Unlead,Rochelle,IL,65.0,0,0.0,1
2026-04-15 14:46:51,"0211 - Loves Park, IL",Diesel,Loves Park,IL,37.0,0,0.0,1
2026-04-15 14:46:51,"0211 - Loves Park, IL",Unlead,Loves Park,IL,38.0,0,0.0,1
2026-04-15 14:46:51,"0225 - Princeton, IL",Diesel,Princeton,IL,20.0,0,0.0,4
2026-04-15 14:46:51,"0225 - Princeton, IL",Unlead,Princeton,IL,0.0,0,0.0,2
2026-04-15 14:46:51,"0226 - Greenwood, IN",Diesel,Greenwood,IN,70.0,0,0.0,2
2026-04-15 14:46:51,"0226 - Greenwood, IN",Unlead,Greenwood,IN,52.0,0,0.0,2
2026-04-15 14:46:51,"0235 - Hampshire, IL",Diesel,Hampshire,IL,67.0,0,0.0,2
2026-04-15 14:46:51,"0235 - Hampshire, IL",Unlead,Hampshire,IL,46.0,0,0.0,2
2026-04-15 14:46:51,"0236 - East Troy, WI",Diesel,East Troy,WI,0.0,0,0.0,2
2026-04-15 14:46:51,"0236 - East Troy, WI",Unlead,East Troy,WI,15.0,0,0.0,1
2026-04-15 14:46:51,"0240 - Lake Station, IN",Diesel,Lake Station,IN,31.0,0,0.0,5
2026-04-15 14:46:51,"0240 - Lake Station, IN",Unlead,Lake Station,IN,7.0,0,0.0,2
2026-04-15 14:46:51,"0242 - St Robert, MO",Diesel,St Robert,MO,0.0,0,0.0,4
2026-04-15 14:46:51,"0263 - Ottawa, IL",Diesel,Ottawa,IL,173.0,0,0.0,3
2026-04-15 14:46:51,"0263 - Ottawa, IL",Unlead,Ottawa,IL,19.0,0,0.0,1
2026-04-15 14:46:51,"0265 - Dixon, IL",Diesel,Dixon,IL,23.27799999999843,0,0.0,3
2026-04-15 14:46:51,"0265 - Dixon, IL",Unlead,Dixon,IL,0.0,1,1300.2729999999992,1
2026-04-15 14:46:51,"0266 - New Berlin, IL",Diesel,New Berlin,IL,0.0,0,0.0,3
2026-04-15 14:46:51,"0266 - New Berlin, IL",Unlead,New Berlin,IL,60.24449999999979,0,0.0,1
2026-04-15 14:46:51,"0267 - Pharr, TX",Diesel,Pharr,TX,605.0,0,0.0,4
2026-04-15 14:46:51,"0267 - Pharr, TX",Unlead,Pharr,TX,65.0,0,0.0,1
2026-04-15 14:46:51,"0268 - Grayville, IL",Diesel,Grayville,IL,75.0,0,0.0,3
2026-04-15 14:46:51,"0268 - Grayville, IL",Unlead,Grayville,IL,17.0,0,0.0,1
2026-04-15 14:46:51,"0269 - Marshall, IL",Diesel,Marshall,IL,408.0,0,0.0,3
2026-04-15 14:46:51,"0269 - Marshall, IL",Unlead,Marshall,IL,17.0,0,0.0,1
2026-04-15 14:46:51,"0270 - Moore, TX",Diesel,Moore,TX,342.0,0,0.0,3
2026-04-15 14:46:51,"0270 - Moore, TX",Unlead,Moore,TX,24.0,0,0.0,1
2026-04-15 14:46:51,"0271 - Odessa, TX",Diesel,Odessa,TX,28.72400000000016,0,0.0,3
2026-04-15 14:46:51,"0271 - Odessa, TX",Unlead,Odessa,TX,84.90999999999985,0,0.0,1
2026-04-15 14:46:51,"0272 - Encinal, TX",Diesel,Encinal,TX,218.3760000000002,0,0.0,3
2026-04-15 14:46:51,"0272 - Encinal, TX",Unlead,Encinal,TX,9.613999999999578,0,0.0,1
2026-04-15 14:46:51,"0273 - Combes, TX",Diesel,Combes,TX,7.868000000000393,0,0.0,3
2026-04-15 14:46:51,"0273 - Combes, TX",Unlead,Combes,TX,89.62800000000061,0,0.0,1
2026-04-15 14:46:51,"0275 - Sonora, TX",Diesel,Sonora,TX,121.08850000000166,0,0.0,3
2026-04-15 14:46:51,"0275 - Sonora, TX",Unlead,Sonora,TX,36.42199999999866,0,0.0,1
2026-04-15 14:46:51,"0276 - Waco, TX",Diesel,Waco,TX,506.90230000000247,0,0.0,3
2026-04-15 14:46:51,"0276 - Waco, TX",Unlead,Waco,TX,6.355999999999767,0,0.0,1
2026-04-15 14:46:51,"0277 - New Boston, TX",Diesel,New Boston,TX,57.18399999999929,0,0.0,3
2026-04-15 14:46:51,"0277 - New Boston, TX",Unlead,New Boston,TX,28.7549999999992,0,0.0,1
2026-04-15 14:46:51,"0278 - Brinkley, AR",Diesel,Brinkley,AR,190.83699999999953,0,0.0,3
2026-04-15 14:46:51,"0278 - Brinkley, AR",Unlead,Brinkley,AR,32.548000000000684,0,0.0,1
2026-04-15 14:46:51,"0279 - Marion, IL",Diesel,Marion,IL,33.215000000000146,0,0.0,3
2026-04-15 14:46:51,"0279 - Marion, IL",Unlead,Marion,IL,85.28250000000116,0,0.0,1
2026-04-15 14:46:51,"0280 - Monahans, TX",Diesel,Monahans,TX,25.04110000000037,0,0.0,3
2026-04-15 14:46:51,"0280 - Monahans, TX",Unlead,Monahans,TX,0.0,0,0.0,1
2026-04-15 14:46:51,"0281 - Cisco, TX",Diesel,Cisco,TX,96.25599999999758,0,0.0,3
2026-04-15 14:46:51,"0281 - Cisco, TX",Unlead,Cisco,TX,29.52599999999984,0,0.0,1
2026-04-15 14:46:51,"0282 - Gainesville, TX",Diesel,Gainesville,TX,215.67200000000048,0,0.0,3
2026-04-15 14:46:51,"0282 - Gainesville, TX",Unlead,Gainesville,TX,50.79399999999987,0,0.0,1
2026-04-15 14:46:51,"0283 - Sealy, TX",Diesel,Sealy,TX,266.271999999999,0,0.0,3
2026-04-15 14:46:51,"0283 - Sealy, TX",Unlead,Sealy,TX,21.652000000000044,0,0.0,1
2026-04-15 14:46:51,"0284 - New Deal, TX",Diesel,New Deal,TX,0.0,0,0.0,3
2026-04-15 14:46:51,"0284 - New Deal, TX",Unlead,New Deal,TX,60.69599999999991,0,0.0,1
2026-04-15 14:46:51,"0285 - Seguin, TX",Diesel,Seguin,TX,1042.5469999999987,0,0.0,3
2026-04-15 14:46:51,"0285 - Seguin, TX",Unlead,Seguin,TX,24.667999999999665,0,0.0,1
2026-04-15 14:46:51,"0286 - Amarillo, TX",Diesel,Amarillo,TX,132.50099999999838,0,0.0,3
2026-04-15 14:46:51,"0286 - Amarillo, TX",Unlead,Amarillo,TX,0.0,0,0.0,1
2026-04-15 14:46:51,"0287 - Burbonnais, IL",Diesel,Burbonnais,IL,0.0,2,4396.145,3
2026-04-15 14:46:51,"0287 - Burbonnais, IL",Unlead,Burbonnais,IL,58.37299999999959,0,0.0,1
2026-04-15 14:46:51,"0289 - Teague, TX",Diesel,Teague,TX,166.45200000000114,0,0.0,3
2026-04-15 14:46:51,"0289 - Teague, TX",Unlead,Teague,TX,0.0,1,2965.932999999999,1
2026-04-15 14:46:51,"0290 - Joplin, MO",Diesel,Joplin,MO,233.13100000000122,1,3126.0559999999996,3
2026-04-15 14:46:51,"0290 - Joplin, MO",Unlead,Joplin,MO,27.445999999999913,0,0.0,1
2026-04-15 14:46:51,"0312 - Vidor, TX",Diesel,Vidor,TX,158.15000000000146,0,0.0,3
2026-04-15 14:46:51,"0312 - Vidor, TX",Unlead,Vidor,TX,48.680999999998676,0,0.0,1
2026-04-15 14:46:51,"0315 - Laredo, TX",Diesel,Laredo,TX,0.0,0,0.0,3
2026-04-15 14:46:51,"0315 - Laredo, TX",Unlead,Laredo,TX,8.755699999999706,0,0.0,1
2026-04-15 14:46:51,"0319 - Milford, TX",Diesel,Milford,TX,131.4290000000019,0,0.0,3
2026-04-15 14:46:51,"0319 - Milford, TX",Unlead,Milford,TX,10.292999999999665,0,0.0,1
2026-04-15 14:46:51,"0323 - Canton, TX",Diesel,Canton,TX,60.065999999998894,0,0.0,3
2026-04-15 14:46:51,"0323 - Canton, TX",Unlead,Canton,TX,33.728000000000975,0,0.0,1
2026-04-15 15:01:52,"0118 - Springfield, IL",Diesel,Springfield,IL,40.0,0,0.0,3
2026-04-15 15:01:52,"0118 - Springfield, IL",Unlead,Springfield,IL,18.0,0,0.0,1
2026-04-15 15:01:52,"0132 - Champaign, IL",Diesel,Champaign,IL,0.0,2,4863.210000000001,3
2026-04-15 15:01:52,"0132 - Champaign, IL",Unlead,Champaign,IL,94.95750000000044,0,0.0,1
2026-04-15 15:01:52,"0136 - Cottage Grove, WI",Diesel,Cottage Grove,WI,241.86399999999958,0,0.0,2
2026-04-15 15:01:52,"0136 - Cottage Grove, WI",Unlead,Cottage Grove,WI,0.0,0,0.0,1
2026-04-15 15:01:52,"0139 - Tuscola, IL",Diesel,Tuscola,IL,9.0,0,0.0,1
2026-04-15 15:01:52,"0139 - Tuscola, IL",Unlead,Tuscola,IL,0.0,0,0.0,2
2026-04-15 15:01:52,"0140 - Mendota, IL",Diesel,Mendota,IL,48.0,0,0.0,2
2026-04-15 15:01:52,"0140 - Mendota, IL",Unlead,Mendota,IL,53.0,0,0.0,2
2026-04-15 15:01:52,"0141 - Brazil, IN",Diesel,Brazil,IN,80.78769999999895,0,0.0,4
2026-04-15 15:01:52,"0141 - Brazil, IN",Unlead,Brazil,IN,9.0,0,0.0,1
2026-04-15 15:01:52,"0144 - Elk Run Height, IA",Diesel,Elk Run Height,IA,105.0,0,0.0,4
2026-04-15 15:01:52,"0144 - Elk Run Height, IA",Unlead,Elk Run Height,IA,56.05029999999988,0,0.0,2
2026-04-15 15:01:52,"0145 - Fenton, MO",Diesel,Fenton,MO,0.0,0,0.0,2
2026-04-15 15:01:52,"0145 - Fenton, MO",Unlead,Fenton,MO,30.0,0,0.0,1
2026-04-15 15:01:52,"0157 - Okawville, IL",Diesel,Okawville,IL,0.0,0,0.0,3
2026-04-15 15:01:52,"0157 - Okawville, IL",Unlead,Okawville,IL,51.36499999999978,0,0.0,1
2026-04-15 15:01:52,"0181 - Springfield, IL",Diesel,Springfield,IL,405.46369999999933,0,0.0,3
2026-04-15 15:01:52,"0181 - Springfield, IL",Unlead,Springfield,IL,100.82099999999991,0,0.0,1
2026-04-15 15:01:52,"0185 - McLean, IL",Diesel,McLean,IL,155.5020000000004,0,0.0,4
2026-04-15 15:01:52,"0185 - McLean, IL",Unlead,McLean,IL,78.30839999999989,0,0.0,1
2026-04-15 15:01:52,"0186 - Minonk, IL",Diesel,Minonk,IL,25.180999999998676,0,0.0,3
2026-04-15 15:01:52,"0186 - Minonk, IL",Unlead,Minonk,IL,39.49800000000141,0,0.0,1
2026-04-15 15:01:52,"0187 - Chicago, IL",Diesel,Chicago,IL,187.0,0,0.0,3
2026-04-15 15:01:52,"0187 - Chicago, IL",Unlead,Chicago,IL,0.0,0,0.0,1
2026-04-15 15:01:52,"0203 - Rockford, IL",Diesel,Rockford,IL,0.0,0,0.0,1
2026-04-15 15:01:52,"0203 - Rockford, IL",Unlead,Rockford,IL,36.780000000000655,0,0.0,1
2026-04-15 15:01:52,"0205 - South Beloit, IL",Diesel,South Beloit,IL,0.0,0,0.0,3
2026-04-15 15:01:52,"0205 - South Beloit, IL",Unlead,South Beloit,IL,23.0,0,0.0,1
2026-04-15 15:01:52,"0206 - Winnebago, IL",Diesel,Winnebago,IL,0.0,0,0.0,1
2026-04-15 15:01:52,"0206 - Winnebago, IL",Unlead,Winnebago,IL,61.0,0,0.0,1
2026-04-15 15:01:52,"0209 - Oakdale, WI",Diesel,Oakdale,WI,186.0,0,0.0,3
2026-04-15 15:01:52,"0209 - Oakdale, WI",Unlead,Oakdale,WI,20.0,0,0.0,1
2026-04-15 15:01:52,"0210 - Rochelle, IL",Diesel,Rochelle,IL,172.0,0,0.0,3
2026-04-15 15:01:52,"0210 - Rochelle, IL",Unlead,Rochelle,IL,28.0,0,0.0,1
2026-04-15 15:01:52,"0211 - Loves Park, IL",Diesel,Loves Park,IL,129.0,0,0.0,1
2026-04-15 15:01:52,"0211 - Loves Park, IL",Unlead,Loves Park,IL,38.0,0,0.0,1
2026-04-15 15:01:52,"0225 - Princeton, IL",Diesel,Princeton,IL,123.0,0,0.0,4
2026-04-15 15:01:52,"0225 - Princeton, IL",Unlead,Princeton,IL,13.0,0,0.0,2
2026-04-15 15:01:52,"0226 - Greenwood, IN",Diesel,Greenwood,IN,74.0,0,0.0,2
2026-04-15 15:01:52,"0226 - Greenwood, IN",Unlead,Greenwood,IN,18.0,0,0.0,2
2026-04-15 15:01:52,"0235 - Hampshire, IL",Diesel,Hampshire,IL,6.0,1,795.0,2
2026-04-15 15:01:52,"0235 - Hampshire, IL",Unlead,Hampshire,IL,17.0,0,0.0,2
2026-04-15 15:01:52,"0236 - East Troy, WI",Diesel,East Troy,WI,0.0,0,0.0,2
2026-04-15 15:01:52,"0236 - East Troy, WI",Unlead,East Troy,WI,0.0,0,0.0,1
2026-04-15 15:01:52,"0240 - Lake Station, IN",Diesel,Lake Station,IN,107.0,0,0.0,5
2026-04-15 15:01:52,"0240 - Lake Station, IN",Unlead,Lake Station,IN,34.0,0,0.0,2
2026-04-15 15:01:52,"0242 - St Robert, MO",Diesel,St Robert,MO,0.0,0,0.0,4
2026-04-15 15:01:52,"0263 - Ottawa, IL",Diesel,Ottawa,IL,0.0,0,0.0,3
2026-04-15 15:01:52,"0263 - Ottawa, IL",Unlead,Ottawa,IL,35.0,0,0.0,1
2026-04-15 15:01:52,"0265 - Dixon, IL",Diesel,Dixon,IL,100.89800000000105,0,0.0,3
2026-04-15 15:01:52,"0265 - Dixon, IL",Unlead,Dixon,IL,28.691999999999098,0,0.0,1
2026-04-15 15:01:52,"0266 - New Berlin, IL",Diesel,New Berlin,IL,0.0,0,0.0,3
2026-04-15 15:01:52,"0266 - New Berlin, IL",Unlead,New Berlin,IL,34.423499999999876,0,0.0,1
2026-04-15 15:01:52,"0267 - Pharr, TX",Diesel,Pharr,TX,784.0,0,0.0,4
2026-04-15 15:01:52,"0267 - Pharr, TX",Unlead,Pharr,TX,22.0,0,0.0,1
2026-04-15 15:01:52,"0268 - Grayville, IL",Diesel,Grayville,IL,36.0,0,0.0,3
2026-04-15 15:01:52,"0268 - Grayville, IL",Unlead,Grayville,IL,21.0,0,0.0,1
2026-04-15 15:01:52,"0269 - Marshall, IL",Diesel,Marshall,IL,61.0,0,0.0,3
2026-04-15 15:01:52,"0269 - Marshall, IL",Unlead,Marshall,IL,0.0,0,0.0,1
2026-04-15 15:01:52,"0270 - Moore, TX",Diesel,Moore,TX,73.0,0,0.0,3
2026-04-15 15:01:52,"0270 - Moore, TX",Unlead,Moore,TX,38.0,0,0.0,1
2026-04-15 15:01:52,"0271 - Odessa, TX",Diesel,Odessa,TX,362.58400000000074,0,0.0,3
2026-04-15 15:01:52,"0271 - Odessa, TX",Unlead,Odessa,TX,47.74200000000019,0,0.0,1
2026-04-15 15:01:52,"0272 - Encinal, TX",Diesel,Encinal,TX,143.77000000000044,0,0.0,3
2026-04-15 15:01:52,"0272 - Encinal, TX",Unlead,Encinal,TX,53.61399999999958,0,0.0,1
2026-04-15 15:01:52,"0273 - Combes, TX",Diesel,Combes,TX,0.0,0,0.0,3
2026-04-15 15:01:52,"0273 - Combes, TX",Unlead,Combes,TX,114.253999999999,0,0.0,1
2026-04-15 15:01:52,"0275 - Sonora, TX",Diesel,Sonora,TX,115.95049999999901,0,0.0,3
2026-04-15 15:01:52,"0275 - Sonora, TX",Unlead,Sonora,TX,58.99300000000039,0,0.0,1
2026-04-15 15:01:52,"0276 - Waco, TX",Diesel,Waco,TX,577.7448999999979,0,0.0,3
2026-04-15 15:01:52,"0276 - Waco, TX",Unlead,Waco,TX,73.71999999999935,0,0.0,1
2026-04-15 15:01:52,"0277 - New Boston, TX",Diesel,New Boston,TX,151.11599999999999,0,0.0,3
2026-04-15 15:01:52,"0277 - New Boston, TX",Unlead,New Boston,TX,33.384000000000015,0,0.0,1
2026-04-15 15:01:52,"0278 - Brinkley, AR",Diesel,Brinkley,AR,186.91400000000067,0,0.0,3
2026-04-15 15:01:52,"0278 - Brinkley, AR",Unlead,Brinkley,AR,67.4369999999999,0,0.0,1
2026-04-15 15:01:52,"0279 - Marion, IL",Diesel,Marion,IL,155.28200000000106,0,0.0,3
2026-04-15 15:01:52,"0279 - Marion, IL",Unlead,Marion,IL,94.35449999999946,0,0.0,1
2026-04-15 15:01:52,"0280 - Monahans, TX",Diesel,Monahans,TX,0.0,0,0.0,3
2026-04-15 15:01:52,"0280 - Monahans, TX",Unlead,Monahans,TX,0.0,0,0.0,1
2026-04-15 15:01:52,"0281 - Cisco, TX",Diesel,Cisco,TX,377.96500000000196,0,0.0,3
2026-04-15 15:01:52,"0281 - Cisco, TX",Unlead,Cisco,TX,70.02000000000044,0,0.0,1
2026-04-15 15:01:52,"0282 - Gainesville, TX",Diesel,Gainesville,TX,58.24300000000039,0,0.0,3
2026-04-15 15:01:52,"0282 - Gainesville, TX",Unlead,Gainesville,TX,48.50699999999961,0,0.0,1
2026-04-15 15:01:52,"0283 - Sealy, TX",Diesel,Sealy,TX,59.64000000000124,1,3745.8940000000002,3
2026-04-15 15:01:52,"0283 - Sealy, TX",Unlead,Sealy,TX,0.0,0,0.0,1
2026-04-15 15:01:52,"0284 - New Deal, TX",Diesel,New Deal,TX,17.917999999999665,0,0.0,3
2026-04-15 15:01:52,"0284 - New Deal, TX",Unlead,New Deal,TX,34.35699999999997,0,0.0,1
2026-04-15 15:01:52,"0285 - Seguin, TX",Diesel,Seguin,TX,225.8080000000009,0,0.0,3
2026-04-15 15:01:52,"0285 - Seguin, TX",Unlead,Seguin,TX,5.042999999999665,0,0.0,1
2026-04-15 15:01:52,"0286 - Amarillo, TX",Diesel,Amarillo,TX,0.0,0,0.0,3
2026-04-15 15:01:52,"0286 - Amarillo, TX",Unlead,Amarillo,TX,29.409999999999854,0,0.0,1
2026-04-15 15:01:52,"0287 - Burbonnais, IL",Diesel,Burbonnais,IL,79.1989999999987,0,0.0,3
2026-04-15 15:01:52,"0287 - Burbonnais, IL",Unlead,Burbonnais,IL,21.636999999998807,0,0.0,1
2026-04-15 15:01:52,"0289 - Teague, TX",Diesel,Teague,TX,105.55299999999988,0,0.0,3
2026-04-15 15:01:52,"0289 - Teague, TX",Unlead,Teague,TX,26.677999999999884,0,0.0,1
2026-04-15 15:01:52,"0290 - Joplin, MO",Diesel,Joplin,MO,55.75500000000102,1,2486.3780000000006,3
2026-04-15 15:01:52,"0290 - Joplin, MO",Unlead,Joplin,MO,30.274999999999636,0,0.0,1
2026-04-15 15:01:52,"0312 - Vidor, TX",Diesel,Vidor,TX,314.90499999999884,0,0.0,3
2026-04-15 15:01:52,"0312 - Vidor, TX",Unlead,Vidor,TX,7.723000000001775,0,0.0,1
2026-04-15 15:01:52,"0315 - Laredo, TX",Diesel,Laredo,TX,159.20400000000154,0,0.0,3
2026-04-15 15:01:52,"0315 - Laredo, TX",Unlead,Laredo,TX,67.17200000000048,0,0.0,1
2026-04-15 15:01:52,"0319 - Milford, TX",Diesel,Milford,TX,82.23099999999977,0,0.0,3
2026-04-15 15:01:52,"0319 - Milford, TX",Unlead,Milford,TX,58.35499999999956,0,0.0,1
2026-04-15 15:01:52,"0323 - Canton, TX",Diesel,Canton,TX,137.70700000000033,0,0.0,3
2026-04-15 15:01:52,"0323 - Canton, TX",Unlead,Canton,TX,10.93499999999949,0,0.0,1
2026-04-15 15:16:57,"0118 - Springfield, IL",Diesel,Springfield,IL,0.0,0,0.0,3
2026-04-15 15:16:57,"0118 - Springfield, IL",Unlead,Springfield,IL,16.0,0,0.0,1
2026-04-15 15:16:57,"0132 - Champaign, IL",Diesel,Champaign,IL,133.62099999999919,1,2417.266699999999,3
2026-04-15 15:16:57,"0132 - Champaign, IL",Unlead,Champaign,IL,109.35199999999895,0,0.0,1
2026-04-15 15:16:57,"0136 - Cottage Grove, WI",Diesel,Cottage Grove,WI,155.34699999999975,0,0.0,2
2026-04-15 15:16:57,"0136 - Cottage Grove, WI",Unlead,Cottage Grove,WI,12.306999999999789,0,0.0,1
2026-04-15 15:16:57,"0139 - Tuscola, IL",Diesel,Tuscola,IL,65.0,0,0.0,1
2026-04-15 15:16:57,"0139 - Tuscola, IL",Unlead,Tuscola,IL,45.0,0,0.0,2
2026-04-15 15:16:57,"0140 - Mendota, IL",Diesel,Mendota,IL,143.0,0,0.0,2
2026-04-15 15:16:57,"0140 - Mendota, IL",Unlead,Mendota,IL,70.0,0,0.0,2
2026-04-15 15:16:57,"0141 - Brazil, IN",Diesel,Brazil,IN,54.41910000000098,0,0.0,4
2026-04-15 15:16:57,"0141 - Brazil, IN",Unlead,Brazil,IN,18.0,0,0.0,1
2026-04-15 15:16:57,"0144 - Elk Run Height, IA",Diesel,Elk Run Height,IA,98.0,0,0.0,4
2026-04-15 15:16:57,"0144 - Elk Run Height, IA",Unlead,Elk Run Height,IA,0.0,0,0.0,2
2026-04-15 15:16:57,"0145 - Fenton, MO",Diesel,Fenton,MO,203.0,0,0.0,2
2026-04-15 15:16:57,"0145 - Fenton, MO",Unlead,Fenton,MO,44.0,0,0.0,1
2026-04-15 15:16:57,"0157 - Okawville, IL",Diesel,Okawville,IL,84.0,0,0.0,3
2026-04-15 15:16:57,"0157 - Okawville, IL",Unlead,Okawville,IL,13.050999999999476,0,0.0,1
2026-04-15 15:16:57,"0181 - Springfield, IL",Diesel,Springfield,IL,95.24200000000201,0,0.0,3
2026-04-15 15:16:57,"0181 - Springfield, IL",Unlead,Springfield,IL,27.976000000000568,0,0.0,1
2026-04-15 15:16:57,"0185 - McLean, IL",Diesel,McLean,IL,117.4330000000009,0,0.0,4
2026-04-15 15:16:57,"0185 - McLean, IL",Unlead,McLean,IL,98.00550000000021,0,0.0,1
2026-04-15 15:16:57,"0186 - Minonk, IL",Diesel,Minonk,IL,38.94300000000112,0,0.0,3
2026-04-15 15:16:57,"0186 - Minonk, IL",Unlead,Minonk,IL,61.25,0,0.0,1
2026-04-15 15:16:57,"0187 - Chicago, IL",Diesel,Chicago,IL,37.0,0,0.0,3
2026-04-15 15:16:57,"0187 - Chicago, IL",Unlead,Chicago,IL,25.484999999999673,0,0.0,1
2026-04-15 15:16:57,"0203 - Rockford, IL",Diesel,Rockford,IL,0.0,0,0.0,1
2026-04-15 15:16:57,"0203 - Rockford, IL",Unlead,Rockford,IL,45.2440000000006,0,0.0,1
2026-04-15 15:16:57,"0205 - South Beloit, IL",Diesel,South Beloit,IL,0.0,0,0.0,3
2026-04-15 15:16:57,"0205 - South Beloit, IL",Unlead,South Beloit,IL,65.0,0,0.0,1
2026-04-15 15:16:57,"0206 - Winnebago, IL",Diesel,Winnebago,IL,0.0,0,0.0,1
2026-04-15 15:16:57,"0206 - Winnebago, IL",Unlead,Winnebago,IL,79.0,0,0.0,1
2026-04-15 15:16:57,"0209 - Oakdale, WI",Diesel,Oakdale,WI,249.0,0,0.0,3
2026-04-15 15:16:57,"0209 - Oakdale, WI",Unlead,Oakdale,WI,14.0,0,0.0,1
2026-04-15 15:16:57,"0210 - Rochelle, IL",Diesel,Rochelle,IL,222.0,0,0.0,3
2026-04-15 15:16:57,"0210 - Rochelle, IL",Unlead,Rochelle,IL,37.0,0,0.0,1
2026-04-15 15:16:57,"0211 - Loves Park, IL",Diesel,Loves Park,IL,25.0,0,0.0,1
2026-04-15 15:16:57,"0211 - Loves Park, IL",Unlead,Loves Park,IL,37.0,0,0.0,1
2026-04-15 15:16:57,"0225 - Princeton, IL",Diesel,Princeton,IL,111.0,0,0.0,4
2026-04-15 15:16:57,"0225 - Princeton, IL",Unlead,Princeton,IL,16.0,0,0.0,2
2026-04-15 15:16:57,"0226 - Greenwood, IN",Diesel,Greenwood,IN,0.0,0,0.0,2
2026-04-15 15:16:57,"0226 - Greenwood, IN",Unlead,Greenwood,IN,0.0,0,0.0,2
2026-04-15 15:16:57,"0235 - Hampshire, IL",Diesel,Hampshire,IL,0.0,2,5075.0,2
2026-04-15 15:16:57,"0235 - Hampshire, IL",Unlead,Hampshire,IL,91.0,0,0.0,2
2026-04-15 15:16:57,"0236 - East Troy, WI",Diesel,East Troy,WI,0.0,0,0.0,2
2026-04-15 15:16:57,"0236 - East Troy, WI",Unlead,East Troy,WI,8.0,0,0.0,1
2026-04-15 15:16:57,"0240 - Lake Station, IN",Diesel,Lake Station,IN,0.0,0,0.0,5
2026-04-15 15:16:57,"0240 - Lake Station, IN",Unlead,Lake Station,IN,46.0,0,0.0,2
2026-04-15 15:16:57,"0242 - St Robert, MO",Diesel,St Robert,MO,0.0,3,347.9619999999986,4
2026-04-15 15:16:57,"0263 - Ottawa, IL",Diesel,Ottawa,IL,91.0,0,0.0,3
2026-04-15 15:16:57,"0263 - Ottawa, IL",Unlead,Ottawa,IL,13.0,0,0.0,1
2026-04-15 15:16:57,"0265 - Dixon, IL",Diesel,Dixon,IL,0.0,0,0.0,3
2026-04-15 15:16:57,"0265 - Dixon, IL",Unlead,Dixon,IL,0.0,0,0.0,1
2026-04-15 15:16:57,"0266 - New Berlin, IL",Diesel,New Berlin,IL,163.0,0,0.0,3
2026-04-15 15:16:57,"0266 - New Berlin, IL",Unlead,New Berlin,IL,67.22199999999975,0,0.0,1
2026-04-15 15:16:57,"0267 - Pharr, TX",Diesel,Pharr,TX,794.0,0,0.0,4
2026-04-15 15:16:57,"0267 - Pharr, TX",Unlead,Pharr,TX,32.0,0,0.0,1
2026-04-15 15:16:57,"0268 - Grayville, IL",Diesel,Grayville,IL,0.0,0,0.0,3
2026-04-15 15:16:57,"0268 - Grayville, IL",Unlead,Grayville,IL,14.0,0,0.0,1
2026-04-15 15:16:57,"0269 - Marshall, IL",Diesel,Marshall,IL,124.0,0,0.0,3
2026-04-15 15:16:57,"0269 - Marshall, IL",Unlead,Marshall,IL,0.0,0,0.0,1
2026-04-15 15:16:57,"0270 - Moore, TX",Diesel,Moore,TX,176.0,0,0.0,3
2026-04-15 15:16:57,"0270 - Moore, TX",Unlead,Moore,TX,65.0,0,0.0,1
2026-04-15 15:16:57,"0271 - Odessa, TX",Diesel,Odessa,TX,107.88999999999942,0,0.0,3
2026-04-15 15:16:57,"0271 - Odessa, TX",Unlead,Odessa,TX,77.02499999999964,0,0.0,1
2026-04-15 15:16:57,"0272 - Encinal, TX",Diesel,Encinal,TX,12.296999999998661,0,0.0,3
2026-04-15 15:16:57,"0272 - Encinal, TX",Unlead,Encinal,TX,25.908500000001368,0,0.0,1
2026-04-15 15:16:57,"0273 - Combes, TX",Diesel,Combes,TX,31.226000000000568,0,0.0,3
2026-04-15 15:16:57,"0273 - Combes, TX",Unlead,Combes,TX,106.84100000000035,0,0.0,1
2026-04-15 15:16:57,"0275 - Sonora, TX",Diesel,Sonora,TX,132.3700000000008,0,0.0,3
2026-04-15 15:16:57,"0275 - Sonora, TX",Unlead,Sonora,TX,93.7559999999994,0,0.0,1
2026-04-15 15:16:57,"0276 - Waco, TX",Diesel,Waco,TX,377.83539999999994,0,0.0,3
2026-04-15 15:16:57,"0276 - Waco, TX",Unlead,Waco,TX,0.0,0,0.0,1
2026-04-15 15:16:57,"0277 - New Boston, TX",Diesel,New Boston,TX,0.0,0,0.0,3
2026-04-15 15:16:57,"0277 - New Boston, TX",Unlead,New Boston,TX,10.391999999999825,0,0.0,1
2026-04-15 15:16:57,"0278 - Brinkley, AR",Diesel,Brinkley,AR,61.00200000000041,0,0.0,3
2026-04-15 15:16:57,"0278 - Brinkley, AR",Unlead,Brinkley,AR,21.433000000000902,0,0.0,1
2026-04-15 15:16:57,"0279 - Marion, IL",Diesel,Marion,IL,25.46099999999933,0,0.0,3
2026-04-15 15:16:57,"0279 - Marion, IL",Unlead,Marion,IL,93.52599999999984,0,0.0,1
2026-04-15 15:16:57,"0280 - Monahans, TX",Diesel,Monahans,TX,0.0,0,0.0,3
2026-04-15 15:16:57,"0280 - Monahans, TX",Unlead,Monahans,TX,0.0,0,0.0,1
2026-04-15 15:16:57,"0281 - Cisco, TX",Diesel,Cisco,TX,264.5540000000001,0,0.0,3
2026-04-15 15:16:57,"0281 - Cisco, TX",Unlead,Cisco,TX,36.15799999999945,0,0.0,1
2026-04-15 15:16:57,"0282 - Gainesville, TX",Diesel,Gainesville,TX,175.0769999999975,0,0.0,3
2026-04-15 15:16:57,"0282 - Gainesville, TX",Unlead,Gainesville,TX,22.585000000000946,0,0.0,1
2026-04-15 15:16:57,"0283 - Sealy, TX",Diesel,Sealy,TX,33.81500000000051,1,2658.143,3
2026-04-15 15:16:57,"0283 - Sealy, TX",Unlead,Sealy,TX,0.0,0,0.0,1
2026-04-15 15:16:57,"0284 - New Deal, TX",Diesel,New Deal,TX,245.5024999999987,0,0.0,3
2026-04-15 15:16:57,"0284 - New Deal, TX",Unlead,New Deal,TX,67.38500000000022,0,0.0,1
2026-04-15 15:16:57,"0285 - Seguin, TX",Diesel,Seguin,TX,14.819999999999709,0,0.0,3
2026-04-15 15:16:57,"0285 - Seguin, TX",Unlead,Seguin,TX,39.58700000000135,0,0.0,1
2026-04-15 15:16:57,"0286 - Amarillo, TX",Diesel,Amarillo,TX,0.0,0,0.0,3
2026-04-15 15:16:57,"0286 - Amarillo, TX",Unlead,Amarillo,TX,47.995999999999185,0,0.0,1
2026-04-15 15:16:57,"0287 - Burbonnais, IL",Diesel,Burbonnais,IL,396.96400000000176,0,0.0,3
2026-04-15 15:16:57,"0287 - Burbonnais, IL",Unlead,Burbonnais,IL,52.96900000000096,0,0.0,1
2026-04-15 15:16:57,"0289 - Teague, TX",Diesel,Teague,TX,139.73799999999937,0,0.0,3
2026-04-15 15:16:57,"0289 - Teague, TX",Unlead,Teague,TX,96.95600000000013,0,0.0,1
2026-04-15 15:16:57,"0290 - Joplin, MO",Diesel,Joplin,MO,32.542999999999665,0,0.0,3
2026-04-15 15:16:57,"0290 - Joplin, MO",Unlead,Joplin,MO,8.541000000001077,0,0.0,1
2026-04-15 15:16:57,"0312 - Vidor, TX",Diesel,Vidor,TX,0.0,0,0.0,3
2026-04-15 15:16:57,"0312 - Vidor, TX",Unlead,Vidor,TX,28.211999999999534,0,0.0,1
2026-04-15 15:16:57,"0315 - Laredo, TX",Diesel,Laredo,TX,167.0069999999996,0,0.0,3
2026-04-15 15:16:57,"0315 - Laredo, TX",Unlead,Laredo,TX,57.25540000000001,0,0.0,1
2026-04-15 15:16:57,"0319 - Milford, TX",Diesel,Milford,TX,0.0,0,0.0,3
2026-04-15 15:16:57,"0319 - Milford, TX",Unlead,Milford,TX,42.79600000000028,0,0.0,1
2026-04-15 15:16:57,"0323 - Canton, TX",Diesel,Canton,TX,402.97699999999895,0,0.0,3
2026-04-15 15:16:57,"0323 - Canton, TX",Unlead,Canton,TX,37.123999999999796,0,0.0,1
2026-04-15 15:31:58,"0118 - Springfield, IL",Diesel,Springfield,IL,25.0,0,0.0,3
2026-04-15 15:31:58,"0118 - Springfield, IL",Unlead,Springfield,IL,25.0,0,0.0,1
2026-04-15 15:31:58,"0132 - Champaign, IL",Diesel,Champaign,IL,0.0,0,0.0,3
2026-04-15 15:31:58,"0132 - Champaign, IL",Unlead,Champaign,IL,83.29200000000128,0,0.0,1
2026-04-15 15:31:58,"0136 - Cottage Grove, WI",Diesel,Cottage Grove,WI,60.24299999999948,0,0.0,2
2026-04-15 15:31:58,"0136 - Cottage Grove, WI",Unlead,Cottage Grove,WI,27.46900000000005,0,0.0,1
2026-04-15 15:31:58,"0139 - Tuscola, IL",Diesel,Tuscola,IL,148.0,0,0.0,1
2026-04-15 15:31:58,"0139 - Tuscola, IL",Unlead,Tuscola,IL,32.0,0,0.0,2
2026-04-15 15:31:58,"0140 - Mendota, IL",Diesel,Mendota,IL,164.0,0,0.0,2
2026-04-15 15:31:58,"0140 - Mendota, IL",Unlead,Mendota,IL,5.0,0,0.0,2
2026-04-15 15:31:58,"0141 - Brazil, IN",Diesel,Brazil,IN,8.374000000000706,0,0.0,4
2026-04-15 15:31:58,"0141 - Brazil, IN",Unlead,Brazil,IN,32.0,0,0.0,1
2026-04-15 15:31:58,"0144 - Elk Run Height, IA",Diesel,Elk Run Height,IA,144.0,0,0.0,4
2026-04-15 15:31:58,"0144 - Elk Run Height, IA",Unlead,Elk Run Height,IA,27.20129999999972,0,0.0,2
2026-04-15 15:31:58,"0145 - Fenton, MO",Diesel,Fenton,MO,0.0,0,0.0,2
2026-04-15 15:31:58,"0145 - Fenton, MO",Unlead,Fenton,MO,47.0,0,0.0,1
2026-04-15 15:31:58,"0157 - Okawville, IL",Diesel,Okawville,IL,0.0,0,0.0,3
2026-04-15 15:31:58,"0157 - Okawville, IL",Unlead,Okawville,IL,35.35699999999997,0,0.0,1
2026-04-15 15:31:58,"0181 - Springfield, IL",Diesel,Springfield,IL,0.0,0,0.0,3
2026-04-15 15:31:58,"0181 - Springfield, IL",Unlead,Springfield,IL,24.556000000000495,0,0.0,1
2026-04-15 15:31:58,"0185 - McLean, IL",Diesel,McLean,IL,149.02199999999903,0,0.0,4
2026-04-15 15:31:58,"0185 - McLean, IL",Unlead,McLean,IL,91.14729999999963,0,0.0,1
2026-04-15 15:31:58,"0186 - Minonk, IL",Diesel,Minonk,IL,0.0,0,0.0,3
2026-04-15 15:31:58,"0186 - Minonk, IL",Unlead,Minonk,IL,30.30999999999949,0,0.0,1
2026-04-15 15:31:58,"0187 - Chicago, IL",Diesel,Chicago,IL,0.0,0,0.0,3
2026-04-15 15:31:58,"0187 - Chicago, IL",Unlead,Chicago,IL,10.851300000000265,0,0.0,1
2026-04-15 15:31:58,"0203 - Rockford, IL",Diesel,Rockford,IL,0.0,0,0.0,1
2026-04-15 15:31:58,"0203 - Rockford, IL",Unlead,Rockford,IL,84.5689999999995,0,0.0,1
2026-04-15 15:31:58,"0205 - South Beloit, IL",Diesel,South Beloit,IL,0.0,0,0.0,3
2026-04-15 15:31:58,"0205 - South Beloit, IL",Unlead,South Beloit,IL,45.0,0,0.0,1
2026-04-15 15:31:58,"0206 - Winnebago, IL",Diesel,Winnebago,IL,0.0,0,0.0,1
2026-04-15 15:31:58,"0206 - Winnebago, IL",Unlead,Winnebago,IL,92.0,0,0.0,1
2026-04-15 15:31:58,"0209 - Oakdale, WI",Diesel,Oakdale,WI,119.0,0,0.0,3
2026-04-15 15:31:58,"0209 - Oakdale, WI",Unlead,Oakdale,WI,8.0,0,0.0,1
2026-04-15 15:31:58,"0210 - Rochelle, IL",Diesel,Rochelle,IL,0.0,0,0.0,3
2026-04-15 15:31:58,"0210 - Rochelle, IL",Unlead,Rochelle,IL,47.0,0,0.0,1
2026-04-15 15:31:58,"0211 - Loves Park, IL",Diesel,Loves Park,IL,0.0,0,0.0,1
2026-04-15 15:31:58,"0211 - Loves Park, IL",Unlead,Loves Park,IL,3.0,0,0.0,1
2026-04-15 15:31:58,"0225 - Princeton, IL",Diesel,Princeton,IL,130.0,0,0.0,4
2026-04-15 15:31:58,"0225 - Princeton, IL",Unlead,Princeton,IL,23.0,0,0.0,2
2026-04-15 15:31:58,"0226 - Greenwood, IN",Diesel,Greenwood,IN,0.0,0,0.0,2
2026-04-15 15:31:58,"0226 - Greenwood, IN",Unlead,Greenwood,IN,10.0,0,0.0,2
2026-04-15 15:31:58,"0235 - Hampshire, IL",Diesel,Hampshire,IL,0.0,1,1682.0,2
2026-04-15 15:31:58,"0235 - Hampshire, IL",Unlead,Hampshire,IL,29.0,0,0.0,2
2026-04-15 15:31:58,"0236 - East Troy, WI",Diesel,East Troy,WI,0.0,0,0.0,2
2026-04-15 15:31:58,"0236 - East Troy, WI",Unlead,East Troy,WI,0.0,0,0.0,1
2026-04-15 15:31:58,"0240 - Lake Station, IN",Diesel,Lake Station,IN,273.0,0,0.0,5
2026-04-15 15:31:58,"0240 - Lake Station, IN",Unlead,Lake Station,IN,64.0,0,0.0,2
2026-04-15 15:31:58,"0242 - St Robert, MO",Diesel,St Robert,MO,0.0,4,3562.984999999998,4
2026-04-15 15:31:58,"0263 - Ottawa, IL",Diesel,Ottawa,IL,412.0,0,0.0,3
2026-04-15 15:31:58,"0263 - Ottawa, IL",Unlead,Ottawa,IL,34.0,0,0.0,1
2026-04-15 15:31:58,"0265 - Dixon, IL",Diesel,Dixon,IL,0.0,0,0.0,3
2026-04-15 15:31:58,"0265 - Dixon, IL",Unlead,Dixon,IL,24.700999999999112,0,0.0,1
2026-04-15 15:31:58,"0266 - New Berlin, IL",Diesel,New Berlin,IL,0.0,0,0.0,3
2026-04-15 15:31:58,"0266 - New Berlin, IL",Unlead,New Berlin,IL,70.96799999999985,0,0.0,1
2026-04-15 15:31:58,"0267 - Pharr, TX",Diesel,Pharr,TX,521.0,0,0.0,4
2026-04-15 15:31:58,"0267 - Pharr, TX",Unlead,Pharr,TX,12.0,0,0.0,1
2026-04-15 15:31:58,"0268 - Grayville, IL",Diesel,Grayville,IL,18.0,0,0.0,3
2026-04-15 15:31:58,"0268 - Grayville, IL",Unlead,Grayville,IL,29.0,0,0.0,1
2026-04-15 15:31:58,"0269 - Marshall, IL",Diesel,Marshall,IL,205.0,0,0.0,3
2026-04-15 15:31:58,"0269 - Marshall, IL",Unlead,Marshall,IL,25.0,0,0.0,1
2026-04-15 15:31:58,"0270 - Moore, TX",Diesel,Moore,TX,422.0,1,4262.0,3
2026-04-15 15:31:58,"0270 - Moore, TX",Unlead,Moore,TX,40.0,0,0.0,1
2026-04-15 15:31:58,"0271 - Odessa, TX",Diesel,Odessa,TX,208.5610000000015,0,0.0,3
2026-04-15 15:31:58,"0271 - Odessa, TX",Unlead,Odessa,TX,44.324500000000626,0,0.0,1
2026-04-15 15:31:58,"0272 - Encinal, TX",Diesel,Encinal,TX,0.0,0,0.0,3
2026-04-15 15:31:58,"0272 - Encinal, TX",Unlead,Encinal,TX,36.35349999999926,0,0.0,1
2026-04-15 15:31:58,"0273 - Combes, TX",Diesel,Combes,TX,148.5650000000005,0,0.0,3
2026-04-15 15:31:58,"0273 - Combes, TX",Unlead,Combes,TX,82.52900000000045,0,0.0,1
2026-04-15 15:31:58,"0275 - Sonora, TX",Diesel,Sonora,TX,251.5650000000005,0,0.0,3
2026-04-15 15:31:58,"0275 - Sonora, TX",Unlead,Sonora,TX,33.652000000000044,0,0.0,1
2026-04-15 15:31:58,"0276 - Waco, TX",Diesel,Waco,TX,184.16160000000127,0,0.0,3
2026-04-15 15:31:58,"0276 - Waco, TX",Unlead,Waco,TX,25.156999999999243,0,0.0,1
2026-04-15 15:31:58,"0277 - New Boston, TX",Diesel,New Boston,TX,201.15350000000035,0,0.0,3
2026-04-15 15:31:58,"0277 - New Boston, TX",Unlead,New Boston,TX,11.509000000000015,0,0.0,1
2026-04-15 15:31:58,"0278 - Brinkley, AR",Diesel,Brinkley,AR,441.6650000000009,0,0.0,3
2026-04-15 15:31:58,"0278 - Brinkley, AR",Unlead,Brinkley,AR,0.0,0,0.0,1
2026-04-15 15:31:58,"0279 - Marion, IL",Diesel,Marion,IL,78.98400000000038,0,0.0,3
2026-04-15 15:31:58,"0279 - Marion, IL",Unlead,Marion,IL,117.121000000001,0,0.0,1
2026-04-15 15:31:58,"0280 - Monahans, TX",Diesel,Monahans,TX,0.0,0,0.0,3
2026-04-15 15:31:58,"0280 - Monahans, TX",Unlead,Monahans,TX,0.0,0,0.0,1
2026-04-15 15:31:58,"0281 - Cisco, TX",Diesel,Cisco,TX,67.21099999999933,0,0.0,3
2026-04-15 15:31:58,"0281 - Cisco, TX",Unlead,Cisco,TX,49.11499999999978,0,0.0,1
2026-04-15 15:31:58,"0282 - Gainesville, TX",Diesel,Gainesville,TX,13.087999999999738,0,0.0,3
2026-04-15 15:31:58,"0282 - Gainesville, TX",Unlead,Gainesville,TX,13.973999999998341,0,0.0,1
2026-04-15 15:31:58,"0283 - Sealy, TX",Diesel,Sealy,TX,166.37199999999757,1,1125.8719999999994,3
2026-04-15 15:31:58,"0283 - Sealy, TX",Unlead,Sealy,TX,33.64400000000023,0,0.0,1
2026-04-15 15:31:58,"0284 - New Deal, TX",Diesel,New Deal,TX,61.475500000000466,0,0.0,3
2026-04-15 15:31:58,"0284 - New Deal, TX",Unlead,New Deal,TX,23.260999999998603,0,0.0,1
2026-04-15 15:31:58,"0285 - Seguin, TX",Diesel,Seguin,TX,168.0020000000004,0,0.0,3
2026-04-15 15:31:58,"0285 - Seguin, TX",Unlead,Seguin,TX,93.2599999999984,0,0.0,1
2026-04-15 15:31:58,"0286 - Amarillo, TX",Diesel,Amarillo,TX,127.40800000000127,0,0.0,3
2026-04-15 15:31:58,"0286 - Amarillo, TX",Unlead,Amarillo,TX,7.302999999999884,0,0.0,1
2026-04-15 15:31:58,"0287 - Burbonnais, IL",Diesel,Burbonnais,IL,123.62299999999959,0,0.0,3
2026-04-15 15:31:58,"0287 - Burbonnais, IL",Unlead,Burbonnais,IL,55.08499999999913,0,0.0,1
2026-04-15 15:31:58,"0289 - Teague, TX",Diesel,Teague,TX,158.23400000000038,0,0.0,3
2026-04-15 15:31:58,"0289 - Teague, TX",Unlead,Teague,TX,39.690999999998894,0,0.0,1
2026-04-15 15:31:58,"0290 - Joplin, MO",Diesel,Joplin,MO,348.34200000000055,0,0.0,3
2026-04-15 15:31:58,"0290 - Joplin, MO",Unlead,Joplin,MO,23.14799999999923,0,0.0,1
2026-04-15 15:31:58,"0312 - Vidor, TX",Diesel,Vidor,TX,33.004000000000815,0,0.0,3
2026-04-15 15:31:58,"0312 - Vidor, TX",Unlead,Vidor,TX,123.51800000000003,0,0.0,1
2026-04-15 15:31:58,"0315 - Laredo, TX",Diesel,Laredo,TX,270.77800000000025,0,0.0,3
2026-04-15 15:31:58,"0315 - Laredo, TX",Unlead,Laredo,TX,50.59360000000015,0,0.0,1
2026-04-15 15:31:58,"0319 - Milford, TX",Diesel,Milford,TX,268.9549999999981,0,0.0,3
2026-04-15 15:31:58,"0319 - Milford, TX",Unlead,Milford,TX,49.03600000000006,0,0.0,1
2026-04-15 15:31:58,"0323 - Canton, TX",Diesel,Canton,TX,322.862000000001,0,0.0,3
2026-04-15 15:31:58,"0323 - Canton, TX",Unlead,Canton,TX,53.38500000000022,0,0.0,1
2026-04-15 15:47:02,"0118 - Springfield, IL",Diesel,Springfield,IL,91.0,0,0.0,3
2026-04-15 15:47:02,"0118 - Springfield, IL",Unlead,Springfield,IL,32.0,0,0.0,1
2026-04-15 15:47:02,"0132 - Champaign, IL",Diesel,Champaign,IL,188.33100000000195,0,0.0,3
2026-04-15 15:47:02,"0132 - Champaign, IL",Unlead,Champaign,IL,147.97699999999895,0,0.0,1
2026-04-15 15:47:02,"0136 - Cottage Grove, WI",Diesel,Cottage Grove,WI,308.83500000000004,0,0.0,2
2026-04-15 15:47:02,"0136 - Cottage Grove, WI",Unlead,Cottage Grove,WI,9.986000000000786,0,0.0,1
2026-04-15 15:47:02,"0139 - Tuscola, IL",Diesel,Tuscola,IL,318.0,0,0.0,1
2026-04-15 15:47:02,"0139 - Tuscola, IL",Unlead,Tuscola,IL,77.0,0,0.0,2
2026-04-15 15:47:02,"0140 - Mendota, IL",Diesel,Mendota,IL,178.0,0,0.0,2
2026-04-15 15:47:02,"0140 - Mendota, IL",Unlead,Mendota,IL,17.0,0,0.0,2
2026-04-15 15:47:02,"0141 - Brazil, IN",Diesel,Brazil,IN,59.64549999999872,0,0.0,4
2026-04-15 15:47:02,"0141 - Brazil, IN",Unlead,Brazil,IN,7.0,0,0.0,1
2026-04-15 15:47:02,"0144 - Elk Run Height, IA",Diesel,Elk Run Height,IA,190.0,0,0.0,4
2026-04-15 15:47:02,"0144 - Elk Run Height, IA",Unlead,Elk Run Height,IA,42.784999999999854,0,0.0,2
2026-04-15 15:47:02,"0145 - Fenton, MO",Diesel,Fenton,MO,222.0,0,0.0,2
2026-04-15 15:47:02,"0145 - Fenton, MO",Unlead,Fenton,MO,119.0,0,0.0,1
2026-04-15 15:47:02,"0157 - Okawville, IL",Diesel,Okawville,IL,20.0,0,0.0,3
2026-04-15 15:47:02,"0157 - Okawville, IL",Unlead,Okawville,IL,33.01400000000103,0,0.0,1
2026-04-15 15:47:02,"0181 - Springfield, IL",Diesel,Springfield,IL,24.722999999999047,0,0.0,3
2026-04-15 15:47:02,"0181 - Springfield, IL",Unlead,Springfield,IL,27.557999999999083,0,0.0,1
2026-04-15 15:47:02,"0185 - McLean, IL",Diesel,McLean,IL,112.63700000000063,0,0.0,4
2026-04-15 15:47:02,"0185 - McLean, IL",Unlead,McLean,IL,76.40520000000015,0,0.0,1
2026-04-15 15:47:02,"0186 - Minonk, IL",Diesel,Minonk,IL,79.07999999999811,0,0.0,3
2026-04-15 15:47:02,"0186 - Minonk, IL",Unlead,Minonk,IL,24.816000000000713,0,0.0,1
2026-04-15 15:47:02,"0187 - Chicago, IL",Diesel,Chicago,IL,0.0,0,0.0,3
2026-04-15 15:47:02,"0187 - Chicago, IL",Unlead,Chicago,IL,9.858400000000074,0,0.0,1
2026-04-15 15:47:02,"0203 - Rockford, IL",Diesel,Rockford,IL,0.0,0,0.0,1
2026-04-15 15:47:02,"0203 - Rockford, IL",Unlead,Rockford,IL,58.995999999999185,0,0.0,1
2026-04-15 15:47:02,"0205 - South Beloit, IL",Diesel,South Beloit,IL,0.0,0,0.0,3
2026-04-15 15:47:02,"0205 - South Beloit, IL",Unlead,South Beloit,IL,78.0,0,0.0,1
2026-04-15 15:47:02,"0206 - Winnebago, IL",Diesel,Winnebago,IL,34.0,0,0.0,1
2026-04-15 15:47:02,"0206 - Winnebago, IL",Unlead,Winnebago,IL,77.0,0,0.0,1
2026-04-15 15:47:02,"0209 - Oakdale, WI",Diesel,Oakdale,WI,101.0,0,0.0,3
2026-04-15 15:47:02,"0209 - Oakdale, WI",Unlead,Oakdale,WI,18.0,0,0.0,1
2026-04-15 15:47:02,"0210 - Rochelle, IL",Diesel,Rochelle,IL,25.0,0,0.0,3
2026-04-15 15:47:02,"0210 - Rochelle, IL",Unlead,Rochelle,IL,71.0,0,0.0,1
2026-04-15 15:47:02,"0211 - Loves Park, IL",Diesel,Loves Park,IL,0.0,0,0.0,1
2026-04-15 15:47:02,"0211 - Loves Park, IL",Unlead,Loves Park,IL,59.0,0,0.0,1
2026-04-15 15:47:02,"0225 - Princeton, IL",Diesel,Princeton,IL,99.0,0,0.0,4
2026-04-15 15:47:02,"0225 - Princeton, IL",Unlead,Princeton,IL,2.0,0,0.0,2
2026-04-15 15:47:02,"0226 - Greenwood, IN",Diesel,Greenwood,IN,116.0,0,0.0,2
2026-04-15 15:47:02,"0226 - Greenwood, IN",Unlead,Greenwood,IN,0.0,0,0.0,2
2026-04-15 15:47:02,"0235 - Hampshire, IL",Diesel,Hampshire,IL,69.0,0,0.0,2
2026-04-15 15:47:02,"0235 - Hampshire, IL",Unlead,Hampshire,IL,40.0,0,0.0,2
2026-04-15 15:47:02,"0236 - East Troy, WI",Diesel,East Troy,WI,0.0,0,0.0,2
2026-04-15 15:47:02,"0236 - East Troy, WI",Unlead,East Troy,WI,0.0,0,0.0,1
2026-04-15 15:47:02,"0240 - Lake Station, IN",Diesel,Lake Station,IN,154.0,0,0.0,5
2026-04-15 15:47:02,"0240 - Lake Station, IN",Unlead,Lake Station,IN,23.0,0,0.0,2
2026-04-15 15:47:02,"0242 - St Robert, MO",Diesel,St Robert,MO,0.0,4,3777.0470000000023,4
2026-04-15 15:47:02,"0263 - Ottawa, IL",Diesel,Ottawa,IL,75.0,0,0.0,3
2026-04-15 15:47:02,"0263 - Ottawa, IL",Unlead,Ottawa,IL,14.0,0,0.0,1
2026-04-15 15:47:02,"0265 - Dixon, IL",Diesel,Dixon,IL,251.93700000000354,0,0.0,3
2026-04-15 15:47:02,"0265 - Dixon, IL",Unlead,Dixon,IL,25.699000000000524,0,0.0,1
2026-04-15 15:47:02,"0266 - New Berlin, IL",Diesel,New Berlin,IL,0.0,0,0.0,3
2026-04-15 15:47:02,"0266 - New Berlin, IL",Unlead,New Berlin,IL,116.52100000000064,0,0.0,1
2026-04-15 15:47:02,"0267 - Pharr, TX",Diesel,Pharr,TX,622.0,0,0.0,4
2026-04-15 15:47:02,"0267 - Pharr, TX",Unlead,Pharr,TX,19.0,0,0.0,1
2026-04-15 15:47:02,"0268 - Grayville, IL",Diesel,Grayville,IL,113.0,0,0.0,3
2026-04-15 15:47:02,"0268 - Grayville, IL",Unlead,Grayville,IL,30.0,0,0.0,1
2026-04-15 15:47:02,"0269 - Marshall, IL",Diesel,Marshall,IL,72.0,0,0.0,3
2026-04-15 15:47:02,"0269 - Marshall, IL",Unlead,Marshall,IL,23.0,0,0.0,1
2026-04-15 15:47:02,"0270 - Moore, TX",Diesel,Moore,TX,176.0,1,2804.0,3
2026-04-15 15:47:02,"0270 - Moore, TX",Unlead,Moore,TX,43.0,0,0.0,1
2026-04-15 15:47:02,"0271 - Odessa, TX",Diesel,Odessa,TX,0.0,2,7318.0999999999985,3
2026-04-15 15:47:02,"0271 - Odessa, TX",Unlead,Odessa,TX,105.41349999999875,0,0.0,1
2026-04-15 15:47:02,"0272 - Encinal, TX",Diesel,Encinal,TX,112.54399999999805,0,0.0,3
2026-04-15 15:47:02,"0272 - Encinal, TX",Unlead,Encinal,TX,32.13299999999981,0,0.0,1
2026-04-15 15:47:02,"0273 - Combes, TX",Diesel,Combes,TX,0.0,0,0.0,3
2026-04-15 15:47:02,"0273 - Combes, TX",Unlead,Combes,TX,0.0,1,236.6939999999995,1
2026-04-15 15:47:02,"0275 - Sonora, TX",Diesel,Sonora,TX,190.4419999999991,0,0.0,3
2026-04-15 15:47:02,"0275 - Sonora, TX",Unlead,Sonora,TX,52.28100000000086,0,0.0,1
2026-04-15 15:47:02,"0276 - Waco, TX",Diesel,Waco,TX,332.7758999999987,0,0.0,3
2026-04-15 15:47:02,"0276 - Waco, TX",Unlead,Waco,TX,79.90000000000146,0,0.0,1
2026-04-15 15:47:02,"0277 - New Boston, TX",Diesel,New Boston,TX,41.21399999999994,0,0.0,3
2026-04-15 15:47:02,"0277 - New Boston, TX",Unlead,New Boston,TX,0.0,0,0.0,1
2026-04-15 15:47:02,"0278 - Brinkley, AR",Diesel,Brinkley,AR,139.9359999999997,0,0.0,3
2026-04-15 15:47:02,"0278 - Brinkley, AR",Unlead,Brinkley,AR,68.85499999999956,0,0.0,1
2026-04-15 15:47:02,"0279 - Marion, IL",Diesel,Marion,IL,140.112000000001,0,0.0,3
2026-04-15 15:47:02,"0279 - Marion, IL",Unlead,Marion,IL,123.75799999999981,0,0.0,1
2026-04-15 15:47:02,"0280 - Monahans, TX",Diesel,Monahans,TX,0.0,0,0.0,3
2026-04-15 15:47:02,"0280 - Monahans, TX",Unlead,Monahans,TX,0.0,0,0.0,1
2026-04-15 15:47:02,"0281 - Cisco, TX",Diesel,Cisco,TX,229.73599999999897,0,0.0,3
2026-04-15 15:47:02,"0281 - Cisco, TX",Unlead,Cisco,TX,24.14300000000003,0,0.0,1
2026-04-15 15:47:02,"0282 - Gainesville, TX",Diesel,Gainesville,TX,0.0,0,0.0,3
2026-04-15 15:47:02,"0282 - Gainesville, TX",Unlead,Gainesville,TX,13.024000000001251,0,0.0,1
2026-04-15 15:47:02,"0283 - Sealy, TX",Diesel,Sealy,TX,298.32400000000234,0,0.0,3
2026-04-15 15:47:02,"0283 - Sealy, TX",Unlead,Sealy,TX,12.575999999999112,0,0.0,1
2026-04-15 15:47:02,"0284 - New Deal, TX",Diesel,New Deal,TX,66.1890000000003,0,0.0,3
2026-04-15 15:47:02,"0284 - New Deal, TX",Unlead,New Deal,TX,28.265000000001237,0,0.0,1
2026-04-15 15:47:02,"0285 - Seguin, TX",Diesel,Seguin,TX,493.1750000000011,0,0.0,3
2026-04-15 15:47:02,"0285 - Seguin, TX",Unlead,Seguin,TX,28.07800000000134,0,0.0,1
2026-04-15 15:47:02,"0286 - Amarillo, TX",Diesel,Amarillo,TX,0.0,0,0.0,3
2026-04-15 15:47:02,"0286 - Amarillo, TX",Unlead,Amarillo,TX,17.27100000000064,0,0.0,1
2026-04-15 15:47:02,"0287 - Burbonnais, IL",Diesel,Burbonnais,IL,0.0,0,0.0,3
2026-04-15 15:47:02,"0287 - Burbonnais, IL",Unlead,Burbonnais,IL,61.94500000000153,0,0.0,1
2026-04-15 15:47:02,"0289 - Teague, TX",Diesel,Teague,TX,548.6009999999987,0,0.0,3
2026-04-15 15:47:02,"0289 - Teague, TX",Unlead,Teague,TX,50.697000000000116,0,0.0,1
2026-04-15 15:47:02,"0290 - Joplin, MO",Diesel,Joplin,MO,104.5614999999998,0,0.0,3
2026-04-15 15:47:02,"0290 - Joplin, MO",Unlead,Joplin,MO,72.83799999999974,0,0.0,1
2026-04-15 15:47:02,"0312 - Vidor, TX",Diesel,Vidor,TX,137.996000000001,0,0.0,3
2026-04-15 15:47:02,"0312 - Vidor, TX",Unlead,Vidor,TX,32.68399999999929,0,0.0,1
2026-04-15 15:47:02,"0315 - Laredo, TX",Diesel,Laredo,TX,234.66699999999946,0,0.0,3
2026-04-15 15:47:02,"0315 - Laredo, TX",Unlead,Laredo,TX,27.33269999999993,0,0.0,1
2026-04-15 15:47:02,"0319 - Milford, TX",Diesel,Milford,TX,292.95100000000093,0,0.0,3
2026-04-15 15:47:02,"0319 - Milford, TX",Unlead,Milford,TX,73.18399999999929,0,0.0,1
2026-04-15 15:47:02,"0323 - Canton, TX",Diesel,Canton,TX,187.65599999999722,0,0.0,3
2026-04-15 15:47:02,"0323 - Canton, TX",Unlead,Canton,TX,20.290000000000873,0,0.0,1
2026-04-15 16:02:03,"0118 - Springfield, IL",Diesel,Springfield,IL,63.0,0,0.0,3
2026-04-15 16:02:03,"0118 - Springfield, IL",Unlead,Springfield,IL,38.0,0,0.0,1
2026-04-15 16:02:03,"0132 - Champaign, IL",Diesel,Champaign,IL,148.6949999999997,0,0.0,3
2026-04-15 16:02:03,"0132 - Champaign, IL",Unlead,Champaign,IL,111.96500000000015,0,0.0,1
2026-04-15 16:02:03,"0136 - Cottage Grove, WI",Diesel,Cottage Grove,WI,259.884,0,0.0,2
2026-04-15 16:02:03,"0136 - Cottage Grove, WI",Unlead,Cottage Grove,WI,20.139999999999418,0,0.0,1
2026-04-15 16:02:03,"0139 - Tuscola, IL",Diesel,Tuscola,IL,129.0,0,0.0,1
2026-04-15 16:02:03,"0139 - Tuscola, IL",Unlead,Tuscola,IL,4.0,0,0.0,2
2026-04-15 16:02:03,"0140 - Mendota, IL",Diesel,Mendota,IL,61.0,0,0.0,2
2026-04-15 16:02:03,"0140 - Mendota, IL",Unlead,Mendota,IL,21.0,0,0.0,2
2026-04-15 16:02:03,"0141 - Brazil, IN",Diesel,Brazil,IN,6.2280000000000655,0,0.0,4
2026-04-15 16:02:03,"0141 - Brazil, IN",Unlead,Brazil,IN,23.0,0,0.0,1
2026-04-15 16:02:03,"0144 - Elk Run Height, IA",Diesel,Elk Run Height,IA,181.0,0,0.0,4
2026-04-15 16:02:03,"0144 - Elk Run Height, IA",Unlead,Elk Run Height,IA,2.93329999999969,0,0.0,2
2026-04-15 16:02:03,"0145 - Fenton, MO",Diesel,Fenton,MO,95.0,0,0.0,2
2026-04-15 16:02:03,"0145 - Fenton, MO",Unlead,Fenton,MO,12.0,0,0.0,1
2026-04-15 16:02:03,"0157 - Okawville, IL",Diesel,Okawville,IL,119.0,0,0.0,3
2026-04-15 16:02:03,"0157 - Okawville, IL",Unlead,Okawville,IL,48.46399999999994,0,0.0,1
2026-04-15 16:02:03,"0181 - Springfield, IL",Diesel,Springfield,IL,211.1865999999991,0,0.0,3
2026-04-15 16:02:03,"0181 - Springfield, IL",Unlead,Springfield,IL,81.44900000000052,0,0.0,1
2026-04-15 16:02:03,"0185 - McLean, IL",Diesel,McLean,IL,89.63799999999901,0,0.0,4
2026-04-15 16:02:03,"0185 - McLean, IL",Unlead,McLean,IL,133.28880000000026,0,0.0,1
2026-04-15 16:02:03,"0186 - Minonk, IL",Diesel,Minonk,IL,0.0,0,0.0,3
2026-04-15 16:02:03,"0186 - Minonk, IL",Unlead,Minonk,IL,12.00799999999981,0,0.0,1
2026-04-15 16:02:03,"0187 - Chicago, IL",Diesel,Chicago,IL,84.0,0,0.0,3
2026-04-15 16:02:03,"0187 - Chicago, IL",Unlead,Chicago,IL,8.944800000000214,0,0.0,1
2026-04-15 16:02:03,"0203 - Rockford, IL",Diesel,Rockford,IL,0.0,0,0.0,1
2026-04-15 16:02:03,"0203 - Rockford, IL",Unlead,Rockford,IL,56.330000000001746,0,0.0,1
2026-04-15 16:02:03,"0205 - South Beloit, IL",Diesel,South Beloit,IL,58.0,0,0.0,3
2026-04-15 16:02:03,"0205 - South Beloit, IL",Unlead,South Beloit,IL,46.0,0,0.0,1
2026-04-15 16:02:03,"0206 - Winnebago, IL",Diesel,Winnebago,IL,23.0,0,0.0,1
2026-04-15 16:02:03,"0206 - Winnebago, IL",Unlead,Winnebago,IL,52.0,0,0.0,1
2026-04-15 16:02:03,"0209 - Oakdale, WI",Diesel,Oakdale,WI,147.0,0,0.0,3
2026-04-15 16:02:03,"0209 - Oakdale, WI",Unlead,Oakdale,WI,23.0,0,0.0,1
2026-04-15 16:02:03,"0210 - Rochelle, IL",Diesel,Rochelle,IL,134.0,0,0.0,3
2026-04-15 16:02:03,"0210 - Rochelle, IL",Unlead,Rochelle,IL,53.0,0,0.0,1
2026-04-15 16:02:03,"0211 - Loves Park, IL",Diesel,Loves Park,IL,141.0,0,0.0,1
2026-04-15 16:02:03,"0211 - Loves Park, IL",Unlead,Loves Park,IL,49.0,0,0.0,1
2026-04-15 16:02:03,"0225 - Princeton, IL",Diesel,Princeton,IL,324.0,0,0.0,4
2026-04-15 16:02:03,"0225 - Princeton, IL",Unlead,Princeton,IL,11.0,0,0.0,2
2026-04-15 16:02:03,"0226 - Greenwood, IN",Diesel,Greenwood,IN,22.0,0,0.0,2
2026-04-15 16:02:03,"0226 - Greenwood, IN",Unlead,Greenwood,IN,19.0,0,0.0,2
2026-04-15 16:02:03,"0235 - Hampshire, IL",Diesel,Hampshire,IL,46.0,0,0.0,2
2026-04-15 16:02:03,"0235 - Hampshire, IL",Unlead,Hampshire,IL,35.0,0,0.0,2
2026-04-15 16:02:03,"0236 - East Troy, WI",Diesel,East Troy,WI,134.0,0,0.0,2
2026-04-15 16:02:03,"0236 - East Troy, WI",Unlead,East Troy,WI,0.0,0,0.0,1
2026-04-15 16:02:03,"0240 - Lake Station, IN",Diesel,Lake Station,IN,446.0,0,0.0,5
2026-04-15 16:02:03,"0240 - Lake Station, IN",Unlead,Lake Station,IN,20.0,0,0.0,2
2026-04-15 16:02:03,"0242 - St Robert, MO",Diesel,St Robert,MO,0.0,4,1181.6550000000007,4
2026-04-15 16:02:03,"0263 - Ottawa, IL",Diesel,Ottawa,IL,187.0,0,0.0,3
2026-04-15 16:02:03,"0263 - Ottawa, IL",Unlead,Ottawa,IL,36.0,0,0.0,1
2026-04-15 16:02:03,"0265 - Dixon, IL",Diesel,Dixon,IL,9.856999999999971,0,0.0,3
2026-04-15 16:02:03,"0265 - Dixon, IL",Unlead,Dixon,IL,0.0,0,0.0,1
2026-04-15 16:02:03,"0266 - New Berlin, IL",Diesel,New Berlin,IL,67.0,0,0.0,3
2026-04-15 16:02:03,"0266 - New Berlin, IL",Unlead,New Berlin,IL,76.3769999999995,0,0.0,1
2026-04-15 16:02:03,"0267 - Pharr, TX",Diesel,Pharr,TX,456.0,0,0.0,4
2026-04-15 16:02:03,"0267 - Pharr, TX",Unlead,Pharr,TX,2.0,0,0.0,1
2026-04-15 16:02:03,"0268 - Grayville, IL",Diesel,Grayville,IL,344.0,0,0.0,3
2026-04-15 16:02:03,"0268 - Grayville, IL",Unlead,Grayville,IL,44.0,0,0.0,1
2026-04-15 16:02:03,"0269 - Marshall, IL",Diesel,Marshall,IL,104.0,0,0.0,3
2026-04-15 16:02:03,"0269 - Marshall, IL",Unlead,Marshall,IL,14.0,0,0.0,1
2026-04-15 16:02:03,"0270 - Moore, TX",Diesel,Moore,TX,393.0,0,0.0,3
2026-04-15 16:02:03,"0270 - Moore, TX",Unlead,Moore,TX,103.0,0,0.0,1
2026-04-15 16:02:03,"0271 - Odessa, TX",Diesel,Odessa,TX,0.0,0,0.0,3
2026-04-15 16:02:03,"0271 - Odessa, TX",Unlead,Odessa,TX,9.40900000000147,0,0.0,1
2026-04-15 16:02:03,"0272 - Encinal, TX",Diesel,Encinal,TX,83.26100000000042,0,0.0,3
2026-04-15 16:02:03,"0272 - Encinal, TX",Unlead,Encinal,TX,3.6589999999996508,0,0.0,1
2026-04-15 16:02:03,"0273 - Combes, TX",Diesel,Combes,TX,0.0,0,0.0,3
2026-04-15 16:02:03,"0273 - Combes, TX",Unlead,Combes,TX,0.0,1,5163.7080000000005,1
2026-04-15 16:02:03,"0275 - Sonora, TX",Diesel,Sonora,TX,78.0,0,0.0,3
2026-04-15 16:02:03,"0275 - Sonora, TX",Unlead,Sonora,TX,64.13800000000083,0,0.0,1
2026-04-15 16:02:03,"0276 - Waco, TX",Diesel,Waco,TX,147.70250000000033,0,0.0,3
2026-04-15 16:02:03,"0276 - Waco, TX",Unlead,Waco,TX,80.90499999999884,0,0.0,1
2026-04-15 16:02:03,"0277 - New Boston, TX",Diesel,New Boston,TX,314.1989999999987,0,0.0,3
2026-04-15 16:02:03,"0277 - New Boston, TX",Unlead,New Boston,TX,16.82300000000032,0,0.0,1
2026-04-15 16:02:03,"0278 - Brinkley, AR",Diesel,Brinkley,AR,145.2634999999991,0,0.0,3
2026-04-15 16:02:03,"0278 - Brinkley, AR",Unlead,Brinkley,AR,34.09900000000016,0,0.0,1
2026-04-15 16:02:03,"0279 - Marion, IL",Diesel,Marion,IL,112.76800000000003,0,0.0,3
2026-04-15 16:02:03,"0279 - Marion, IL",Unlead,Marion,IL,45.26299999999901,0,0.0,1
2026-04-15 16:02:03,"0280 - Monahans, TX",Diesel,Monahans,TX,0.0,0,0.0,3
2026-04-15 16:02:03,"0280 - Monahans, TX",Unlead,Monahans,TX,0.0,0,0.0,1
2026-04-15 16:02:03,"0281 - Cisco, TX",Diesel,Cisco,TX,219.27000000000044,0,0.0,3
2026-04-15 16:02:03,"0281 - Cisco, TX",Unlead,Cisco,TX,30.070999999999913,0,0.0,1
2026-04-15 16:02:03,"0282 - Gainesville, TX",Diesel,Gainesville,TX,92.57800000000134,0,0.0,3
2026-04-15 16:02:03,"0282 - Gainesville, TX",Unlead,Gainesville,TX,35.46899999999914,0,0.0,1
2026-04-15 16:02:03,"0283 - Sealy, TX",Diesel,Sealy,TX,33.612999999999374,0,0.0,3
2026-04-15 16:02:03,"0283 - Sealy, TX",Unlead,Sealy,TX,12.90099999999984,0,0.0,1
2026-04-15 16:02:03,"0284 - New Deal, TX",Diesel,New Deal,TX,100.01399999999921,0,0.0,3
2026-04-15 16:02:03,"0284 - New Deal, TX",Unlead,New Deal,TX,131.2469999999994,0,0.0,1
2026-04-15 16:02:03,"0285 - Seguin, TX",Diesel,Seguin,TX,636.7929999999997,0,0.0,3
2026-04-15 16:02:03,"0285 - Seguin, TX",Unlead,Seguin,TX,42.849999999998545,0,0.0,1
2026-04-15 16:02:03,"0286 - Amarillo, TX",Diesel,Amarillo,TX,0.0,0,0.0,3
2026-04-15 16:02:03,"0286 - Amarillo, TX",Unlead,Amarillo,TX,33.972999999999956,0,0.0,1
2026-04-15 16:02:03,"0287 - Burbonnais, IL",Diesel,Burbonnais,IL,0.0,0,0.0,3
2026-04-15 16:02:03,"0287 - Burbonnais, IL",Unlead,Burbonnais,IL,42.05199999999968,0,0.0,1
2026-04-15 16:02:03,"0289 - Teague, TX",Diesel,Teague,TX,145.34500000000116,0,0.0,3
2026-04-15 16:02:03,"0289 - Teague, TX",Unlead,Teague,TX,85.63200000000143,0,0.0,1
2026-04-15 16:02:03,"0290 - Joplin, MO",Diesel,Joplin,MO,152.41150000000016,0,0.0,3
2026-04-15 16:02:03,"0290 - Joplin, MO",Unlead,Joplin,MO,53.78900000000067,0,0.0,1
2026-04-15 16:02:03,"0312 - Vidor, TX",Diesel,Vidor,TX,37.05999999999949,0,0.0,3
2026-04-15 16:02:03,"0312 - Vidor, TX",Unlead,Vidor,TX,12.457000000000335,0,0.0,1
2026-04-15 16:02:03,"0315 - Laredo, TX",Diesel,Laredo,TX,65.51500000000124,0,0.0,3
2026-04-15 16:02:03,"0315 - Laredo, TX",Unlead,Laredo,TX,25.172300000000178,0,0.0,1
2026-04-15 16:02:03,"0319 - Milford, TX",Diesel,Milford,TX,93.58399999999529,0,0.0,3
2026-04-15 16:02:03,"0319 - Milford, TX",Unlead,Milford,TX,75.16200000000026,0,0.0,1
2026-04-15 16:02:03,"0323 - Canton, TX",Diesel,Canton,TX,74.26800000000003,0,0.0,3
2026-04-15 16:02:03,"0323 - Canton, TX",Unlead,Canton,TX,73.54299999999967,0,0.0,1
2026-04-15 16:17:05,"0118 - Springfield, IL",Diesel,Springfield,IL,257.0,0,0.0,3
2026-04-15 16:17:05,"0118 - Springfield, IL",Unlead,Springfield,IL,34.0,0,0.0,1
2026-04-15 16:17:05,"0132 - Champaign, IL",Diesel,Champaign,IL,109.80500000000029,0,0.0,3
2026-04-15 16:17:05,"0132 - Champaign, IL",Unlead,Champaign,IL,43.38999999999942,0,0.0,1
2026-04-15 16:17:05,"0136 - Cottage Grove, WI",Diesel,Cottage Grove,WI,529.0249999999996,0,0.0,2
2026-04-15 16:17:05,"0136 - Cottage Grove, WI",Unlead,Cottage Grove,WI,0.0,0,0.0,1
2026-04-15 16:17:05,"0139 - Tuscola, IL",Diesel,Tuscola,IL,72.0,0,0.0,1
2026-04-15 16:17:05,"0139 - Tuscola, IL",Unlead,Tuscola,IL,40.0,0,0.0,2
2026-04-15 16:17:05,"0140 - Mendota, IL",Diesel,Mendota,IL,0.0,0,0.0,2
2026-04-15 16:17:05,"0140 - Mendota, IL",Unlead,Mendota,IL,26.0,0,0.0,2
2026-04-15 16:17:05,"0141 - Brazil, IN",Diesel,Brazil,IN,205.41640000000007,0,0.0,4
2026-04-15 16:17:05,"0141 - Brazil, IN",Unlead,Brazil,IN,10.0,0,0.0,1
2026-04-15 16:17:05,"0144 - Elk Run Height, IA",Diesel,Elk Run Height,IA,162.0,0,0.0,4
2026-04-15 16:17:05,"0144 - Elk Run Height, IA",Unlead,Elk Run Height,IA,24.865499999999884,0,0.0,2
2026-04-15 16:17:05,"0145 - Fenton, MO",Diesel,Fenton,MO,387.0,0,0.0,2
2026-04-15 16:17:05,"0145 - Fenton, MO",Unlead,Fenton,MO,21.0,0,0.0,1
2026-04-15 16:17:05,"0157 - Okawville, IL",Diesel,Okawville,IL,41.0,0,0.0,3
2026-04-15 16:17:05,"0157 - Okawville, IL",Unlead,Okawville,IL,38.58499999999913,0,0.0,1
2026-04-15 16:17:05,"0181 - Springfield, IL",Diesel,Springfield,IL,121.26390000000265,0,0.0,3
2026-04-15 16:17:05,"0181 - Springfield, IL",Unlead,Springfield,IL,120.628999999999,0,0.0,1
2026-04-15 16:17:05,"0185 - McLean, IL",Diesel,McLean,IL,105.96000000000095,0,0.0,4
2026-04-15 16:17:05,"0185 - McLean, IL",Unlead,McLean,IL,70.04790000000003,0,0.0,1
2026-04-15 16:17:05,"0186 - Minonk, IL",Diesel,Minonk,IL,0.0,0,0.0,3
2026-04-15 16:17:05,"0186 - Minonk, IL",Unlead,Minonk,IL,65.66599999999926,0,0.0,1
2026-04-15 16:17:05,"0187 - Chicago, IL",Diesel,Chicago,IL,0.0,0,0.0,3
2026-04-15 16:17:05,"0187 - Chicago, IL",Unlead,Chicago,IL,22.32470000000012,0,0.0,1
2026-04-15 16:17:05,"0203 - Rockford, IL",Diesel,Rockford,IL,0.0,0,0.0,1
2026-04-15 16:17:05,"0203 - Rockford, IL",Unlead,Rockford,IL,39.00199999999859,0,0.0,1
2026-04-15 16:17:05,"0205 - South Beloit, IL",Diesel,South Beloit,IL,0.0,0,0.0,3
2026-04-15 16:17:05,"0205 - South Beloit, IL",Unlead,South Beloit,IL,36.0,0,0.0,1
2026-04-15 16:17:05,"0206 - Winnebago, IL",Diesel,Winnebago,IL,0.0,0,0.0,1
2026-04-15 16:17:05,"0206 - Winnebago, IL",Unlead,Winnebago,IL,34.0,0,0.0,1
2026-04-15 16:17:05,"0209 - Oakdale, WI",Diesel,Oakdale,WI,77.0,0,0.0,3
2026-04-15 16:17:05,"0209 - Oakdale, WI",Unlead,Oakdale,WI,77.0,0,0.0,1
2026-04-15 16:17:05,"0210 - Rochelle, IL",Diesel,Rochelle,IL,171.0,0,0.0,3
2026-04-15 16:17:05,"0210 - Rochelle, IL",Unlead,Rochelle,IL,56.0,0,0.0,1
2026-04-15 16:17:05,"0211 - Loves Park, IL",Diesel,Loves Park,IL,0.0,0,0.0,1
2026-04-15 16:17:05,"0211 - Loves Park, IL",Unlead,Loves Park,IL,57.0,0,0.0,1
2026-04-15 16:17:05,"0225 - Princeton, IL",Diesel,Princeton,IL,87.0,0,0.0,4
2026-04-15 16:17:05,"0225 - Princeton, IL",Unlead,Princeton,IL,6.0,0,0.0,2
2026-04-15 16:17:05,"0226 - Greenwood, IN",Diesel,Greenwood,IN,0.0,0,0.0,2
2026-04-15 16:17:05,"0226 - Greenwood, IN",Unlead,Greenwood,IN,15.0,0,0.0,2
2026-04-15 16:17:05,"0235 - Hampshire, IL",Diesel,Hampshire,IL,123.0,0,0.0,2
2026-04-15 16:17:05,"0235 - Hampshire, IL",Unlead,Hampshire,IL,49.0,0,0.0,2
2026-04-15 16:17:05,"0236 - East Troy, WI",Diesel,East Troy,WI,134.0,0,0.0,2
2026-04-15 16:17:05,"0236 - East Troy, WI",Unlead,East Troy,WI,0.0,1,1248.0,1
2026-04-15 16:17:05,"0240 - Lake Station, IN",Diesel,Lake Station,IN,97.0,0,0.0,5
2026-04-15 16:17:05,"0240 - Lake Station, IN",Unlead,Lake Station,IN,19.0,0,0.0,2
2026-04-15 16:17:05,"0242 - St Robert, MO",Diesel,St Robert,MO,249.54899999999907,1,107.10399999999936,4
2026-04-15 16:17:05,"0263 - Ottawa, IL",Diesel,Ottawa,IL,71.0,0,0.0,3
2026-04-15 16:17:05,"0263 - Ottawa, IL",Unlead,Ottawa,IL,54.0,0,0.0,1
2026-04-15 16:17:05,"0265 - Dixon, IL",Diesel,Dixon,IL,0.0,0,0.0,3
2026-04-15 16:17:05,"0265 - Dixon, IL",Unlead,Dixon,IL,19.276499999999942,0,0.0,1
2026-04-15 16:17:05,"0266 - New Berlin, IL",Diesel,New Berlin,IL,0.0,0,0.0,3
2026-04-15 16:17:05,"0266 - New Berlin, IL",Unlead,New Berlin,IL,100.09839999999986,0,0.0,1
2026-04-15 16:17:05,"0267 - Pharr, TX",Diesel,Pharr,TX,388.0,0,0.0,4
2026-04-15 16:17:05,"0267 - Pharr, TX",Unlead,Pharr,TX,19.0,0,0.0,1
2026-04-15 16:17:05,"0268 - Grayville, IL",Diesel,Grayville,IL,20.0,0,0.0,3
2026-04-15 16:17:05,"0268 - Grayville, IL",Unlead,Grayville,IL,41.0,0,0.0,1
2026-04-15 16:17:05,"0269 - Marshall, IL",Diesel,Marshall,IL,0.0,0,0.0,3
2026-04-15 16:17:05,"0269 - Marshall, IL",Unlead,Marshall,IL,18.0,0,0.0,1
2026-04-15 16:17:05,"0270 - Moore, TX",Diesel,Moore,TX,120.0,0,0.0,3
2026-04-15 16:17:05,"0270 - Moore, TX",Unlead,Moore,TX,132.0,0,0.0,1
2026-04-15 16:17:05,"0271 - Odessa, TX",Diesel,Odessa,TX,346.2510000000002,0,0.0,3
2026-04-15 16:17:05,"0271 - Odessa, TX",Unlead,Odessa,TX,32.607999999998356,0,0.0,1
2026-04-15 16:17:05,"0272 - Encinal, TX",Diesel,Encinal,TX,218.71400000000176,0,0.0,3
2026-04-15 16:17:05,"0272 - Encinal, TX",Unlead,Encinal,TX,0.0,0,0.0,1
2026-04-15 16:17:05,"0273 - Combes, TX",Diesel,Combes,TX,174.1880000000001,0,0.0,3
2026-04-15 16:17:05,"0273 - Combes, TX",Unlead,Combes,TX,0.0,1,2911.0920000000006,1
2026-04-15 16:17:05,"0275 - Sonora, TX",Diesel,Sonora,TX,266.65500000000065,0,0.0,3
2026-04-15 16:17:05,"0275 - Sonora, TX",Unlead,Sonora,TX,45.67699999999968,0,0.0,1
2026-04-15 16:17:05,"0276 - Waco, TX",Diesel,Waco,TX,543.7660000000005,0,0.0,3
2026-04-15 16:17:05,"0276 - Waco, TX",Unlead,Waco,TX,51.52000000000044,0,0.0,1
2026-04-15 16:17:05,"0277 - New Boston, TX",Diesel,New Boston,TX,366.8670000000002,0,0.0,3
2026-04-15 16:17:05,"0277 - New Boston, TX",Unlead,New Boston,TX,0.0,0,0.0,1
2026-04-15 16:17:05,"0278 - Brinkley, AR",Diesel,Brinkley,AR,408.0535000000018,0,0.0,3
2026-04-15 16:17:05,"0278 - Brinkley, AR",Unlead,Brinkley,AR,34.611000000000786,0,0.0,1
2026-04-15 16:17:05,"0279 - Marion, IL",Diesel,Marion,IL,15.822000000000116,0,0.0,3
2026-04-15 16:17:05,"0279 - Marion, IL",Unlead,Marion,IL,85.24099999999999,0,0.0,1
2026-04-15 16:17:05,"0280 - Monahans, TX",Diesel,Monahans,TX,0.0,0,0.0,3
2026-04-15 16:17:05,"0280 - Monahans, TX",Unlead,Monahans,TX,0.0,0,0.0,1
2026-04-15 16:17:05,"0281 - Cisco, TX",Diesel,Cisco,TX,407.1399999999976,0,0.0,3
2026-04-15 16:17:05,"0281 - Cisco, TX",Unlead,Cisco,TX,68.31600000000071,0,0.0,1
2026-04-15 16:17:05,"0282 - Gainesville, TX",Diesel,Gainesville,TX,0.0,0,0.0,3
2026-04-15 16:17:05,"0282 - Gainesville, TX",Unlead,Gainesville,TX,11.373999999999796,0,0.0,1
2026-04-15 16:17:05,"0283 - Sealy, TX",Diesel,Sealy,TX,66.66300000000047,0,0.0,3
2026-04-15 16:17:05,"0283 - Sealy, TX",Unlead,Sealy,TX,0.0,0,0.0,1
2026-04-15 16:17:05,"0284 - New Deal, TX",Diesel,New Deal,TX,45.53950000000077,0,0.0,3
2026-04-15 16:17:05,"0284 - New Deal, TX",Unlead,New Deal,TX,127.98099999999977,0,0.0,1
2026-04-15 16:17:05,"0285 - Seguin, TX",Diesel,Seguin,TX,311.73699999999917,0,0.0,3
2026-04-15 16:17:05,"0285 - Seguin, TX",Unlead,Seguin,TX,71.82600000000093,0,0.0,1
2026-04-15 16:17:05,"0286 - Amarillo, TX",Diesel,Amarillo,TX,74.0109999999986,0,0.0,3
2026-04-15 16:17:05,"0286 - Amarillo, TX",Unlead,Amarillo,TX,66.13400000000001,0,0.0,1
2026-04-15 16:17:05,"0287 - Burbonnais, IL",Diesel,Burbonnais,IL,0.0,0,0.0,3
2026-04-15 16:17:05,"0287 - Burbonnais, IL",Unlead,Burbonnais,IL,31.440999999998894,0,0.0,1
2026-04-15 16:17:05,"0289 - Teague, TX",Diesel,Teague,TX,122.9890000000014,0,0.0,3
2026-04-15 16:17:05,"0289 - Teague, TX",Unlead,Teague,TX,70.99399999999878,0,0.0,1
2026-04-15 16:17:05,"0290 - Joplin, MO",Diesel,Joplin,MO,241.8700000000008,0,0.0,3
2026-04-15 16:17:05,"0290 - Joplin, MO",Unlead,Joplin,MO,78.01399999999921,0,0.0,1
2026-04-15 16:17:05,"0312 - Vidor, TX",Diesel,Vidor,TX,209.3719999999994,0,0.0,3
2026-04-15 16:17:05,"0312 - Vidor, TX",Unlead,Vidor,TX,44.68499999999949,0,0.0,1
2026-04-15 16:17:05,"0315 - Laredo, TX",Diesel,Laredo,TX,115.21299999999974,0,0.0,3
2026-04-15 16:17:05,"0315 - Laredo, TX",Unlead,Laredo,TX,25.079999999999927,0,0.0,1
2026-04-15 16:17:05,"0319 - Milford, TX",Diesel,Milford,TX,106.38350000000173,0,0.0,3
2026-04-15 16:17:05,"0319 - Milford, TX",Unlead,Milford,TX,61.457000000000335,0,0.0,1
2026-04-15 16:17:05,"0323 - Canton, TX",Diesel,Canton,TX,122.1890000000003,0,0.0,3
2026-04-15 16:17:05,"0323 - Canton, TX",Unlead,Canton,TX,13.975999999998749,0,0.0,1
2026-04-15 16:32:06,"0118 - Springfield, IL",Diesel,Springfield,IL,77.0,0,0.0,3
2026-04-15 16:32:06,"0118 - Springfield, IL",Unlead,Springfield,IL,60.0,0,0.0,1
2026-04-15 16:32:06,"0132 - Champaign, IL",Diesel,Champaign,IL,145.8898999999983,0,0.0,3
2026-04-15 16:32:06,"0132 - Champaign, IL",Unlead,Champaign,IL,119.51100000000042,0,0.0,1
2026-04-15 16:32:06,"0136 - Cottage Grove, WI",Diesel,Cottage Grove,WI,239.66399999999976,0,0.0,2
2026-04-15 16:32:06,"0136 - Cottage Grove, WI",Unlead,Cottage Grove,WI,21.22699999999986,0,0.0,1
2026-04-15 16:32:06,"0139 - Tuscola, IL",Diesel,Tuscola,IL,123.0,0,0.0,1
2026-04-15 16:32:06,"0139 - Tuscola, IL",Unlead,Tuscola,IL,0.0,0,0.0,2
2026-04-15 16:32:06,"0140 - Mendota, IL",Diesel,Mendota,IL,0.0,0,0.0,2
2026-04-15 16:32:06,"0140 - Mendota, IL",Unlead,Mendota,IL,85.0,0,0.0,2
2026-04-15 16:32:06,"0141 - Brazil, IN",Diesel,Brazil,IN,139.10509999999977,0,0.0,4
2026-04-15 16:32:06,"0141 - Brazil, IN",Unlead,Brazil,IN,40.0,0,0.0,1
2026-04-15 16:32:06,"0144 - Elk Run Height, IA",Diesel,Elk Run Height,IA,373.0,0,0.0,4
2026-04-15 16:32:06,"0144 - Elk Run Height, IA",Unlead,Elk Run Height,IA,29.043900000000576,0,0.0,2
2026-04-15 16:32:06,"0145 - Fenton, MO",Diesel,Fenton,MO,200.0,0,0.0,2
2026-04-15 16:32:06,"0145 - Fenton, MO",Unlead,Fenton,MO,23.0,0,0.0,1
2026-04-15 16:32:06,"0157 - Okawville, IL",Diesel,Okawville,IL,159.0,0,0.0,3
2026-04-15 16:32:06,"0157 - Okawville, IL",Unlead,Okawville,IL,8.342000000000553,0,0.0,1
2026-04-15 16:32:06,"0181 - Springfield, IL",Diesel,Springfield,IL,0.0,0,0.0,3
2026-04-15 16:32:06,"0181 - Springfield, IL",Unlead,Springfield,IL,20.346000000001368,0,0.0,1
2026-04-15 16:32:06,"0185 - McLean, IL",Diesel,McLean,IL,180.2659999999978,0,0.0,4
2026-04-15 16:32:06,"0185 - McLean, IL",Unlead,McLean,IL,61.59689999999955,0,0.0,1
2026-04-15 16:32:06,"0186 - Minonk, IL",Diesel,Minonk,IL,0.0,0,0.0,3
2026-04-15 16:32:06,"0186 - Minonk, IL",Unlead,Minonk,IL,20.75300000000061,0,0.0,1
2026-04-15 16:32:06,"0187 - Chicago, IL",Diesel,Chicago,IL,0.0,0,0.0,3
2026-04-15 16:32:06,"0187 - Chicago, IL",Unlead,Chicago,IL,15.332099999999627,0,0.0,1
2026-04-15 16:32:06,"0203 - Rockford, IL",Diesel,Rockford,IL,14.976000000002387,0,0.0,1
2026-04-15 16:32:06,"0203 - Rockford, IL",Unlead,Rockford,IL,30.986000000000786,0,0.0,1
2026-04-15 16:32:06,"0205 - South Beloit, IL",Diesel,South Beloit,IL,0.0,0,0.0,3
2026-04-15 16:32:06,"0205 - South Beloit, IL",Unlead,South Beloit,IL,6.0,0,0.0,1
2026-04-15 16:32:06,"0206 - Winnebago, IL",Diesel,Winnebago,IL,53.0,0,0.0,1
2026-04-15 16:32:06,"0206 - Winnebago, IL",Unlead,Winnebago,IL,36.0,0,0.0,1
2026-04-15 16:32:06,"0209 - Oakdale, WI",Diesel,Oakdale,WI,160.0,0,0.0,3
2026-04-15 16:32:06,"0209 - Oakdale, WI",Unlead,Oakdale,WI,13.0,0,0.0,1
2026-04-15 16:32:06,"0210 - Rochelle, IL",Diesel,Rochelle,IL,0.0,1,2206.0,3
2026-04-15 16:32:06,"0210 - Rochelle, IL",Unlead,Rochelle,IL,27.0,0,0.0,1
2026-04-15 16:32:06,"0211 - Loves Park, IL",Diesel,Loves Park,IL,41.0,0,0.0,1
2026-04-15 16:32:06,"0211 - Loves Park, IL",Unlead,Loves Park,IL,45.0,0,0.0,1
2026-04-15 16:32:06,"0225 - Princeton, IL",Diesel,Princeton,IL,12.0,0,0.0,4
2026-04-15 16:32:06,"0225 - Princeton, IL",Unlead,Princeton,IL,25.0,0,0.0,2
2026-04-15 16:32:06,"0226 - Greenwood, IN",Diesel,Greenwood,IN,45.0,0,0.0,2
2026-04-15 16:32:06,"0226 - Greenwood, IN",Unlead,Greenwood,IN,56.0,0,0.0,2
2026-04-15 16:32:06,"0235 - Hampshire, IL",Diesel,Hampshire,IL,0.0,0,0.0,2
2026-04-15 16:32:06,"0235 - Hampshire, IL",Unlead,Hampshire,IL,62.0,0,0.0,2
2026-04-15 16:32:06,"0236 - East Troy, WI",Diesel,East Troy,WI,0.0,0,0.0,2
2026-04-15 16:32:06,"0236 - East Troy, WI",Unlead,East Troy,WI,0.0,1,4462.0,1
2026-04-15 16:32:06,"0240 - Lake Station, IN",Diesel,Lake Station,IN,126.0,0,0.0,5
2026-04-15 16:32:06,"0240 - Lake Station, IN",Unlead,Lake Station,IN,23.0,0,0.0,2
2026-04-15 16:32:06,"0242 - St Robert, MO",Diesel,St Robert,MO,211.21300000000156,0,0.0,4
2026-04-15 16:32:06,"0263 - Ottawa, IL",Diesel,Ottawa,IL,184.0,0,0.0,3
2026-04-15 16:32:06,"0263 - Ottawa, IL",Unlead,Ottawa,IL,25.0,0,0.0,1
2026-04-15 16:32:06,"0265 - Dixon, IL",Diesel,Dixon,IL,13.84599999999773,0,0.0,3
2026-04-15 16:32:06,"0265 - Dixon, IL",Unlead,Dixon,IL,26.58050000000003,0,0.0,1
2026-04-15 16:32:06,"0266 - New Berlin, IL",Diesel,New Berlin,IL,0.0,0,0.0,3
2026-04-15 16:32:06,"0266 - New Berlin, IL",Unlead,New Berlin,IL,68.6231000000007,0,0.0,1
2026-04-15 16:32:06,"0267 - Pharr, TX",Diesel,Pharr,TX,143.0,0,0.0,4
2026-04-15 16:32:06,"0267 - Pharr, TX",Unlead,Pharr,TX,43.0,0,0.0,1
2026-04-15 16:32:06,"0268 - Grayville, IL",Diesel,Grayville,IL,44.0,0,0.0,3
2026-04-15 16:32:06,"0268 - Grayville, IL",Unlead,Grayville,IL,21.0,0,0.0,1
2026-04-15 16:32:06,"0269 - Marshall, IL",Diesel,Marshall,IL,164.0,0,0.0,3
2026-04-15 16:32:06,"0269 - Marshall, IL",Unlead,Marshall,IL,16.0,0,0.0,1
2026-04-15 16:32:06,"0270 - Moore, TX",Diesel,Moore,TX,325.0,0,0.0,3
2026-04-15 16:32:06,"0270 - Moore, TX",Unlead,Moore,TX,93.0,0,0.0,1
2026-04-15 16:32:06,"0271 - Odessa, TX",Diesel,Odessa,TX,621.6740000000009,0,0.0,3
2026-04-15 16:32:06,"0271 - Odessa, TX",Unlead,Odessa,TX,88.8760000000002,0,0.0,1
2026-04-15 16:32:06,"0272 - Encinal, TX",Diesel,Encinal,TX,237.56099999999788,0,0.0,3
2026-04-15 16:32:06,"0272 - Encinal, TX",Unlead,Encinal,TX,20.790999999999258,0,0.0,1
2026-04-15 16:32:06,"0273 - Combes, TX",Diesel,Combes,TX,0.0,0,0.0,3
2026-04-15 16:32:06,"0273 - Combes, TX",Unlead,Combes,TX,59.40699999999924,0,0.0,1
2026-04-15 16:32:06,"0275 - Sonora, TX",Diesel,Sonora,TX,265.10699999999815,0,0.0,3
2026-04-15 16:32:06,"0275 - Sonora, TX",Unlead,Sonora,TX,20.77299999999923,0,0.0,1
2026-04-15 16:32:06,"0276 - Waco, TX",Diesel,Waco,TX,341.15539999999964,0,0.0,3
2026-04-15 16:32:06,"0276 - Waco, TX",Unlead,Waco,TX,68.91100000000006,0,0.0,1
2026-04-15 16:32:06,"0277 - New Boston, TX",Diesel,New Boston,TX,0.0,2,5928.915999999999,3
2026-04-15 16:32:06,"0277 - New Boston, TX",Unlead,New Boston,TX,35.853000000000975,0,0.0,1
2026-04-15 16:32:06,"0278 - Brinkley, AR",Diesel,Brinkley,AR,0.0,2,2140.134,3
2026-04-15 16:32:06,"0278 - Brinkley, AR",Unlead,Brinkley,AR,78.2549999999992,0,0.0,1
2026-04-15 16:32:06,"0279 - Marion, IL",Diesel,Marion,IL,52.367999999998574,0,0.0,3
2026-04-15 16:32:06,"0279 - Marion, IL",Unlead,Marion,IL,69.46600000000035,0,0.0,1
2026-04-15 16:32:06,"0280 - Monahans, TX",Diesel,Monahans,TX,0.0,0,0.0,3
2026-04-15 16:32:06,"0280 - Monahans, TX",Unlead,Monahans,TX,0.0,0,0.0,1
2026-04-15 16:32:06,"0281 - Cisco, TX",Diesel,Cisco,TX,389.2560000000012,0,0.0,3
2026-04-15 16:32:06,"0281 - Cisco, TX",Unlead,Cisco,TX,69.02199999999903,0,0.0,1
2026-04-15 16:32:06,"0282 - Gainesville, TX",Diesel,Gainesville,TX,94.13600000000042,0,0.0,3
2026-04-15 16:32:06,"0282 - Gainesville, TX",Unlead,Gainesville,TX,20.240999999999985,0,0.0,1
2026-04-15 16:32:06,"0283 - Sealy, TX",Diesel,Sealy,TX,134.71899999999914,0,0.0,3
2026-04-15 16:32:06,"0283 - Sealy, TX",Unlead,Sealy,TX,23.158000000001266,0,0.0,1
2026-04-15 16:32:06,"0284 - New Deal, TX",Diesel,New Deal,TX,22.915000000000873,0,0.0,3
2026-04-15 16:32:06,"0284 - New Deal, TX",Unlead,New Deal,TX,70.79299999999967,0,0.0,1
2026-04-15 16:32:06,"0285 - Seguin, TX",Diesel,Seguin,TX,134.39000000000124,0,0.0,3
2026-04-15 16:32:06,"0285 - Seguin, TX",Unlead,Seguin,TX,78.61100000000079,0,0.0,1
2026-04-15 16:32:06,"0286 - Amarillo, TX",Diesel,Amarillo,TX,5.188500000000204,0,0.0,3
2026-04-15 16:32:06,"0286 - Amarillo, TX",Unlead,Amarillo,TX,34.44800000000032,0,0.0,1
2026-04-15 16:32:06,"0287 - Burbonnais, IL",Diesel,Burbonnais,IL,72.89800000000105,0,0.0,3
2026-04-15 16:32:06,"0287 - Burbonnais, IL",Unlead,Burbonnais,IL,63.887000000000626,0,0.0,1
2026-04-15 16:32:06,"0289 - Teague, TX",Diesel,Teague,TX,373.8309999999983,0,0.0,3
2026-04-15 16:32:06,"0289 - Teague, TX",Unlead,Teague,TX,165.15800000000127,0,0.0,1
2026-04-15 16:32:06,"0290 - Joplin, MO",Diesel,Joplin,MO,105.621000000001,0,0.0,3
2026-04-15 16:32:06,"0290 - Joplin, MO",Unlead,Joplin,MO,98.13500000000022,0,0.0,1
2026-04-15 16:32:06,"0312 - Vidor, TX",Diesel,Vidor,TX,434.4160000000011,0,0.0,3
2026-04-15 16:32:06,"0312 - Vidor, TX",Unlead,Vidor,TX,41.51000000000022,0,0.0,1
2026-04-15 16:32:06,"0315 - Laredo, TX",Diesel,Laredo,TX,181.90700000000106,0,0.0,3
2026-04-15 16:32:06,"0315 - Laredo, TX",Unlead,Laredo,TX,2.5783000000001266,0,0.0,1
2026-04-15 16:32:06,"0319 - Milford, TX",Diesel,Milford,TX,17.195000000003347,1,1733.1085000000003,3
2026-04-15 16:32:06,"0319 - Milford, TX",Unlead,Milford,TX,93.28100000000086,0,0.0,1
2026-04-15 16:32:06,"0323 - Canton, TX",Diesel,Canton,TX,138.02800000000025,0,0.0,3
2026-04-15 16:32:06,"0323 - Canton, TX",Unlead,Canton,TX,27.759000000000015,0,0.0,1
2026-04-15 16:47:10,"0118 - Springfield, IL",Diesel,Springfield,IL,54.0,0,0.0,3
2026-04-15 16:47:10,"0118 - Springfield, IL",Unlead,Springfield,IL,17.0,0,0.0,1
2026-04-15 16:47:10,"0132 - Champaign, IL",Diesel,Champaign,IL,0.0,0,0.0,3
2026-04-15 16:47:10,"0132 - Champaign, IL",Unlead,Champaign,IL,58.04700000000048,0,0.0,1
2026-04-15 16:47:10,"0136 - Cottage Grove, WI",Diesel,Cottage Grove,WI,217.72100000000046,0,0.0,2
2026-04-15 16:47:10,"0136 - Cottage Grove, WI",Unlead,Cottage Grove,WI,20.363000000000284,0,0.0,1
2026-04-15 16:47:10,"0139 - Tuscola, IL",Diesel,Tuscola,IL,0.0,0,0.0,1
2026-04-15 16:47:10,"0139 - Tuscola, IL",Unlead,Tuscola,IL,0.0,0,0.0,2
2026-04-15 16:47:10,"0140 - Mendota, IL",Diesel,Mendota,IL,0.0,0,0.0,2
2026-04-15 16:47:10,"0140 - Mendota, IL",Unlead,Mendota,IL,10.0,0,0.0,2
2026-04-15 16:47:10,"0141 - Brazil, IN",Diesel,Brazil,IN,395.83509999999933,0,0.0,4
2026-04-15 16:47:10,"0141 - Brazil, IN",Unlead,Brazil,IN,4.0,0,0.0,1
2026-04-15 16:47:10,"0144 - Elk Run Height, IA",Diesel,Elk Run Height,IA,178.0,0,0.0,4
2026-04-15 16:47:10,"0144 - Elk Run Height, IA",Unlead,Elk Run Height,IA,18.15349999999944,0,0.0,2
2026-04-15 16:47:10,"0145 - Fenton, MO",Diesel,Fenton,MO,0.0,0,0.0,2
2026-04-15 16:47:10,"0145 - Fenton, MO",Unlead,Fenton,MO,84.0,0,0.0,1
2026-04-15 16:47:10,"0157 - Okawville, IL",Diesel,Okawville,IL,0.0,0,0.0,3
2026-04-15 16:47:10,"0157 - Okawville, IL",Unlead,Okawville,IL,0.0,0,0.0,1
2026-04-15 16:47:10,"0181 - Springfield, IL",Diesel,Springfield,IL,184.90699999999833,0,0.0,3
2026-04-15 16:47:10,"0181 - Springfield, IL",Unlead,Springfield,IL,42.435999999999694,0,0.0,1
2026-04-15 16:47:10,"0185 - McLean, IL",Diesel,McLean,IL,138.8160000000007,0,0.0,4
2026-04-15 16:47:10,"0185 - McLean, IL",Unlead,McLean,IL,116.29790000000003,0,0.0,1
2026-04-15 16:47:10,"0186 - Minonk, IL",Diesel,Minonk,IL,28.246000000001004,0,0.0,3
2026-04-15 16:47:10,"0186 - Minonk, IL",Unlead,Minonk,IL,61.3130000000001,0,0.0,1
2026-04-15 16:47:10,"0187 - Chicago, IL",Diesel,Chicago,IL,0.0,0,0.0,3
2026-04-15 16:47:10,"0187 - Chicago, IL",Unlead,Chicago,IL,4.7577000000001135,0,0.0,1
2026-04-15 16:47:10,"0203 - Rockford, IL",Diesel,Rockford,IL,0.0,0,0.0,1
2026-04-15 16:47:10,"0203 - Rockford, IL",Unlead,Rockford,IL,35.73599999999897,0,0.0,1
2026-04-15 16:47:10,"0205 - South Beloit, IL",Diesel,South Beloit,IL,0.0,0,0.0,3
2026-04-15 16:47:10,"0205 - South Beloit, IL",Unlead,South Beloit,IL,67.0,0,0.0,1
2026-04-15 16:47:10,"0206 - Winnebago, IL",Diesel,Winnebago,IL,0.0,0,0.0,1
2026-04-15 16:47:10,"0206 - Winnebago, IL",Unlead,Winnebago,IL,62.0,0,0.0,1
2026-04-15 16:47:10,"0209 - Oakdale, WI",Diesel,Oakdale,WI,115.0,0,0.0,3
2026-04-15 16:47:10,"0209 - Oakdale, WI",Unlead,Oakdale,WI,52.0,0,0.0,1
2026-04-15 16:47:10,"0210 - Rochelle, IL",Diesel,Rochelle,IL,0.0,2,4042.0,3
2026-04-15 16:47:10,"0210 - Rochelle, IL",Unlead,Rochelle,IL,55.0,0,0.0,1
2026-04-15 16:47:10,"0211 - Loves Park, IL",Diesel,Loves Park,IL,0.0,0,0.0,1
2026-04-15 16:47:10,"0211 - Loves Park, IL",Unlead,Loves Park,IL,34.0,0,0.0,1
2026-04-15 16:47:10,"0225 - Princeton, IL",Diesel,Princeton,IL,78.0,0,0.0,4
2026-04-15 16:47:10,"0225 - Princeton, IL",Unlead,Princeton,IL,21.0,0,0.0,2
2026-04-15 16:47:10,"0226 - Greenwood, IN",Diesel,Greenwood,IN,21.0,0,0.0,2
2026-04-15 16:47:10,"0226 - Greenwood, IN",Unlead,Greenwood,IN,3.0,0,0.0,2
2026-04-15 16:47:10,"0235 - Hampshire, IL",Diesel,Hampshire,IL,0.0,0,0.0,2
2026-04-15 16:47:10,"0235 - Hampshire, IL",Unlead,Hampshire,IL,79.0,0,0.0,2
2026-04-15 16:47:10,"0236 - East Troy, WI",Diesel,East Troy,WI,0.0,0,0.0,2
2026-04-15 16:47:10,"0236 - East Troy, WI",Unlead,East Troy,WI,0.0,0,0.0,1
2026-04-15 16:47:10,"0240 - Lake Station, IN",Diesel,Lake Station,IN,99.0,0,0.0,5
2026-04-15 16:47:10,"0240 - Lake Station, IN",Unlead,Lake Station,IN,9.0,0,0.0,2
2026-04-15 16:47:10,"0242 - St Robert, MO",Diesel,St Robert,MO,16.362999999999374,0,0.0,4
2026-04-15 16:47:10,"0263 - Ottawa, IL",Diesel,Ottawa,IL,247.0,0,0.0,3
2026-04-15 16:47:10,"0263 - Ottawa, IL",Unlead,Ottawa,IL,70.0,0,0.0,1
2026-04-15 16:47:10,"0265 - Dixon, IL",Diesel,Dixon,IL,78.54800000000432,0,0.0,3
2026-04-15 16:47:10,"0265 - Dixon, IL",Unlead,Dixon,IL,13.307999999999083,0,0.0,1
2026-04-15 16:47:10,"0266 - New Berlin, IL",Diesel,New Berlin,IL,136.0,0,0.0,3
2026-04-15 16:47:10,"0266 - New Berlin, IL",Unlead,New Berlin,IL,65.26509999999962,0,0.0,1
2026-04-15 16:47:10,"0267 - Pharr, TX",Diesel,Pharr,TX,302.0,0,0.0,4
2026-04-15 16:47:10,"0267 - Pharr, TX",Unlead,Pharr,TX,45.0,0,0.0,1
2026-04-15 16:47:10,"0268 - Grayville, IL",Diesel,Grayville,IL,178.0,0,0.0,3
2026-04-15 16:47:10,"0268 - Grayville, IL",Unlead,Grayville,IL,21.0,0,0.0,1
2026-04-15 16:47:10,"0269 - Marshall, IL",Diesel,Marshall,IL,68.0,0,0.0,3
2026-04-15 16:47:10,"0269 - Marshall, IL",Unlead,Marshall,IL,57.0,0,0.0,1
2026-04-15 16:47:10,"0270 - Moore, TX",Diesel,Moore,TX,610.0,0,0.0,3
2026-04-15 16:47:10,"0270 - Moore, TX",Unlead,Moore,TX,82.0,0,0.0,1
2026-04-15 16:47:10,"0271 - Odessa, TX",Diesel,Odessa,TX,259.96600000000035,0,0.0,3
2026-04-15 16:47:10,"0271 - Odessa, TX",Unlead,Odessa,TX,55.83700000000135,0,0.0,1
2026-04-15 16:47:10,"0272 - Encinal, TX",Diesel,Encinal,TX,0.0,0,0.0,3
2026-04-15 16:47:10,"0272 - Encinal, TX",Unlead,Encinal,TX,11.408000000001266,0,0.0,1
2026-04-15 16:47:10,"0273 - Combes, TX",Diesel,Combes,TX,208.4989999999998,0,0.0,3
2026-04-15 16:47:10,"0273 - Combes, TX",Unlead,Combes,TX,117.84300000000076,0,0.0,1
2026-04-15 16:47:10,"0275 - Sonora, TX",Diesel,Sonora,TX,0.0,0,0.0,3
2026-04-15 16:47:10,"0275 - Sonora, TX",Unlead,Sonora,TX,10.941000000000713,0,0.0,1
2026-04-15 16:47:10,"0276 - Waco, TX",Diesel,Waco,TX,119.45110000000022,0,0.0,3
2026-04-15 16:47:10,"0276 - Waco, TX",Unlead,Waco,TX,105.14800000000014,0,0.0,1
2026-04-15 16:47:10,"0277 - New Boston, TX",Diesel,New Boston,TX,21.312000000001717,1,1540.662000000002,3
2026-04-15 16:47:10,"0277 - New Boston, TX",Unlead,New Boston,TX,0.0,0,0.0,1
2026-04-15 16:47:10,"0278 - Brinkley, AR",Diesel,Brinkley,AR,0.0,2,5145.575000000001,3
2026-04-15 16:47:10,"0278 - Brinkley, AR",Unlead,Brinkley,AR,79.90400000000045,0,0.0,1
2026-04-15 16:47:10,"0279 - Marion, IL",Diesel,Marion,IL,43.800999999999476,0,0.0,3
2026-04-15 16:47:10,"0279 - Marion, IL",Unlead,Marion,IL,124.17400000000089,0,0.0,1
2026-04-15 16:47:10,"0280 - Monahans, TX",Diesel,Monahans,TX,0.0,0,0.0,3
2026-04-15 16:47:10,"0280 - Monahans, TX",Unlead,Monahans,TX,0.0,0,0.0,1
2026-04-15 16:47:10,"0281 - Cisco, TX",Diesel,Cisco,TX,339.27800000000025,0,0.0,3
2026-04-15 16:47:10,"0281 - Cisco, TX",Unlead,Cisco,TX,112.1140000000014,0,0.0,1
2026-04-15 16:47:10,"0282 - Gainesville, TX",Diesel,Gainesville,TX,41.22200000000339,0,0.0,3
2026-04-15 16:47:10,"0282 - Gainesville, TX",Unlead,Gainesville,TX,53.38000000000102,0,0.0,1
2026-04-15 16:47:10,"0283 - Sealy, TX",Diesel,Sealy,TX,216.3939999999984,0,0.0,3
2026-04-15 16:47:10,"0283 - Sealy, TX",Unlead,Sealy,TX,48.990999999999985,0,0.0,1
2026-04-15 16:47:10,"0284 - New Deal, TX",Diesel,New Deal,TX,50.083499999997,0,0.0,3
2026-04-15 16:47:10,"0284 - New Deal, TX",Unlead,New Deal,TX,110.9320000000007,0,0.0,1
2026-04-15 16:47:10,"0285 - Seguin, TX",Diesel,Seguin,TX,330.15899999999965,0,0.0,3
2026-04-15 16:47:10,"0285 - Seguin, TX",Unlead,Seguin,TX,24.05999999999949,0,0.0,1
2026-04-15 16:47:10,"0286 - Amarillo, TX",Diesel,Amarillo,TX,97.67299999999886,0,0.0,3
2026-04-15 16:47:10,"0286 - Amarillo, TX",Unlead,Amarillo,TX,44.384000000000015,0,0.0,1
2026-04-15 16:47:10,"0287 - Burbonnais, IL",Diesel,Burbonnais,IL,261.80299999999806,0,0.0,3
2026-04-15 16:47:10,"0287 - Burbonnais, IL",Unlead,Burbonnais,IL,88.82799999999952,0,0.0,1
2026-04-15 16:47:10,"0289 - Teague, TX",Diesel,Teague,TX,24.342000000000553,0,0.0,3
2026-04-15 16:47:10,"0289 - Teague, TX",Unlead,Teague,TX,83.75900000000001,0,0.0,1
2026-04-15 16:47:10,"0290 - Joplin, MO",Diesel,Joplin,MO,181.00600000000122,0,0.0,3
2026-04-15 16:47:10,"0290 - Joplin, MO",Unlead,Joplin,MO,58.20900000000074,0,0.0,1
2026-04-15 16:47:10,"0312 - Vidor, TX",Diesel,Vidor,TX,214.08699999999953,0,0.0,3
2026-04-15 16:47:10,"0312 - Vidor, TX",Unlead,Vidor,TX,41.26499999999942,0,0.0,1
2026-04-15 16:47:10,"0315 - Laredo, TX",Diesel,Laredo,TX,89.92699999999968,0,0.0,3
2026-04-15 16:47:10,"0315 - Laredo, TX",Unlead,Laredo,TX,9.48869999999988,0,0.0,1
2026-04-15 16:47:10,"0319 - Milford, TX",Diesel,Milford,TX,54.88299999999981,1,4542.713,3
2026-04-15 16:47:10,"0319 - Milford, TX",Unlead,Milford,TX,21.139999999999418,0,0.0,1
2026-04-15 16:47:10,"0323 - Canton, TX",Diesel,Canton,TX,87.44400000000132,0,0.0,3
2026-04-15 16:47:10,"0323 - Canton, TX",Unlead,Canton,TX,51.04700000000048,0,0.0,1
2026-04-15 17:02:11,"0118 - Springfield, IL",Diesel,Springfield,IL,0.0,0,0.0,3
2026-04-15 17:02:11,"0118 - Springfield, IL",Unlead,Springfield,IL,102.0,0,0.0,1
2026-04-15 17:02:11,"0132 - Champaign, IL",Diesel,Champaign,IL,467.6162000000004,0,0.0,3
2026-04-15 17:02:11,"0132 - Champaign, IL",Unlead,Champaign,IL,125.61100000000079,0,0.0,1
2026-04-15 17:02:11,"0136 - Cottage Grove, WI",Diesel,Cottage Grove,WI,0.0,0,0.0,2
2026-04-15 17:02:11,"0136 - Cottage Grove, WI",Unlead,Cottage Grove,WI,9.306999999999789,0,0.0,1
2026-04-15 17:02:11,"0139 - Tuscola, IL",Diesel,Tuscola,IL,250.0,0,0.0,1
2026-04-15 17:02:11,"0139 - Tuscola, IL",Unlead,Tuscola,IL,52.0,0,0.0,2
2026-04-15 17:02:11,"0140 - Mendota, IL",Diesel,Mendota,IL,24.0,0,0.0,2
2026-04-15 17:02:11,"0140 - Mendota, IL",Unlead,Mendota,IL,7.0,0,0.0,2
2026-04-15 17:02:11,"0141 - Brazil, IN",Diesel,Brazil,IN,112.76649999999972,0,0.0,4
2026-04-15 17:02:11,"0141 - Brazil, IN",Unlead,Brazil,IN,7.0,0,0.0,1
2026-04-15 17:02:11,"0144 - Elk Run Height, IA",Diesel,Elk Run Height,IA,179.0,0,0.0,4
2026-04-15 17:02:11,"0144 - Elk Run Height, IA",Unlead,Elk Run Height,IA,34.849599999999555,0,0.0,2
2026-04-15 17:02:11,"0145 - Fenton, MO",Diesel,Fenton,MO,120.0,0,0.0,2
2026-04-15 17:02:11,"0145 - Fenton, MO",Unlead,Fenton,MO,58.0,0,0.0,1
2026-04-15 17:02:11,"0157 - Okawville, IL",Diesel,Okawville,IL,0.0,0,0.0,3
2026-04-15 17:02:11,"0157 - Okawville, IL",Unlead,Okawville,IL,9.457000000000335,0,0.0,1
2026-04-15 17:02:11,"0181 - Springfield, IL",Diesel,Springfield,IL,111.44160000000011,0,0.0,3
2026-04-15 17:02:11,"0181 - Springfield, IL",Unlead,Springfield,IL,72.03000000000065,0,0.0,1
2026-04-15 17:02:11,"0185 - McLean, IL",Diesel,McLean,IL,188.14199999999983,0,0.0,4
2026-04-15 17:02:11,"0185 - McLean, IL",Unlead,McLean,IL,96.76350000000002,0,0.0,1
2026-04-15 17:02:11,"0186 - Minonk, IL",Diesel,Minonk,IL,0.0,0,0.0,3
2026-04-15 17:02:11,"0186 - Minonk, IL",Unlead,Minonk,IL,0.0,0,0.0,1
2026-04-15 17:02:11,"0187 - Chicago, IL",Diesel,Chicago,IL,0.0,0,0.0,3
2026-04-15 17:02:11,"0187 - Chicago, IL",Unlead,Chicago,IL,8.211999999999534,0,0.0,1
2026-04-15 17:02:11,"0203 - Rockford, IL",Diesel,Rockford,IL,0.0,0,0.0,1
2026-04-15 17:02:11,"0203 - Rockford, IL",Unlead,Rockford,IL,64.57400000000052,0,0.0,1
2026-04-15 17:02:11,"0205 - South Beloit, IL",Diesel,South Beloit,IL,45.0,0,0.0,3
2026-04-15 17:02:11,"0205 - South Beloit, IL",Unlead,South Beloit,IL,21.0,0,0.0,1
2026-04-15 17:02:11,"0206 - Winnebago, IL",Diesel,Winnebago,IL,0.0,0,0.0,1
2026-04-15 17:02:11,"0206 - Winnebago, IL",Unlead,Winnebago,IL,128.0,0,0.0,1
2026-04-15 17:02:11,"0209 - Oakdale, WI",Diesel,Oakdale,WI,90.0,0,0.0,3
2026-04-15 17:02:11,"0209 - Oakdale, WI",Unlead,Oakdale,WI,12.0,0,0.0,1
2026-04-15 17:02:11,"0210 - Rochelle, IL",Diesel,Rochelle,IL,0.0,1,1690.0,3
2026-04-15 17:02:11,"0210 - Rochelle, IL",Unlead,Rochelle,IL,32.0,0,0.0,1
2026-04-15 17:02:11,"0211 - Loves Park, IL",Diesel,Loves Park,IL,0.0,0,0.0,1
2026-04-15 17:02:11,"0211 - Loves Park, IL",Unlead,Loves Park,IL,70.0,0,0.0,1
2026-04-15 17:02:11,"0225 - Princeton, IL",Diesel,Princeton,IL,133.0,0,0.0,4
2026-04-15 17:02:11,"0225 - Princeton, IL",Unlead,Princeton,IL,10.0,0,0.0,2
2026-04-15 17:02:11,"0226 - Greenwood, IN",Diesel,Greenwood,IN,0.0,0,0.0,2
2026-04-15 17:02:11,"0226 - Greenwood, IN",Unlead,Greenwood,IN,5.0,0,0.0,2
2026-04-15 17:02:11,"0235 - Hampshire, IL",Diesel,Hampshire,IL,48.0,0,0.0,2
2026-04-15 17:02:11,"0235 - Hampshire, IL",Unlead,Hampshire,IL,64.0,0,0.0,2
2026-04-15 17:02:11,"0236 - East Troy, WI",Diesel,East Troy,WI,0.0,0,0.0,2
2026-04-15 17:02:11,"0236 - East Troy, WI",Unlead,East Troy,WI,2.0,0,0.0,1
2026-04-15 17:02:11,"0240 - Lake Station, IN",Diesel,Lake Station,IN,0.0,2,5364.0,5
2026-04-15 17:02:11,"0240 - Lake Station, IN",Unlead,Lake Station,IN,34.0,0,0.0,2
2026-04-15 17:02:11,"0242 - St Robert, MO",Diesel,St Robert,MO,48.82600000000093,0,0.0,4
2026-04-15 17:02:11,"0263 - Ottawa, IL",Diesel,Ottawa,IL,30.0,0,0.0,3
2026-04-15 17:02:11,"0263 - Ottawa, IL",Unlead,Ottawa,IL,49.0,0,0.0,1
2026-04-15 17:02:11,"0265 - Dixon, IL",Diesel,Dixon,IL,14.326999999997497,0,0.0,3
2026-04-15 17:02:11,"0265 - Dixon, IL",Unlead,Dixon,IL,23.096999999999753,0,0.0,1
2026-04-15 17:02:11,"0266 - New Berlin, IL",Diesel,New Berlin,IL,17.0,0,0.0,3
2026-04-15 17:02:11,"0266 - New Berlin, IL",Unlead,New Berlin,IL,39.83140000000003,0,0.0,1
2026-04-15 17:02:11,"0267 - Pharr, TX",Diesel,Pharr,TX,767.0,0,0.0,4
2026-04-15 17:02:11,"0267 - Pharr, TX",Unlead,Pharr,TX,77.0,0,0.0,1
2026-04-15 17:02:11,"0268 - Grayville, IL",Diesel,Grayville,IL,38.0,0,0.0,3
2026-04-15 17:02:11,"0268 - Grayville, IL",Unlead,Grayville,IL,16.0,0,0.0,1
2026-04-15 17:02:11,"0269 - Marshall, IL",Diesel,Marshall,IL,216.0,0,0.0,3
2026-04-15 17:02:11,"0269 - Marshall, IL",Unlead,Marshall,IL,25.0,0,0.0,1
2026-04-15 17:02:11,"0270 - Moore, TX",Diesel,Moore,TX,240.0,0,0.0,3
2026-04-15 17:02:11,"0270 - Moore, TX",Unlead,Moore,TX,92.0,0,0.0,1
2026-04-15 17:02:11,"0271 - Odessa, TX",Diesel,Odessa,TX,328.27399999999943,0,0.0,3
2026-04-15 17:02:11,"0271 - Odessa, TX",Unlead,Odessa,TX,49.26800000000003,0,0.0,1
2026-04-15 17:02:11,"0272 - Encinal, TX",Diesel,Encinal,TX,170.97399999999834,1,153.3719999999994,3
2026-04-15 17:02:11,"0272 - Encinal, TX",Unlead,Encinal,TX,119.29199999999946,0,0.0,1
2026-04-15 17:02:11,"0273 - Combes, TX",Diesel,Combes,TX,77.39700000000084,0,0.0,3
2026-04-15 17:02:11,"0273 - Combes, TX",Unlead,Combes,TX,86.80500000000029,0,0.0,1
2026-04-15 17:02:11,"0275 - Sonora, TX",Diesel,Sonora,TX,341.91799999999967,0,0.0,3
2026-04-15 17:02:11,"0275 - Sonora, TX",Unlead,Sonora,TX,57.591999999998734,0,0.0,1
2026-04-15 17:02:11,"0276 - Waco, TX",Diesel,Waco,TX,518.3298000000004,0,0.0,3
2026-04-15 17:02:11,"0276 - Waco, TX",Unlead,Waco,TX,38.52099999999973,0,0.0,1
2026-04-15 17:02:11,"0277 - New Boston, TX",Diesel,New Boston,TX,53.21100000000297,0,0.0,3
2026-04-15 17:02:11,"0277 - New Boston, TX",Unlead,New Boston,TX,34.402000000000044,0,0.0,1
2026-04-15 17:02:11,"0278 - Brinkley, AR",Diesel,Brinkley,AR,172.6260000000002,0,0.0,3
2026-04-15 17:02:11,"0278 - Brinkley, AR",Unlead,Brinkley,AR,0.0,0,0.0,1
2026-04-15 17:02:11,"0279 - Marion, IL",Diesel,Marion,IL,85.03500000000167,0,0.0,3
2026-04-15 17:02:11,"0279 - Marion, IL",Unlead,Marion,IL,88.51899999999841,0,0.0,1
2026-04-15 17:02:11,"0280 - Monahans, TX",Diesel,Monahans,TX,0.0,0,0.0,3
2026-04-15 17:02:11,"0280 - Monahans, TX",Unlead,Monahans,TX,0.0,0,0.0,1
2026-04-15 17:02:11,"0281 - Cisco, TX",Diesel,Cisco,TX,523.179500000002,0,0.0,3
2026-04-15 17:02:11,"0281 - Cisco, TX",Unlead,Cisco,TX,69.61199999999917,0,0.0,1
2026-04-15 17:02:11,"0282 - Gainesville, TX",Diesel,Gainesville,TX,0.0,0,0.0,3
2026-04-15 17:02:11,"0282 - Gainesville, TX",Unlead,Gainesville,TX,10.447500000000218,0,0.0,1
2026-04-15 17:02:11,"0283 - Sealy, TX",Diesel,Sealy,TX,119.80400000000373,0,0.0,3
2026-04-15 17:02:11,"0283 - Sealy, TX",Unlead,Sealy,TX,24.350000000000364,0,0.0,1
2026-04-15 17:02:11,"0284 - New Deal, TX",Diesel,New Deal,TX,48.991000000001804,0,0.0,3
2026-04-15 17:02:11,"0284 - New Deal, TX",Unlead,New Deal,TX,153.1790000000001,0,0.0,1
2026-04-15 17:02:11,"0285 - Seguin, TX",Diesel,Seguin,TX,217.31099999999788,0,0.0,3
2026-04-15 17:02:11,"0285 - Seguin, TX",Unlead,Seguin,TX,77.14099999999962,0,0.0,1
2026-04-15 17:02:11,"0286 - Amarillo, TX",Diesel,Amarillo,TX,111.59000000000015,0,0.0,3
2026-04-15 17:02:11,"0286 - Amarillo, TX",Unlead,Amarillo,TX,116.60800000000017,0,0.0,1
2026-04-15 17:02:11,"0287 - Burbonnais, IL",Diesel,Burbonnais,IL,169.59349999999904,0,0.0,3
2026-04-15 17:02:11,"0287 - Burbonnais, IL",Unlead,Burbonnais,IL,100.54000000000087,0,0.0,1
2026-04-15 17:02:11,"0289 - Teague, TX",Diesel,Teague,TX,419.9420000000009,0,0.0,3
2026-04-15 17:02:11,"0289 - Teague, TX",Unlead,Teague,TX,26.398999999999432,0,0.0,1
2026-04-15 17:02:11,"0290 - Joplin, MO",Diesel,Joplin,MO,189.51999999999862,0,0.0,3
2026-04-15 17:02:11,"0290 - Joplin, MO",Unlead,Joplin,MO,87.08799999999974,0,0.0,1
2026-04-15 17:02:11,"0312 - Vidor, TX",Diesel,Vidor,TX,50.981000000001586,0,0.0,3
2026-04-15 17:02:11,"0312 - Vidor, TX",Unlead,Vidor,TX,19.238000000001193,0,0.0,1
2026-04-15 17:02:11,"0315 - Laredo, TX",Diesel,Laredo,TX,125.21999999999935,0,0.0,3
2026-04-15 17:02:11,"0315 - Laredo, TX",Unlead,Laredo,TX,13.36699999999928,0,0.0,1
2026-04-15 17:02:11,"0319 - Milford, TX",Diesel,Milford,TX,37.573999999998705,1,1470.4120000000003,3
2026-04-15 17:02:11,"0319 - Milford, TX",Unlead,Milford,TX,58.850000000000364,0,0.0,1
2026-04-15 17:02:11,"0323 - Canton, TX",Diesel,Canton,TX,255.3700000000008,0,0.0,3
2026-04-15 17:02:11,"0323 - Canton, TX",Unlead,Canton,TX,81.42200000000048,0,0.0,1
2026-04-15 17:17:13,"0118 - Springfield, IL",Diesel,Springfield,IL,21.0,0,0.0,3
2026-04-15 17:17:13,"0118 - Springfield, IL",Unlead,Springfield,IL,61.0,0,0.0,1
2026-04-15 17:17:13,"0132 - Champaign, IL",Diesel,Champaign,IL,87.18630000000121,0,0.0,3
2026-04-15 17:17:13,"0132 - Champaign, IL",Unlead,Champaign,IL,59.297999999998865,0,0.0,1
2026-04-15 17:17:13,"0136 - Cottage Grove, WI",Diesel,Cottage Grove,WI,156.36199999999917,0,0.0,2
2026-04-15 17:17:13,"0136 - Cottage Grove, WI",Unlead,Cottage Grove,WI,0.0,0,0.0,1
2026-04-15 17:17:13,"0139 - Tuscola, IL",Diesel,Tuscola,IL,0.0,0,0.0,1
2026-04-15 17:17:13,"0139 - Tuscola, IL",Unlead,Tuscola,IL,45.0,0,0.0,2
2026-04-15 17:17:13,"0140 - Mendota, IL",Diesel,Mendota,IL,0.0,0,0.0,2
2026-04-15 17:17:13,"0140 - Mendota, IL",Unlead,Mendota,IL,54.0,0,0.0,2
2026-04-15 17:17:13,"0141 - Brazil, IN",Diesel,Brazil,IN,22.13500000000022,0,0.0,4
2026-04-15 17:17:13,"0141 - Brazil, IN",Unlead,Brazil,IN,10.0,0,0.0,1
2026-04-15 17:17:13,"0144 - Elk Run Height, IA",Diesel,Elk Run Height,IA,195.0,0,0.0,4
2026-04-15 17:17:13,"0144 - Elk Run Height, IA",Unlead,Elk Run Height,IA,32.65470000000005,0,0.0,2
2026-04-15 17:17:13,"0145 - Fenton, MO",Diesel,Fenton,MO,43.0,0,0.0,2
2026-04-15 17:17:13,"0145 - Fenton, MO",Unlead,Fenton,MO,55.0,0,0.0,1
2026-04-15 17:17:13,"0157 - Okawville, IL",Diesel,Okawville,IL,0.0,0,0.0,3
2026-04-15 17:17:13,"0157 - Okawville, IL",Unlead,Okawville,IL,16.738999999999578,0,0.0,1
2026-04-15 17:17:13,"0181 - Springfield, IL",Diesel,Springfield,IL,0.0,0,0.0,3
2026-04-15 17:17:13,"0181 - Springfield, IL",Unlead,Springfield,IL,38.90799999999945,0,0.0,1
2026-04-15 17:17:13,"0185 - McLean, IL",Diesel,McLean,IL,84.10300000000097,0,0.0,4
2026-04-15 17:17:13,"0185 - McLean, IL",Unlead,McLean,IL,30.766700000000128,0,0.0,1
2026-04-15 17:17:13,"0186 - Minonk, IL",Diesel,Minonk,IL,56.30999999999949,0,0.0,3
2026-04-15 17:17:13,"0186 - Minonk, IL",Unlead,Minonk,IL,42.98700000000099,0,0.0,1
2026-04-15 17:17:13,"0187 - Chicago, IL",Diesel,Chicago,IL,0.0,0,0.0,3
2026-04-15 17:17:13,"0187 - Chicago, IL",Unlead,Chicago,IL,13.606500000000779,0,0.0,1
2026-04-15 17:17:13,"0203 - Rockford, IL",Diesel,Rockford,IL,0.0,0,0.0,1
2026-04-15 17:17:13,"0203 - Rockford, IL",Unlead,Rockford,IL,52.29900000000089,0,0.0,1
2026-04-15 17:17:13,"0205 - South Beloit, IL",Diesel,South Beloit,IL,0.0,0,0.0,3
2026-04-15 17:17:13,"0205 - South Beloit, IL",Unlead,South Beloit,IL,43.0,0,0.0,1
2026-04-15 17:17:13,"0206 - Winnebago, IL",Diesel,Winnebago,IL,0.0,0,0.0,1
2026-04-15 17:17:13,"0206 - Winnebago, IL",Unlead,Winnebago,IL,84.0,0,0.0,1
2026-04-15 17:17:13,"0209 - Oakdale, WI",Diesel,Oakdale,WI,326.0,0,0.0,3
2026-04-15 17:17:13,"0209 - Oakdale, WI",Unlead,Oakdale,WI,54.0,0,0.0,1
2026-04-15 17:17:13,"0210 - Rochelle, IL",Diesel,Rochelle,IL,0.0,0,0.0,3
2026-04-15 17:17:13,"0210 - Rochelle, IL",Unlead,Rochelle,IL,50.0,0,0.0,1
2026-04-15 17:17:13,"0211 - Loves Park, IL",Diesel,Loves Park,IL,21.0,0,0.0,1
2026-04-15 17:17:13,"0211 - Loves Park, IL",Unlead,Loves Park,IL,29.0,0,0.0,1
2026-04-15 17:17:13,"0225 - Princeton, IL",Diesel,Princeton,IL,126.0,0,0.0,4
2026-04-15 17:17:13,"0225 - Princeton, IL",Unlead,Princeton,IL,0.0,0,0.0,2
2026-04-15 17:17:13,"0226 - Greenwood, IN",Diesel,Greenwood,IN,12.0,0,0.0,2
2026-04-15 17:17:13,"0226 - Greenwood, IN",Unlead,Greenwood,IN,8.0,0,0.0,2
2026-04-15 17:17:13,"0235 - Hampshire, IL",Diesel,Hampshire,IL,0.0,0,0.0,2
2026-04-15 17:17:13,"0235 - Hampshire, IL",Unlead,Hampshire,IL,41.0,0,0.0,2
2026-04-15 17:17:13,"0236 - East Troy, WI",Diesel,East Troy,WI,0.0,0,0.0,2
2026-04-15 17:17:13,"0236 - East Troy, WI",Unlead,East Troy,WI,8.0,0,0.0,1
2026-04-15 17:17:13,"0240 - Lake Station, IN",Diesel,Lake Station,IN,129.0,1,1771.0,5
2026-04-15 17:17:13,"0240 - Lake Station, IN",Unlead,Lake Station,IN,38.0,0,0.0,2
2026-04-15 17:17:13,"0242 - St Robert, MO",Diesel,St Robert,MO,0.0,0,0.0,4
2026-04-15 17:17:13,"0263 - Ottawa, IL",Diesel,Ottawa,IL,108.0,0,0.0,3
2026-04-15 17:17:13,"0263 - Ottawa, IL",Unlead,Ottawa,IL,66.0,0,0.0,1
2026-04-15 17:17:13,"0265 - Dixon, IL",Diesel,Dixon,IL,0.0,0,0.0,3
2026-04-15 17:17:13,"0265 - Dixon, IL",Unlead,Dixon,IL,10.467000000000553,0,0.0,1
2026-04-15 17:17:13,"0266 - New Berlin, IL",Diesel,New Berlin,IL,0.0,0,0.0,3
2026-04-15 17:17:13,"0266 - New Berlin, IL",Unlead,New Berlin,IL,39.21839999999975,0,0.0,1
2026-04-15 17:17:13,"0267 - Pharr, TX",Diesel,Pharr,TX,380.0,0,0.0,4
2026-04-15 17:17:13,"0267 - Pharr, TX",Unlead,Pharr,TX,19.0,0,0.0,1
2026-04-15 17:17:13,"0268 - Grayville, IL",Diesel,Grayville,IL,0.0,0,0.0,3
2026-04-15 17:17:13,"0268 - Grayville, IL",Unlead,Grayville,IL,58.0,0,0.0,1
2026-04-15 17:17:13,"0269 - Marshall, IL",Diesel,Marshall,IL,301.0,0,0.0,3
2026-04-15 17:17:13,"0269 - Marshall, IL",Unlead,Marshall,IL,34.0,0,0.0,1
2026-04-15 17:17:13,"0270 - Moore, TX",Diesel,Moore,TX,274.0,0,0.0,3
2026-04-15 17:17:13,"0270 - Moore, TX",Unlead,Moore,TX,58.0,0,0.0,1
2026-04-15 17:17:13,"0271 - Odessa, TX",Diesel,Odessa,TX,114.72700000000077,0,0.0,3
2026-04-15 17:17:13,"0271 - Odessa, TX",Unlead,Odessa,TX,50.85199999999895,0,0.0,1
2026-04-15 17:17:13,"0272 - Encinal, TX",Diesel,Encinal,TX,48.059000000001106,2,7457.582,3
2026-04-15 17:17:13,"0272 - Encinal, TX",Unlead,Encinal,TX,97.73099999999977,0,0.0,1
2026-04-15 17:17:13,"0273 - Combes, TX",Diesel,Combes,TX,247.59299999999894,0,0.0,3
2026-04-15 17:17:13,"0273 - Combes, TX",Unlead,Combes,TX,128.29000000000087,0,0.0,1
2026-04-15 17:17:13,"0275 - Sonora, TX",Diesel,Sonora,TX,167.4280000000017,0,0.0,3
2026-04-15 17:17:13,"0275 - Sonora, TX",Unlead,Sonora,TX,46.85100000000057,0,0.0,1
2026-04-15 17:17:13,"0276 - Waco, TX",Diesel,Waco,TX,399.5199999999995,0,0.0,3
2026-04-15 17:17:13,"0276 - Waco, TX",Unlead,Waco,TX,54.02359999999953,0,0.0,1
2026-04-15 17:17:13,"0277 - New Boston, TX",Diesel,New Boston,TX,533.7389999999978,0,0.0,3
2026-04-15 17:17:13,"0277 - New Boston, TX",Unlead,New Boston,TX,15.677999999999884,0,0.0,1
2026-04-15 17:17:13,"0278 - Brinkley, AR",Diesel,Brinkley,AR,325.09299999999894,0,0.0,3
2026-04-15 17:17:13,"0278 - Brinkley, AR",Unlead,Brinkley,AR,34.975000000000364,0,0.0,1
2026-04-15 17:17:13,"0279 - Marion, IL",Diesel,Marion,IL,6.68999999999869,0,0.0,3
2026-04-15 17:17:13,"0279 - Marion, IL",Unlead,Marion,IL,61.68000000000029,0,0.0,1
2026-04-15 17:17:13,"0280 - Monahans, TX",Diesel,Monahans,TX,0.0,0,0.0,3
2026-04-15 17:17:13,"0280 - Monahans, TX",Unlead,Monahans,TX,0.0,0,0.0,1
2026-04-15 17:17:13,"0281 - Cisco, TX",Diesel,Cisco,TX,236.1414999999979,0,0.0,3
2026-04-15 17:17:13,"0281 - Cisco, TX",Unlead,Cisco,TX,63.461999999999534,0,0.0,1
2026-04-15 17:17:13,"0282 - Gainesville, TX",Diesel,Gainesville,TX,48.24099999999817,0,0.0,3
2026-04-15 17:17:13,"0282 - Gainesville, TX",Unlead,Gainesville,TX,33.47849999999926,0,0.0,1
2026-04-15 17:17:13,"0283 - Sealy, TX",Diesel,Sealy,TX,0.0,0,0.0,3
2026-04-15 17:17:13,"0283 - Sealy, TX",Unlead,Sealy,TX,14.697999999998501,0,0.0,1
2026-04-15 17:17:13,"0284 - New Deal, TX",Diesel,New Deal,TX,284.4529999999995,0,0.0,3
2026-04-15 17:17:13,"0284 - New Deal, TX",Unlead,New Deal,TX,52.81999999999971,0,0.0,1
2026-04-15 17:17:13,"0285 - Seguin, TX",Diesel,Seguin,TX,187.22500000000036,0,0.0,3
2026-04-15 17:17:13,"0285 - Seguin, TX",Unlead,Seguin,TX,107.07400000000052,0,0.0,1
2026-04-15 17:17:13,"0286 - Amarillo, TX",Diesel,Amarillo,TX,0.0,0,0.0,3
2026-04-15 17:17:13,"0286 - Amarillo, TX",Unlead,Amarillo,TX,48.59299999999894,0,0.0,1
2026-04-15 17:17:13,"0287 - Burbonnais, IL",Diesel,Burbonnais,IL,33.334500000000844,0,0.0,3
2026-04-15 17:17:13,"0287 - Burbonnais, IL",Unlead,Burbonnais,IL,101.90699999999924,0,0.0,1
2026-04-15 17:17:13,"0289 - Teague, TX",Diesel,Teague,TX,85.6319999999996,0,0.0,3
2026-04-15 17:17:13,"0289 - Teague, TX",Unlead,Teague,TX,74.78900000000067,0,0.0,1
2026-04-15 17:17:13,"0290 - Joplin, MO",Diesel,Joplin,MO,204.83399999999892,0,0.0,3
2026-04-15 17:17:13,"0290 - Joplin, MO",Unlead,Joplin,MO,68.60100000000057,0,0.0,1
2026-04-15 17:17:13,"0312 - Vidor, TX",Diesel,Vidor,TX,0.0,0,0.0,3
2026-04-15 17:17:13,"0312 - Vidor, TX",Unlead,Vidor,TX,61.99499999999898,0,0.0,1
2026-04-15 17:17:13,"0315 - Laredo, TX",Diesel,Laredo,TX,139.45499999999993,0,0.0,3
2026-04-15 17:17:13,"0315 - Laredo, TX",Unlead,Laredo,TX,63.52070000000003,0,0.0,1
2026-04-15 17:17:13,"0319 - Milford, TX",Diesel,Milford,TX,15.205500000000029,0,0.0,3
2026-04-15 17:17:13,"0319 - Milford, TX",Unlead,Milford,TX,46.201999999999316,0,0.0,1
2026-04-15 17:17:13,"0323 - Canton, TX",Diesel,Canton,TX,0.0,0,0.0,3
2026-04-15 17:17:13,"0323 - Canton, TX",Unlead,Canton,TX,52.082000000000335,0,0.0,1
2026-04-15 17:32:17,"0118 - Springfield, IL",Diesel,Springfield,IL,95.0,0,0.0,3
2026-04-15 17:32:17,"0118 - Springfield, IL",Unlead,Springfield,IL,28.0,0,0.0,1
2026-04-15 17:32:17,"0132 - Champaign, IL",Diesel,Champaign,IL,0.0,0,0.0,3
2026-04-15 17:32:17,"0132 - Champaign, IL",Unlead,Champaign,IL,31.996000000001004,0,0.0,1
2026-04-15 17:32:17,"0136 - Cottage Grove, WI",Diesel,Cottage Grove,WI,190.83500000000095,0,0.0,2
2026-04-15 17:32:17,"0136 - Cottage Grove, WI",Unlead,Cottage Grove,WI,17.736000000000786,0,0.0,1
2026-04-15 17:32:17,"0139 - Tuscola, IL",Diesel,Tuscola,IL,52.0,0,0.0,1
2026-04-15 17:32:17,"0139 - Tuscola, IL",Unlead,Tuscola,IL,26.0,0,0.0,2
2026-04-15 17:32:17,"0140 - Mendota, IL",Diesel,Mendota,IL,58.0,0,0.0,2
2026-04-15 17:32:17,"0140 - Mendota, IL",Unlead,Mendota,IL,23.0,0,0.0,2
2026-04-15 17:32:17,"0141 - Brazil, IN",Diesel,Brazil,IN,8.01469999999972,0,0.0,4
2026-04-15 17:32:17,"0141 - Brazil, IN",Unlead,Brazil,IN,24.0,0,0.0,1
2026-04-15 17:32:17,"0144 - Elk Run Height, IA",Diesel,Elk Run Height,IA,247.0,0,0.0,4
2026-04-15 17:32:17,"0144 - Elk Run Height, IA",Unlead,Elk Run Height,IA,6.8672999999998865,0,0.0,2
2026-04-15 17:32:17,"0145 - Fenton, MO",Diesel,Fenton,MO,0.0,0,0.0,2
2026-04-15 17:32:17,"0145 - Fenton, MO",Unlead,Fenton,MO,43.0,0,0.0,1
2026-04-15 17:32:17,"0157 - Okawville, IL",Diesel,Okawville,IL,0.0,0,0.0,3
2026-04-15 17:32:17,"0157 - Okawville, IL",Unlead,Okawville,IL,23.02100000000064,0,0.0,1
2026-04-15 17:32:17,"0181 - Springfield, IL",Diesel,Springfield,IL,0.0,0,0.0,3
2026-04-15 17:32:17,"0181 - Springfield, IL",Unlead,Springfield,IL,59.73599999999897,0,0.0,1
2026-04-15 17:32:17,"0185 - McLean, IL",Diesel,McLean,IL,9.706999999998516,0,0.0,4
2026-04-15 17:32:17,"0185 - McLean, IL",Unlead,McLean,IL,11.791999999999916,0,0.0,1
2026-04-15 17:32:17,"0186 - Minonk, IL",Diesel,Minonk,IL,0.0,0,0.0,3
2026-04-15 17:32:17,"0186 - Minonk, IL",Unlead,Minonk,IL,10.079999999999927,0,0.0,1
2026-04-15 17:32:17,"0187 - Chicago, IL",Diesel,Chicago,IL,0.0,0,0.0,3
2026-04-15 17:32:17,"0187 - Chicago, IL",Unlead,Chicago,IL,22.55999999999949,0,0.0,1
2026-04-15 17:32:17,"0203 - Rockford, IL",Diesel,Rockford,IL,22.81000000000131,0,0.0,1
2026-04-15 17:32:17,"0203 - Rockford, IL",Unlead,Rockford,IL,111.83899999999994,0,0.0,1
2026-04-15 17:32:17,"0205 - South Beloit, IL",Diesel,South Beloit,IL,0.0,0,0.0,3
2026-04-15 17:32:17,"0205 - South Beloit, IL",Unlead,South Beloit,IL,55.0,0,0.0,1
2026-04-15 17:32:17,"0206 - Winnebago, IL",Diesel,Winnebago,IL,0.0,0,0.0,1
2026-04-15 17:32:17,"0206 - Winnebago, IL",Unlead,Winnebago,IL,90.0,0,0.0,1
2026-04-15 17:32:17,"0209 - Oakdale, WI",Diesel,Oakdale,WI,215.0,0,0.0,3
2026-04-15 17:32:17,"0209 - Oakdale, WI",Unlead,Oakdale,WI,20.0,0,0.0,1
2026-04-15 17:32:17,"0210 - Rochelle, IL",Diesel,Rochelle,IL,0.0,0,0.0,3
2026-04-15 17:32:17,"0210 - Rochelle, IL",Unlead,Rochelle,IL,19.0,0,0.0,1
2026-04-15 17:32:17,"0211 - Loves Park, IL",Diesel,Loves Park,IL,222.0,0,0.0,1
2026-04-15 17:32:17,"0211 - Loves Park, IL",Unlead,Loves Park,IL,19.0,0,0.0,1
2026-04-15 17:32:17,"0225 - Princeton, IL",Diesel,Princeton,IL,25.0,0,0.0,4
2026-04-15 17:32:17,"0225 - Princeton, IL",Unlead,Princeton,IL,0.0,0,0.0,2
2026-04-15 17:32:17,"0226 - Greenwood, IN",Diesel,Greenwood,IN,26.0,0,0.0,2
2026-04-15 17:32:17,"0226 - Greenwood, IN",Unlead,Greenwood,IN,15.0,0,0.0,2
2026-04-15 17:32:17,"0235 - Hampshire, IL",Diesel,Hampshire,IL,160.0,0,0.0,2
2026-04-15 17:32:17,"0235 - Hampshire, IL",Unlead,Hampshire,IL,21.0,0,0.0,2
2026-04-15 17:32:17,"0236 - East Troy, WI",Diesel,East Troy,WI,0.0,0,0.0,2
2026-04-15 17:32:17,"0236 - East Troy, WI",Unlead,East Troy,WI,0.0,0,0.0,1
2026-04-15 17:32:17,"0240 - Lake Station, IN",Diesel,Lake Station,IN,0.0,0,0.0,5
2026-04-15 17:32:17,"0240 - Lake Station, IN",Unlead,Lake Station,IN,35.0,0,0.0,2
2026-04-15 17:32:17,"0242 - St Robert, MO",Diesel,St Robert,MO,5.049999999999272,0,0.0,4
2026-04-15 17:32:17,"0263 - Ottawa, IL",Diesel,Ottawa,IL,46.0,0,0.0,3
2026-04-15 17:32:17,"0263 - Ottawa, IL",Unlead,Ottawa,IL,33.0,0,0.0,1
2026-04-15 17:32:17,"0265 - Dixon, IL",Diesel,Dixon,IL,0.0,0,0.0,3
2026-04-15 17:32:17,"0265 - Dixon, IL",Unlead,Dixon,IL,28.674999999999272,0,0.0,1
2026-04-15 17:32:17,"0266 - New Berlin, IL",Diesel,New Berlin,IL,38.0,0,0.0,3
2026-04-15 17:32:17,"0266 - New Berlin, IL",Unlead,New Berlin,IL,74.31959999999981,0,0.0,1
2026-04-15 17:32:17,"0267 - Pharr, TX",Diesel,Pharr,TX,120.0,0,0.0,4
2026-04-15 17:32:17,"0267 - Pharr, TX",Unlead,Pharr,TX,36.0,0,0.0,1
2026-04-15 17:32:17,"0268 - Grayville, IL",Diesel,Grayville,IL,0.0,0,0.0,3
2026-04-15 17:32:17,"0268 - Grayville, IL",Unlead,Grayville,IL,14.0,0,0.0,1
2026-04-15 17:32:17,"0269 - Marshall, IL",Diesel,Marshall,IL,151.0,0,0.0,3
2026-04-15 17:32:17,"0269 - Marshall, IL",Unlead,Marshall,IL,26.0,0,0.0,1
2026-04-15 17:32:17,"0270 - Moore, TX",Diesel,Moore,TX,319.0,0,0.0,3
2026-04-15 17:32:17,"0270 - Moore, TX",Unlead,Moore,TX,111.0,0,0.0,1
2026-04-15 17:32:17,"0271 - Odessa, TX",Diesel,Odessa,TX,110.22400000000016,0,0.0,3
2026-04-15 17:32:17,"0271 - Odessa, TX",Unlead,Odessa,TX,42.53100000000086,0,0.0,1
2026-04-15 17:32:17,"0272 - Encinal, TX",Diesel,Encinal,TX,14.336999999999534,0,0.0,3
2026-04-15 17:32:17,"0272 - Encinal, TX",Unlead,Encinal,TX,99.35800000000017,0,0.0,1
2026-04-15 17:32:17,"0273 - Combes, TX",Diesel,Combes,TX,100.20199999999932,0,0.0,3
2026-04-15 17:32:17,"0273 - Combes, TX",Unlead,Combes,TX,70.70099999999911,0,0.0,1
2026-04-15 17:32:17,"0275 - Sonora, TX",Diesel,Sonora,TX,22.41099999999824,0,0.0,3
2026-04-15 17:32:17,"0275 - Sonora, TX",Unlead,Sonora,TX,61.27739999999994,0,0.0,1
2026-04-15 17:32:17,"0276 - Waco, TX",Diesel,Waco,TX,420.3267000000005,0,0.0,3
2026-04-15 17:32:17,"0276 - Waco, TX",Unlead,Waco,TX,94.02000000000044,0,0.0,1
2026-04-15 17:32:17,"0277 - New Boston, TX",Diesel,New Boston,TX,130.51450000000114,0,0.0,3
2026-04-15 17:32:17,"0277 - New Boston, TX",Unlead,New Boston,TX,0.0,0,0.0,1
2026-04-15 17:32:17,"0278 - Brinkley, AR",Diesel,Brinkley,AR,89.92399999999907,0,0.0,3
2026-04-15 17:32:17,"0278 - Brinkley, AR",Unlead,Brinkley,AR,48.905000000000655,0,0.0,1
2026-04-15 17:32:17,"0279 - Marion, IL",Diesel,Marion,IL,8.125,0,0.0,3
2026-04-15 17:32:17,"0279 - Marion, IL",Unlead,Marion,IL,93.63400000000001,0,0.0,1
2026-04-15 17:32:17,"0280 - Monahans, TX",Diesel,Monahans,TX,0.0,0,0.0,3
2026-04-15 17:32:17,"0280 - Monahans, TX",Unlead,Monahans,TX,0.0,0,0.0,1
2026-04-15 17:32:17,"0281 - Cisco, TX",Diesel,Cisco,TX,577.1020000000026,0,0.0,3
2026-04-15 17:32:17,"0281 - Cisco, TX",Unlead,Cisco,TX,57.98700000000099,0,0.0,1
2026-04-15 17:32:17,"0282 - Gainesville, TX",Diesel,Gainesville,TX,98.55299999999988,0,0.0,3
2026-04-15 17:32:17,"0282 - Gainesville, TX",Unlead,Gainesville,TX,17.886000000000422,0,0.0,1
2026-04-15 17:32:17,"0283 - Sealy, TX",Diesel,Sealy,TX,0.0,0,0.0,3
2026-04-15 17:32:17,"0283 - Sealy, TX",Unlead,Sealy,TX,32.111000000000786,0,0.0,1
2026-04-15 17:32:17,"0284 - New Deal, TX",Diesel,New Deal,TX,49.012000000000626,0,0.0,3
2026-04-15 17:32:17,"0284 - New Deal, TX",Unlead,New Deal,TX,72.72400000000016,0,0.0,1
2026-04-15 17:32:17,"0285 - Seguin, TX",Diesel,Seguin,TX,361.02600000000166,0,0.0,3
2026-04-15 17:32:17,"0285 - Seguin, TX",Unlead,Seguin,TX,38.15899999999965,0,0.0,1
2026-04-15 17:32:17,"0286 - Amarillo, TX",Diesel,Amarillo,TX,70.16199999999844,0,0.0,3
2026-04-15 17:32:17,"0286 - Amarillo, TX",Unlead,Amarillo,TX,42.677999999999884,0,0.0,1
2026-04-15 17:32:17,"0287 - Burbonnais, IL",Diesel,Burbonnais,IL,11.25,0,0.0,3
2026-04-15 17:32:17,"0287 - Burbonnais, IL",Unlead,Burbonnais,IL,94.57300000000032,0,0.0,1
2026-04-15 17:32:17,"0289 - Teague, TX",Diesel,Teague,TX,181.5099999999984,0,0.0,3
2026-04-15 17:32:17,"0289 - Teague, TX",Unlead,Teague,TX,66.04399999999987,0,0.0,1
2026-04-15 17:32:17,"0290 - Joplin, MO",Diesel,Joplin,MO,17.338999999999942,0,0.0,3
2026-04-15 17:32:17,"0290 - Joplin, MO",Unlead,Joplin,MO,59.9369999999999,0,0.0,1
2026-04-15 17:32:17,"0312 - Vidor, TX",Diesel,Vidor,TX,70.9900000000016,0,0.0,3
2026-04-15 17:32:17,"0312 - Vidor, TX",Unlead,Vidor,TX,55.86499999999978,0,0.0,1
2026-04-15 17:32:17,"0315 - Laredo, TX",Diesel,Laredo,TX,0.0,0,0.0,3
2026-04-15 17:32:17,"0315 - Laredo, TX",Unlead,Laredo,TX,17.252000000000407,0,0.0,1
2026-04-15 17:32:17,"0319 - Milford, TX",Diesel,Milford,TX,63.727499999999054,0,0.0,3
2026-04-15 17:32:17,"0319 - Milford, TX",Unlead,Milford,TX,73.70299999999952,0,0.0,1
2026-04-15 17:32:17,"0323 - Canton, TX",Diesel,Canton,TX,14.86700000000019,0,0.0,3
2026-04-15 17:32:17,"0323 - Canton, TX",Unlead,Canton,TX,81.78999999999905,0,0.0,1
2026-04-15 17:47:21,"0118 - Springfield, IL",Diesel,Springfield,IL,0.0,0,0.0,3
2026-04-15 17:47:21,"0118 - Springfield, IL",Unlead,Springfield,IL,16.0,0,0.0,1
2026-04-15 17:47:21,"0132 - Champaign, IL",Diesel,Champaign,IL,41.5,0,0.0,3
2026-04-15 17:47:21,"0132 - Champaign, IL",Unlead,Champaign,IL,67.20199999999932,0,0.0,1
2026-04-15 17:47:21,"0136 - Cottage Grove, WI",Diesel,Cottage Grove,WI,407.07800000000043,0,0.0,2
2026-04-15 17:47:21,"0136 - Cottage Grove, WI",Unlead,Cottage Grove,WI,13.859999999999673,0,0.0,1
2026-04-15 17:47:21,"0139 - Tuscola, IL",Diesel,Tuscola,IL,255.0,0,0.0,1
2026-04-15 17:47:21,"0139 - Tuscola, IL",Unlead,Tuscola,IL,39.0,0,0.0,2
2026-04-15 17:47:21,"0140 - Mendota, IL",Diesel,Mendota,IL,0.0,0,0.0,2
2026-04-15 17:47:21,"0140 - Mendota, IL",Unlead,Mendota,IL,48.0,0,0.0,2
2026-04-15 17:47:21,"0141 - Brazil, IN",Diesel,Brazil,IN,99.46739999999954,0,0.0,4
2026-04-15 17:47:21,"0141 - Brazil, IN",Unlead,Brazil,IN,43.0,0,0.0,1
2026-04-15 17:47:21,"0144 - Elk Run Height, IA",Diesel,Elk Run Height,IA,18.0,0,0.0,4
2026-04-15 17:47:21,"0144 - Elk Run Height, IA",Unlead,Elk Run Height,IA,2.7694000000001324,0,0.0,2
2026-04-15 17:47:21,"0145 - Fenton, MO",Diesel,Fenton,MO,84.0,0,0.0,2
2026-04-15 17:47:21,"0145 - Fenton, MO",Unlead,Fenton,MO,24.0,0,0.0,1
2026-04-15 17:47:21,"0157 - Okawville, IL",Diesel,Okawville,IL,0.0,0,0.0,3
2026-04-15 17:47:21,"0157 - Okawville, IL",Unlead,Okawville,IL,19.98199999999997,0,0.0,1
2026-04-15 17:47:21,"0181 - Springfield, IL",Diesel,Springfield,IL,28.0079999999989,0,0.0,3
2026-04-15 17:47:21,"0181 - Springfield, IL",Unlead,Springfield,IL,42.13600000000042,0,0.0,1
2026-04-15 17:47:21,"0185 - McLean, IL",Diesel,McLean,IL,123.8060000000005,0,0.0,4
2026-04-15 17:47:21,"0185 - McLean, IL",Unlead,McLean,IL,59.440000000000055,0,0.0,1
2026-04-15 17:47:21,"0186 - Minonk, IL",Diesel,Minonk,IL,0.0,0,0.0,3
2026-04-15 17:47:21,"0186 - Minonk, IL",Unlead,Minonk,IL,5.313000000000102,0,0.0,1
2026-04-15 17:47:21,"0187 - Chicago, IL",Diesel,Chicago,IL,0.0,0,0.0,3
2026-04-15 17:47:21,"0187 - Chicago, IL",Unlead,Chicago,IL,46.22350000000006,0,0.0,1
2026-04-15 17:47:21,"0203 - Rockford, IL",Diesel,Rockford,IL,199.5669999999991,0,0.0,1
2026-04-15 17:47:21,"0203 - Rockford, IL",Unlead,Rockford,IL,44.48699999999917,0,0.0,1
2026-04-15 17:47:21,"0205 - South Beloit, IL",Diesel,South Beloit,IL,171.0,0,0.0,3
2026-04-15 17:47:21,"0205 - South Beloit, IL",Unlead,South Beloit,IL,41.0,0,0.0,1
2026-04-15 17:47:21,"0206 - Winnebago, IL",Diesel,Winnebago,IL,122.0,0,0.0,1
2026-04-15 17:47:21,"0206 - Winnebago, IL",Unlead,Winnebago,IL,105.0,0,0.0,1
2026-04-15 17:47:21,"0209 - Oakdale, WI",Diesel,Oakdale,WI,84.0,0,0.0,3
2026-04-15 17:47:21,"0209 - Oakdale, WI",Unlead,Oakdale,WI,8.0,0,0.0,1
2026-04-15 17:47:21,"0210 - Rochelle, IL",Diesel,Rochelle,IL,42.0,0,0.0,3
2026-04-15 17:47:21,"0210 - Rochelle, IL",Unlead,Rochelle,IL,62.0,0,0.0,1
2026-04-15 17:47:21,"0211 - Loves Park, IL",Diesel,Loves Park,IL,0.0,0,0.0,1
2026-04-15 17:47:21,"0211 - Loves Park, IL",Unlead,Loves Park,IL,46.0,0,0.0,1
2026-04-15 17:47:21,"0225 - Princeton, IL",Diesel,Princeton,IL,6.0,0,0.0,4
2026-04-15 17:47:21,"0225 - Princeton, IL",Unlead,Princeton,IL,0.0,0,0.0,2
2026-04-15 17:47:21,"0226 - Greenwood, IN",Diesel,Greenwood,IN,25.0,0,0.0,2
2026-04-15 17:47:21,"0226 - Greenwood, IN",Unlead,Greenwood,IN,13.0,0,0.0,2
2026-04-15 17:47:21,"0235 - Hampshire, IL",Diesel,Hampshire,IL,0.0,0,0.0,2
2026-04-15 17:47:21,"0235 - Hampshire, IL",Unlead,Hampshire,IL,71.0,0,0.0,2
2026-04-15 17:47:21,"0236 - East Troy, WI",Diesel,East Troy,WI,0.0,0,0.0,2
2026-04-15 17:47:21,"0236 - East Troy, WI",Unlead,East Troy,WI,7.0,0,0.0,1
2026-04-15 17:47:21,"0240 - Lake Station, IN",Diesel,Lake Station,IN,110.0,0,0.0,5
2026-04-15 17:47:21,"0240 - Lake Station, IN",Unlead,Lake Station,IN,12.0,0,0.0,2
2026-04-15 17:47:21,"0242 - St Robert, MO",Diesel,St Robert,MO,86.59599999999955,0,0.0,4
2026-04-15 17:47:21,"0263 - Ottawa, IL",Diesel,Ottawa,IL,251.0,0,0.0,3
2026-04-15 17:47:21,"0263 - Ottawa, IL",Unlead,Ottawa,IL,23.0,0,0.0,1
2026-04-15 17:47:21,"0265 - Dixon, IL",Diesel,Dixon,IL,0.0,0,0.0,3
2026-04-15 17:47:21,"0265 - Dixon, IL",Unlead,Dixon,IL,10.936000000001513,0,0.0,1
2026-04-15 17:47:21,"0266 - New Berlin, IL",Diesel,New Berlin,IL,0.0,0,0.0,3
2026-04-15 17:47:21,"0266 - New Berlin, IL",Unlead,New Berlin,IL,71.45600000000013,0,0.0,1
2026-04-15 17:47:21,"0267 - Pharr, TX",Diesel,Pharr,TX,614.0,0,0.0,4
2026-04-15 17:47:21,"0267 - Pharr, TX",Unlead,Pharr,TX,68.0,0,0.0,1
2026-04-15 17:47:21,"0268 - Grayville, IL",Diesel,Grayville,IL,0.0,0,0.0,3
2026-04-15 17:47:21,"0268 - Grayville, IL",Unlead,Grayville,IL,26.0,0,0.0,1
2026-04-15 17:47:21,"0269 - Marshall, IL",Diesel,Marshall,IL,143.0,0,0.0,3
2026-04-15 17:47:21,"0269 - Marshall, IL",Unlead,Marshall,IL,5.0,0,0.0,1
2026-04-15 17:47:21,"0270 - Moore, TX",Diesel,Moore,TX,150.0,0,0.0,3
2026-04-15 17:47:21,"0270 - Moore, TX",Unlead,Moore,TX,99.0,0,0.0,1
2026-04-15 17:47:21,"0271 - Odessa, TX",Diesel,Odessa,TX,248.90099999999984,0,0.0,3
2026-04-15 17:47:21,"0271 - Odessa, TX",Unlead,Odessa,TX,132.16100000000006,0,0.0,1
2026-04-15 17:47:21,"0272 - Encinal, TX",Diesel,Encinal,TX,163.5650000000005,0,0.0,3
2026-04-15 17:47:21,"0272 - Encinal, TX",Unlead,Encinal,TX,67.98999999999978,0,0.0,1
2026-04-15 17:47:21,"0273 - Combes, TX",Diesel,Combes,TX,287.32100000000173,0,0.0,3
2026-04-15 17:47:21,"0273 - Combes, TX",Unlead,Combes,TX,133.7420000000002,0,0.0,1
2026-04-15 17:47:21,"0275 - Sonora, TX",Diesel,Sonora,TX,292.2910000000011,0,0.0,3
2026-04-15 17:47:21,"0275 - Sonora, TX",Unlead,Sonora,TX,42.26260000000002,0,0.0,1
2026-04-15 17:47:21,"0276 - Waco, TX",Diesel,Waco,TX,422.21699999999873,0,0.0,3
2026-04-15 17:47:21,"0276 - Waco, TX",Unlead,Waco,TX,60.3119999999999,0,0.0,1
2026-04-15 17:47:21,"0277 - New Boston, TX",Diesel,New Boston,TX,89.48049999999785,0,0.0,3
2026-04-15 17:47:21,"0277 - New Boston, TX",Unlead,New Boston,TX,27.791000000001077,0,0.0,1
2026-04-15 17:47:21,"0278 - Brinkley, AR",Diesel,Brinkley,AR,0.0,0,0.0,3
2026-04-15 17:47:21,"0278 - Brinkley, AR",Unlead,Brinkley,AR,0.0,0,0.0,1
2026-04-15 17:47:21,"0279 - Marion, IL",Diesel,Marion,IL,0.0,0,0.0,3
2026-04-15 17:47:21,"0279 - Marion, IL",Unlead,Marion,IL,89.88850000000093,0,0.0,1
2026-04-15 17:47:21,"0280 - Monahans, TX",Diesel,Monahans,TX,0.0,0,0.0,3
2026-04-15 17:47:21,"0280 - Monahans, TX",Unlead,Monahans,TX,0.0,0,0.0,1
2026-04-15 17:47:21,"0281 - Cisco, TX",Diesel,Cisco,TX,448.8954999999969,0,0.0,3
2026-04-15 17:47:21,"0281 - Cisco, TX",Unlead,Cisco,TX,77.14300000000003,0,0.0,1
2026-04-15 17:47:21,"0282 - Gainesville, TX",Diesel,Gainesville,TX,0.0,0,0.0,3
2026-04-15 17:47:21,"0282 - Gainesville, TX",Unlead,Gainesville,TX,57.88199999999961,0,0.0,1
2026-04-15 17:47:21,"0283 - Sealy, TX",Diesel,Sealy,TX,192.44799999999668,0,0.0,3
2026-04-15 17:47:21,"0283 - Sealy, TX",Unlead,Sealy,TX,16.436999999999898,0,0.0,1
2026-04-15 17:47:21,"0284 - New Deal, TX",Diesel,New Deal,TX,7.60399999999936,0,0.0,3
2026-04-15 17:47:21,"0284 - New Deal, TX",Unlead,New Deal,TX,77.04199999999946,0,0.0,1
2026-04-15 17:47:21,"0285 - Seguin, TX",Diesel,Seguin,TX,50.30149999999958,0,0.0,3
2026-04-15 17:47:21,"0285 - Seguin, TX",Unlead,Seguin,TX,39.36700000000019,0,0.0,1
2026-04-15 17:47:21,"0286 - Amarillo, TX",Diesel,Amarillo,TX,422.02000000000044,0,0.0,3
2026-04-15 17:47:21,"0286 - Amarillo, TX",Unlead,Amarillo,TX,23.389000000001033,0,0.0,1
2026-04-15 17:47:21,"0287 - Burbonnais, IL",Diesel,Burbonnais,IL,110.14600000000064,0,0.0,3
2026-04-15 17:47:21,"0287 - Burbonnais, IL",Unlead,Burbonnais,IL,43.34300000000076,0,0.0,1
2026-04-15 17:47:21,"0289 - Teague, TX",Diesel,Teague,TX,349.08500000000095,0,0.0,3
2026-04-15 17:47:21,"0289 - Teague, TX",Unlead,Teague,TX,32.469999999999345,0,0.0,1
2026-04-15 17:47:21,"0290 - Joplin, MO",Diesel,Joplin,MO,0.0,0,0.0,3
2026-04-15 17:47:21,"0290 - Joplin, MO",Unlead,Joplin,MO,56.53199999999924,0,0.0,1
2026-04-15 17:47:21,"0312 - Vidor, TX",Diesel,Vidor,TX,314.9329999999991,0,0.0,3
2026-04-15 17:47:21,"0312 - Vidor, TX",Unlead,Vidor,TX,14.71900000000096,0,0.0,1
2026-04-15 17:47:21,"0315 - Laredo, TX",Diesel,Laredo,TX,0.0,0,0.0,3
2026-04-15 17:47:21,"0315 - Laredo, TX",Unlead,Laredo,TX,38.8716000000004,0,0.0,1
2026-04-15 17:47:21,"0319 - Milford, TX",Diesel,Milford,TX,274.9489999999969,0,0.0,3
2026-04-15 17:47:21,"0319 - Milford, TX",Unlead,Milford,TX,65.7430000000004,0,0.0,1
2026-04-15 17:47:21,"0323 - Canton, TX",Diesel,Canton,TX,373.20300000000134,0,0.0,3
2026-04-15 17:47:21,"0323 - Canton, TX",Unlead,Canton,TX,95.36100000000079,0,0.0,1
2026-04-15 18:02:22,"0118 - Springfield, IL",Diesel,Springfield,IL,192.0,0,0.0,3
2026-04-15 18:02:22,"0118 - Springfield, IL",Unlead,Springfield,IL,10.0,0,0.0,1
2026-04-15 18:02:22,"0132 - Champaign, IL",Diesel,Champaign,IL,175.07949999999892,0,0.0,3
2026-04-15 18:02:22,"0132 - Champaign, IL",Unlead,Champaign,IL,28.653000000000247,0,0.0,1
2026-04-15 18:02:22,"0136 - Cottage Grove, WI",Diesel,Cottage Grove,WI,152.558,0,0.0,2
2026-04-15 18:02:22,"0136 - Cottage Grove, WI",Unlead,Cottage Grove,WI,0.0,0,0.0,1
2026-04-15 18:02:22,"0139 - Tuscola, IL",Diesel,Tuscola,IL,231.0,0,0.0,1
2026-04-15 18:02:22,"0139 - Tuscola, IL",Unlead,Tuscola,IL,23.0,0,0.0,2
2026-04-15 18:02:22,"0140 - Mendota, IL",Diesel,Mendota,IL,135.0,0,0.0,2
2026-04-15 18:02:22,"0140 - Mendota, IL",Unlead,Mendota,IL,13.0,0,0.0,2
2026-04-15 18:02:22,"0141 - Brazil, IN",Diesel,Brazil,IN,52.926800000000185,0,0.0,4
2026-04-15 18:02:22,"0141 - Brazil, IN",Unlead,Brazil,IN,23.0,0,0.0,1
2026-04-15 18:02:22,"0144 - Elk Run Height, IA",Diesel,Elk Run Height,IA,0.0,0,0.0,4
2026-04-15 18:02:22,"0144 - Elk Run Height, IA",Unlead,Elk Run Height,IA,34.950700000000325,0,0.0,2
2026-04-15 18:02:22,"0145 - Fenton, MO",Diesel,Fenton,MO,65.0,0,0.0,2
2026-04-15 18:02:22,"0145 - Fenton, MO",Unlead,Fenton,MO,18.0,0,0.0,1
2026-04-15 18:02:22,"0157 - Okawville, IL",Diesel,Okawville,IL,0.0,0,0.0,3
2026-04-15 18:02:22,"0157 - Okawville, IL",Unlead,Okawville,IL,75.14999999999964,0,0.0,1
2026-04-15 18:02:22,"0181 - Springfield, IL",Diesel,Springfield,IL,164.06950000000143,0,0.0,3
2026-04-15 18:02:22,"0181 - Springfield, IL",Unlead,Springfield,IL,36.1869999999999,0,0.0,1
2026-04-15 18:02:22,"0185 - McLean, IL",Diesel,McLean,IL,152.237000000001,0,0.0,4
2026-04-15 18:02:22,"0185 - McLean, IL",Unlead,McLean,IL,58.93209999999999,0,0.0,1
2026-04-15 18:02:22,"0186 - Minonk, IL",Diesel,Minonk,IL,153.1269999999986,0,0.0,3
2026-04-15 18:02:22,"0186 - Minonk, IL",Unlead,Minonk,IL,58.14799999999923,0,0.0,1
2026-04-15 18:02:22,"0187 - Chicago, IL",Diesel,Chicago,IL,50.0,0,0.0,3
2026-04-15 18:02:22,"0187 - Chicago, IL",Unlead,Chicago,IL,8.781399999999849,0,0.0,1
2026-04-15 18:02:22,"0203 - Rockford, IL",Diesel,Rockford,IL,0.0,0,0.0,1
2026-04-15 18:02:22,"0203 - Rockford, IL",Unlead,Rockford,IL,29.01800000000003,0,0.0,1
2026-04-15 18:02:22,"0205 - South Beloit, IL",Diesel,South Beloit,IL,6.0,0,0.0,3
2026-04-15 18:02:22,"0205 - South Beloit, IL",Unlead,South Beloit,IL,12.0,0,0.0,1
2026-04-15 18:02:22,"0206 - Winnebago, IL",Diesel,Winnebago,IL,71.0,0,0.0,1
2026-04-15 18:02:22,"0206 - Winnebago, IL",Unlead,Winnebago,IL,33.0,0,0.0,1
2026-04-15 18:02:22,"0209 - Oakdale, WI",Diesel,Oakdale,WI,297.0,0,0.0,3
2026-04-15 18:02:22,"0209 - Oakdale, WI",Unlead,Oakdale,WI,11.0,0,0.0,1
2026-04-15 18:02:22,"0210 - Rochelle, IL",Diesel,Rochelle,IL,160.0,0,0.0,3
2026-04-15 18:02:22,"0210 - Rochelle, IL",Unlead,Rochelle,IL,27.0,0,0.0,1
2026-04-15 18:02:22,"0211 - Loves Park, IL",Diesel,Loves Park,IL,0.0,0,0.0,1
2026-04-15 18:02:22,"0211 - Loves Park, IL",Unlead,Loves Park,IL,29.0,0,0.0,1
2026-04-15 18:02:22,"0225 - Princeton, IL",Diesel,Princeton,IL,0.0,0,0.0,4
2026-04-15 18:02:22,"0225 - Princeton, IL",Unlead,Princeton,IL,0.0,0,0.0,2
2026-04-15 18:02:22,"0226 - Greenwood, IN",Diesel,Greenwood,IN,135.0,0,0.0,2
2026-04-15 18:02:22,"0226 - Greenwood, IN",Unlead,Greenwood,IN,0.0,0,0.0,2
2026-04-15 18:02:22,"0235 - Hampshire, IL",Diesel,Hampshire,IL,0.0,0,0.0,2
2026-04-15 18:02:22,"0235 - Hampshire, IL",Unlead,Hampshire,IL,33.0,0,0.0,2
2026-04-15 18:02:22,"0236 - East Troy, WI",Diesel,East Troy,WI,66.0,0,0.0,2
2026-04-15 18:02:22,"0236 - East Troy, WI",Unlead,East Troy,WI,0.0,0,0.0,1
2026-04-15 18:02:22,"0240 - Lake Station, IN",Diesel,Lake Station,IN,129.0,0,0.0,5
2026-04-15 18:02:22,"0240 - Lake Station, IN",Unlead,Lake Station,IN,57.0,0,0.0,2
2026-04-15 18:02:22,"0242 - St Robert, MO",Diesel,St Robert,MO,0.0,0,0.0,4
2026-04-15 18:02:22,"0263 - Ottawa, IL",Diesel,Ottawa,IL,82.0,0,0.0,3
2026-04-15 18:02:22,"0263 - Ottawa, IL",Unlead,Ottawa,IL,31.0,0,0.0,1
2026-04-15 18:02:22,"0265 - Dixon, IL",Diesel,Dixon,IL,29.877000000000407,0,0.0,3
2026-04-15 18:02:22,"0265 - Dixon, IL",Unlead,Dixon,IL,18.104999999999563,0,0.0,1
2026-04-15 18:02:22,"0266 - New Berlin, IL",Diesel,New Berlin,IL,0.0,0,0.0,3
2026-04-15 18:02:22,"0266 - New Berlin, IL",Unlead,New Berlin,IL,41.43339999999989,0,0.0,1
2026-04-15 18:02:22,"0267 - Pharr, TX",Diesel,Pharr,TX,290.0,0,0.0,4
2026-04-15 18:02:22,"0267 - Pharr, TX",Unlead,Pharr,TX,22.0,0,0.0,1
2026-04-15 18:02:22,"0268 - Grayville, IL",Diesel,Grayville,IL,6.0,0,0.0,3
2026-04-15 18:02:22,"0268 - Grayville, IL",Unlead,Grayville,IL,47.0,0,0.0,1
2026-04-15 18:02:22,"0269 - Marshall, IL",Diesel,Marshall,IL,23.0,0,0.0,3
2026-04-15 18:02:22,"0269 - Marshall, IL",Unlead,Marshall,IL,0.0,0,0.0,1
2026-04-15 18:02:22,"0270 - Moore, TX",Diesel,Moore,TX,194.0,0,0.0,3
2026-04-15 18:02:22,"0270 - Moore, TX",Unlead,Moore,TX,87.0,0,0.0,1
2026-04-15 18:02:22,"0271 - Odessa, TX",Diesel,Odessa,TX,530.6639999999989,0,0.0,3
2026-04-15 18:02:22,"0271 - Odessa, TX",Unlead,Odessa,TX,76.97499999999854,0,0.0,1
2026-04-15 18:02:22,"0272 - Encinal, TX",Diesel,Encinal,TX,149.2619999999988,0,0.0,3
2026-04-15 18:02:22,"0272 - Encinal, TX",Unlead,Encinal,TX,6.147000000000844,0,0.0,1
2026-04-15 18:02:22,"0273 - Combes, TX",Diesel,Combes,TX,27.28900000000067,0,0.0,3
2026-04-15 18:02:22,"0273 - Combes, TX",Unlead,Combes,TX,147.9290000000001,0,0.0,1
2026-04-15 18:02:22,"0275 - Sonora, TX",Diesel,Sonora,TX,78.8739999999998,0,0.0,3
2026-04-15 18:02:22,"0275 - Sonora, TX",Unlead,Sonora,TX,48.8726000000006,0,0.0,1
2026-04-15 18:02:22,"0276 - Waco, TX",Diesel,Waco,TX,315.0100000000002,0,0.0,3
2026-04-15 18:02:22,"0276 - Waco, TX",Unlead,Waco,TX,0.0,1,2186.0526,1
2026-04-15 18:02:22,"0277 - New Boston, TX",Diesel,New Boston,TX,0.0,0,0.0,3
2026-04-15 18:02:22,"0277 - New Boston, TX",Unlead,New Boston,TX,48.498999999999796,0,0.0,1
2026-04-15 18:02:22,"0278 - Brinkley, AR",Diesel,Brinkley,AR,35.7659999999978,0,0.0,3
2026-04-15 18:02:22,"0278 - Brinkley, AR",Unlead,Brinkley,AR,34.202000000001135,0,0.0,1
2026-04-15 18:02:22,"0279 - Marion, IL",Diesel,Marion,IL,21.048000000000684,0,0.0,3
2026-04-15 18:02:22,"0279 - Marion, IL",Unlead,Marion,IL,49.259500000000116,0,0.0,1
2026-04-15 18:02:22,"0280 - Monahans, TX",Diesel,Monahans,TX,0.0,0,0.0,3
2026-04-15 18:02:22,"0280 - Monahans, TX",Unlead,Monahans,TX,0.0,0,0.0,1
2026-04-15 18:02:22,"0281 - Cisco, TX",Diesel,Cisco,TX,107.06650000000081,0,0.0,3
2026-04-15 18:02:22,"0281 - Cisco, TX",Unlead,Cisco,TX,31.061999999999898,0,0.0,1
2026-04-15 18:02:22,"0282 - Gainesville, TX",Diesel,Gainesville,TX,0.0,0,0.0,3
2026-04-15 18:02:22,"0282 - Gainesville, TX",Unlead,Gainesville,TX,17.451999999999316,0,0.0,1
2026-04-15 18:02:22,"0283 - Sealy, TX",Diesel,Sealy,TX,13.730999999999767,0,0.0,3
2026-04-15 18:02:22,"0283 - Sealy, TX",Unlead,Sealy,TX,12.406999999999243,0,0.0,1
2026-04-15 18:02:22,"0284 - New Deal, TX",Diesel,New Deal,TX,23.496000000001004,0,0.0,3
2026-04-15 18:02:22,"0284 - New Deal, TX",Unlead,New Deal,TX,104.73300000000017,0,0.0,1
2026-04-15 18:02:22,"0285 - Seguin, TX",Diesel,Seguin,TX,100.41350000000057,0,0.0,3
2026-04-15 18:02:22,"0285 - Seguin, TX",Unlead,Seguin,TX,65.09799999999996,0,0.0,1
2026-04-15 18:02:22,"0286 - Amarillo, TX",Diesel,Amarillo,TX,0.0,0,0.0,3
2026-04-15 18:02:22,"0286 - Amarillo, TX",Unlead,Amarillo,TX,68.80999999999949,0,0.0,1
2026-04-15 18:02:22,"0287 - Burbonnais, IL",Diesel,Burbonnais,IL,315.34299999999894,0,0.0,3
2026-04-15 18:02:22,"0287 - Burbonnais, IL",Unlead,Burbonnais,IL,37.82799999999952,0,0.0,1
2026-04-15 18:02:22,"0289 - Teague, TX",Diesel,Teague,TX,376.2290000000012,0,0.0,3
2026-04-15 18:02:22,"0289 - Teague, TX",Unlead,Teague,TX,77.77599999999984,0,0.0,1
2026-04-15 18:02:22,"0290 - Joplin, MO",Diesel,Joplin,MO,14.31499999999869,0,0.0,3
2026-04-15 18:02:22,"0290 - Joplin, MO",Unlead,Joplin,MO,50.33400000000074,0,0.0,1
2026-04-15 18:02:22,"0312 - Vidor, TX",Diesel,Vidor,TX,0.0,0,0.0,3
2026-04-15 18:02:22,"0312 - Vidor, TX",Unlead,Vidor,TX,35.21399999999994,0,0.0,1
2026-04-15 18:02:22,"0315 - Laredo, TX",Diesel,Laredo,TX,35.081999999998516,0,0.0,3
2026-04-15 18:02:22,"0315 - Laredo, TX",Unlead,Laredo,TX,61.205699999999524,0,0.0,1
2026-04-15 18:02:22,"0319 - Milford, TX",Diesel,Milford,TX,98.21899999999732,0,0.0,3
2026-04-15 18:02:22,"0319 - Milford, TX",Unlead,Milford,TX,143.15949999999975,0,0.0,1
2026-04-15 18:02:22,"0323 - Canton, TX",Diesel,Canton,TX,82.13299999999981,0,0.0,3
2026-04-15 18:02:22,"0323 - Canton, TX",Unlead,Canton,TX,61.556000000000495,0,0.0,1
2026-04-15 18:17:27,"0118 - Springfield, IL",Diesel,Springfield,IL,94.0,0,0.0,3
2026-04-15 18:17:27,"0118 - Springfield, IL",Unlead,Springfield,IL,38.0,0,0.0,1
2026-04-15 18:17:27,"0132 - Champaign, IL",Diesel,Champaign,IL,0.0,0,0.0,3
2026-04-15 18:17:27,"0132 - Champaign, IL",Unlead,Champaign,IL,49.03600000000006,0,0.0,1
2026-04-15 18:17:27,"0136 - Cottage Grove, WI",Diesel,Cottage Grove,WI,126.54299999999876,0,0.0,2
2026-04-15 18:17:27,"0136 - Cottage Grove, WI",Unlead,Cottage Grove,WI,29.380999999999403,0,0.0,1
2026-04-15 18:17:27,"0139 - Tuscola, IL",Diesel,Tuscola,IL,167.0,0,0.0,1
2026-04-15 18:17:27,"0139 - Tuscola, IL",Unlead,Tuscola,IL,0.0,0,0.0,2
2026-04-15 18:17:27,"0140 - Mendota, IL",Diesel,Mendota,IL,0.0,0,0.0,2
2026-04-15 18:17:27,"0140 - Mendota, IL",Unlead,Mendota,IL,30.0,0,0.0,2
2026-04-15 18:17:27,"0141 - Brazil, IN",Diesel,Brazil,IN,17.66279999999915,0,0.0,4
2026-04-15 18:17:27,"0141 - Brazil, IN",Unlead,Brazil,IN,21.0,0,0.0,1
2026-04-15 18:17:27,"0144 - Elk Run Height, IA",Diesel,Elk Run Height,IA,207.0,0,0.0,4
2026-04-15 18:17:27,"0144 - Elk Run Height, IA",Unlead,Elk Run Height,IA,0.0,0,0.0,2
2026-04-15 18:17:27,"0145 - Fenton, MO",Diesel,Fenton,MO,65.0,0,0.0,2
2026-04-15 18:17:27,"0145 - Fenton, MO",Unlead,Fenton,MO,5.0,0,0.0,1
2026-04-15 18:17:27,"0157 - Okawville, IL",Diesel,Okawville,IL,0.0,0,0.0,3
2026-04-15 18:17:27,"0157 - Okawville, IL",Unlead,Okawville,IL,0.0,0,0.0,1
2026-04-15 18:17:27,"0181 - Springfield, IL",Diesel,Springfield,IL,7.640999999999622,0,0.0,3
2026-04-15 18:17:27,"0181 - Springfield, IL",Unlead,Springfield,IL,52.498999999999796,0,0.0,1
2026-04-15 18:17:27,"0185 - McLean, IL",Diesel,McLean,IL,331.3170000000009,0,0.0,4
2026-04-15 18:17:27,"0185 - McLean, IL",Unlead,McLean,IL,61.9666000000002,0,0.0,1
2026-04-15 18:17:27,"0186 - Minonk, IL",Diesel,Minonk,IL,42.02000000000044,0,0.0,3
2026-04-15 18:17:27,"0186 - Minonk, IL",Unlead,Minonk,IL,61.86800000000039,0,0.0,1
2026-04-15 18:17:27,"0187 - Chicago, IL",Diesel,Chicago,IL,0.0,0,0.0,3
2026-04-15 18:17:27,"0187 - Chicago, IL",Unlead,Chicago,IL,18.710900000000038,0,0.0,1
2026-04-15 18:17:27,"0203 - Rockford, IL",Diesel,Rockford,IL,0.0,0,0.0,1
2026-04-15 18:17:27,"0203 - Rockford, IL",Unlead,Rockford,IL,14.416999999999462,0,0.0,1
2026-04-15 18:17:27,"0205 - South Beloit, IL",Diesel,South Beloit,IL,97.0,0,0.0,3
2026-04-15 18:17:27,"0205 - South Beloit, IL",Unlead,South Beloit,IL,33.0,0,0.0,1
2026-04-15 18:17:27,"0206 - Winnebago, IL",Diesel,Winnebago,IL,78.0,0,0.0,1
2026-04-15 18:17:27,"0206 - Winnebago, IL",Unlead,Winnebago,IL,106.0,0,0.0,1
2026-04-15 18:17:27,"0209 - Oakdale, WI",Diesel,Oakdale,WI,285.0,0,0.0,3
2026-04-15 18:17:27,"0209 - Oakdale, WI",Unlead,Oakdale,WI,14.0,0,0.0,1
2026-04-15 18:17:27,"0210 - Rochelle, IL",Diesel,Rochelle,IL,132.0,0,0.0,3
2026-04-15 18:17:27,"0210 - Rochelle, IL",Unlead,Rochelle,IL,66.0,0,0.0,1
2026-04-15 18:17:27,"0211 - Loves Park, IL",Diesel,Loves Park,IL,43.0,0,0.0,1
2026-04-15 18:17:27,"0211 - Loves Park, IL",Unlead,Loves Park,IL,6.0,0,0.0,1
2026-04-15 18:17:27,"0225 - Princeton, IL",Diesel,Princeton,IL,0.0,0,0.0,4
2026-04-15 18:17:27,"0225 - Princeton, IL",Unlead,Princeton,IL,18.0,0,0.0,2
2026-04-15 18:17:27,"0226 - Greenwood, IN",Diesel,Greenwood,IN,135.0,0,0.0,2
2026-04-15 18:17:27,"0226 - Greenwood, IN",Unlead,Greenwood,IN,2.0,0,0.0,2
2026-04-15 18:17:27,"0235 - Hampshire, IL",Diesel,Hampshire,IL,0.0,0,0.0,2
2026-04-15 18:17:27,"0235 - Hampshire, IL",Unlead,Hampshire,IL,35.0,0,0.0,2
2026-04-15 18:17:27,"0236 - East Troy, WI",Diesel,East Troy,WI,0.0,0,0.0,2
2026-04-15 18:17:27,"0236 - East Troy, WI",Unlead,East Troy,WI,0.0,0,0.0,1
2026-04-15 18:17:27,"0240 - Lake Station, IN",Diesel,Lake Station,IN,99.0,0,0.0,5
2026-04-15 18:17:27,"0240 - Lake Station, IN",Unlead,Lake Station,IN,14.0,0,0.0,2
2026-04-15 18:17:27,"0242 - St Robert, MO",Diesel,St Robert,MO,26.528000000000247,0,0.0,4
2026-04-15 18:17:27,"0263 - Ottawa, IL",Diesel,Ottawa,IL,0.0,0,0.0,3
2026-04-15 18:17:27,"0263 - Ottawa, IL",Unlead,Ottawa,IL,90.0,0,0.0,1
2026-04-15 18:17:27,"0265 - Dixon, IL",Diesel,Dixon,IL,14.691999999999098,0,0.0,3
2026-04-15 18:17:27,"0265 - Dixon, IL",Unlead,Dixon,IL,0.0,0,0.0,1
2026-04-15 18:17:27,"0266 - New Berlin, IL",Diesel,New Berlin,IL,139.0,0,0.0,3
2026-04-15 18:17:27,"0266 - New Berlin, IL",Unlead,New Berlin,IL,16.537100000000464,0,0.0,1
2026-04-15 18:17:27,"0267 - Pharr, TX",Diesel,Pharr,TX,930.0,0,0.0,4
2026-04-15 18:17:27,"0267 - Pharr, TX",Unlead,Pharr,TX,0.0,0,0.0,1
2026-04-15 18:17:27,"0268 - Grayville, IL",Diesel,Grayville,IL,19.0,0,0.0,3
2026-04-15 18:17:27,"0268 - Grayville, IL",Unlead,Grayville,IL,13.0,0,0.0,1
2026-04-15 18:17:27,"0269 - Marshall, IL",Diesel,Marshall,IL,18.0,0,0.0,3
2026-04-15 18:17:27,"0269 - Marshall, IL",Unlead,Marshall,IL,23.0,0,0.0,1
2026-04-15 18:17:27,"0270 - Moore, TX",Diesel,Moore,TX,370.0,0,0.0,3
2026-04-15 18:17:27,"0270 - Moore, TX",Unlead,Moore,TX,22.0,0,0.0,1
2026-04-15 18:17:27,"0271 - Odessa, TX",Diesel,Odessa,TX,515.9610000000011,0,0.0,3
2026-04-15 18:17:27,"0271 - Odessa, TX",Unlead,Odessa,TX,135.4900000000016,0,0.0,1
2026-04-15 18:17:27,"0272 - Encinal, TX",Diesel,Encinal,TX,118.91500000000087,0,0.0,3
2026-04-15 18:17:27,"0272 - Encinal, TX",Unlead,Encinal,TX,70.64199999999983,0,0.0,1
2026-04-15 18:17:27,"0273 - Combes, TX",Diesel,Combes,TX,101.13999999999942,0,0.0,3
2026-04-15 18:17:27,"0273 - Combes, TX",Unlead,Combes,TX,88.29899999999907,0,0.0,1
2026-04-15 18:17:27,"0275 - Sonora, TX",Diesel,Sonora,TX,489.97699999999895,0,0.0,3
2026-04-15 18:17:27,"0275 - Sonora, TX",Unlead,Sonora,TX,58.96779999999944,0,0.0,1
2026-04-15 18:17:27,"0276 - Waco, TX",Diesel,Waco,TX,192.35370000000148,0,0.0,3
2026-04-15 18:17:27,"0276 - Waco, TX",Unlead,Waco,TX,0.0,1,4386.905999999999,1
2026-04-15 18:17:27,"0277 - New Boston, TX",Diesel,New Boston,TX,167.0799999999981,0,0.0,3
2026-04-15 18:17:27,"0277 - New Boston, TX",Unlead,New Boston,TX,17.024999999999636,0,0.0,1
2026-04-15 18:17:27,"0278 - Brinkley, AR",Diesel,Brinkley,AR,217.8189999999995,0,0.0,3
2026-04-15 18:17:27,"0278 - Brinkley, AR",Unlead,Brinkley,AR,51.050999999999476,0,0.0,1
2026-04-15 18:17:27,"0279 - Marion, IL",Diesel,Marion,IL,79.36799999999857,0,0.0,3
2026-04-15 18:17:27,"0279 - Marion, IL",Unlead,Marion,IL,44.82999999999993,0,0.0,1
2026-04-15 18:17:27,"0280 - Monahans, TX",Diesel,Monahans,TX,0.0,0,0.0,3
2026-04-15 18:17:27,"0280 - Monahans, TX",Unlead,Monahans,TX,0.0,0,0.0,1
2026-04-15 18:17:27,"0281 - Cisco, TX",Diesel,Cisco,TX,259.4300000000003,0,0.0,3
2026-04-15 18:17:27,"0281 - Cisco, TX",Unlead,Cisco,TX,62.54099999999926,0,0.0,1
2026-04-15 18:17:27,"0282 - Gainesville, TX",Diesel,Gainesville,TX,0.0,0,0.0,3
2026-04-15 18:17:27,"0282 - Gainesville, TX",Unlead,Gainesville,TX,7.981000000001586,0,0.0,1
2026-04-15 18:17:27,"0283 - Sealy, TX",Diesel,Sealy,TX,78.97600000000057,0,0.0,3
2026-04-15 18:17:27,"0283 - Sealy, TX",Unlead,Sealy,TX,6.320000000001528,0,0.0,1
2026-04-15 18:17:27,"0284 - New Deal, TX",Diesel,New Deal,TX,209.71100000000115,0,0.0,3
2026-04-15 18:17:27,"0284 - New Deal, TX",Unlead,New Deal,TX,31.549999999999272,0,0.0,1
2026-04-15 18:17:27,"0285 - Seguin, TX",Diesel,Seguin,TX,576.0693999999985,0,0.0,3
2026-04-15 18:17:27,"0285 - Seguin, TX",Unlead,Seguin,TX,18.290999999999258,0,0.0,1
2026-04-15 18:17:27,"0286 - Amarillo, TX",Diesel,Amarillo,TX,41.89500000000044,0,0.0,3
2026-04-15 18:17:27,"0286 - Amarillo, TX",Unlead,Amarillo,TX,20.243000000000393,0,0.0,1
2026-04-15 18:17:27,"0287 - Burbonnais, IL",Diesel,Burbonnais,IL,119.41299999999865,0,0.0,3
2026-04-15 18:17:27,"0287 - Burbonnais, IL",Unlead,Burbonnais,IL,54.46799999999894,0,0.0,1
2026-04-15 18:17:27,"0289 - Teague, TX",Diesel,Teague,TX,87.1369999999988,0,0.0,3
2026-04-15 18:17:27,"0289 - Teague, TX",Unlead,Teague,TX,47.97650000000067,0,0.0,1
2026-04-15 18:17:27,"0290 - Joplin, MO",Diesel,Joplin,MO,0.0,0,0.0,3
2026-04-15 18:17:27,"0290 - Joplin, MO",Unlead,Joplin,MO,31.43199999999888,0,0.0,1
2026-04-15 18:17:27,"0312 - Vidor, TX",Diesel,Vidor,TX,109.41299999999683,0,0.0,3
2026-04-15 18:17:27,"0312 - Vidor, TX",Unlead,Vidor,TX,7.289999999999054,0,0.0,1
2026-04-15 18:17:27,"0315 - Laredo, TX",Diesel,Laredo,TX,20.926000000001295,0,0.0,3
2026-04-15 18:17:27,"0315 - Laredo, TX",Unlead,Laredo,TX,43.159999999999854,0,0.0,1
2026-04-15 18:17:27,"0319 - Milford, TX",Diesel,Milford,TX,0.0,0,0.0,3
2026-04-15 18:17:27,"0319 - Milford, TX",Unlead,Milford,TX,60.454499999999825,0,0.0,1
2026-04-15 18:17:27,"0323 - Canton, TX",Diesel,Canton,TX,141.23899999999958,0,0.0,3
2026-04-15 18:17:27,"0323 - Canton, TX",Unlead,Canton,TX,0.0,0,0.0,1
2026-04-15 18:32:28,"0118 - Springfield, IL",Diesel,Springfield,IL,0.0,0,0.0,3
2026-04-15 18:32:28,"0118 - Springfield, IL",Unlead,Springfield,IL,15.0,0,0.0,1
2026-04-15 18:32:28,"0132 - Champaign, IL",Diesel,Champaign,IL,0.0,0,0.0,3
2026-04-15 18:32:28,"0132 - Champaign, IL",Unlead,Champaign,IL,51.80699999999888,0,0.0,1
2026-04-15 18:32:28,"0136 - Cottage Grove, WI",Diesel,Cottage Grove,WI,160.06800000000112,0,0.0,2
2026-04-15 18:32:28,"0136 - Cottage Grove, WI",Unlead,Cottage Grove,WI,0.0,0,0.0,1
2026-04-15 18:32:28,"0139 - Tuscola, IL",Diesel,Tuscola,IL,236.0,0,0.0,1
2026-04-15 18:32:28,"0139 - Tuscola, IL",Unlead,Tuscola,IL,19.0,0,0.0,2
2026-04-15 18:32:28,"0140 - Mendota, IL",Diesel,Mendota,IL,0.0,0,0.0,2
2026-04-15 18:32:28,"0140 - Mendota, IL",Unlead,Mendota,IL,7.0,0,0.0,2
2026-04-15 18:32:28,"0141 - Brazil, IN",Diesel,Brazil,IN,0.0,0,0.0,4
2026-04-15 18:32:28,"0141 - Brazil, IN",Unlead,Brazil,IN,28.0,0,0.0,1
2026-04-15 18:32:28,"0144 - Elk Run Height, IA",Diesel,Elk Run Height,IA,199.0,0,0.0,4
2026-04-15 18:32:28,"0144 - Elk Run Height, IA",Unlead,Elk Run Height,IA,19.596400000000358,0,0.0,2
2026-04-15 18:32:28,"0145 - Fenton, MO",Diesel,Fenton,MO,142.0,0,0.0,2
2026-04-15 18:32:28,"0145 - Fenton, MO",Unlead,Fenton,MO,15.0,0,0.0,1
2026-04-15 18:32:28,"0157 - Okawville, IL",Diesel,Okawville,IL,79.0,0,0.0,3
2026-04-15 18:32:28,"0157 - Okawville, IL",Unlead,Okawville,IL,60.29900000000089,0,0.0,1
2026-04-15 18:32:28,"0181 - Springfield, IL",Diesel,Springfield,IL,29.179000000000997,0,0.0,3
2026-04-15 18:32:28,"0181 - Springfield, IL",Unlead,Springfield,IL,30.67200000000048,0,0.0,1
2026-04-15 18:32:28,"0185 - McLean, IL",Diesel,McLean,IL,109.8869999999988,0,0.0,4
2026-04-15 18:32:28,"0185 - McLean, IL",Unlead,McLean,IL,12.816600000000108,0,0.0,1
2026-04-15 18:32:28,"0186 - Minonk, IL",Diesel,Minonk,IL,52.150000000001455,0,0.0,3
2026-04-15 18:32:28,"0186 - Minonk, IL",Unlead,Minonk,IL,52.141999999999825,0,0.0,1
2026-04-15 18:32:28,"0187 - Chicago, IL",Diesel,Chicago,IL,0.0,0,0.0,3
2026-04-15 18:32:28,"0187 - Chicago, IL",Unlead,Chicago,IL,0.0,0,0.0,1
2026-04-15 18:32:28,"0203 - Rockford, IL",Diesel,Rockford,IL,23.310999999997875,0,0.0,1
2026-04-15 18:32:28,"0203 - Rockford, IL",Unlead,Rockford,IL,21.189000000000306,0,0.0,1
2026-04-15 18:32:28,"0205 - South Beloit, IL",Diesel,South Beloit,IL,0.0,0,0.0,3
2026-04-15 18:32:28,"0205 - South Beloit, IL",Unlead,South Beloit,IL,22.0,0,0.0,1
2026-04-15 18:32:28,"0206 - Winnebago, IL",Diesel,Winnebago,IL,0.0,0,0.0,1
2026-04-15 18:32:28,"0206 - Winnebago, IL",Unlead,Winnebago,IL,46.0,0,0.0,1
2026-04-15 18:32:28,"0209 - Oakdale, WI",Diesel,Oakdale,WI,293.0,0,0.0,3
2026-04-15 18:32:28,"0209 - Oakdale, WI",Unlead,Oakdale,WI,5.0,0,0.0,1
2026-04-15 18:32:28,"0210 - Rochelle, IL",Diesel,Rochelle,IL,190.0,0,0.0,3
2026-04-15 18:32:28,"0210 - Rochelle, IL",Unlead,Rochelle,IL,37.0,0,0.0,1
2026-04-15 18:32:28,"0211 - Loves Park, IL",Diesel,Loves Park,IL,0.0,0,0.0,1
2026-04-15 18:32:28,"0211 - Loves Park, IL",Unlead,Loves Park,IL,43.0,0,0.0,1
2026-04-15 18:32:28,"0225 - Princeton, IL",Diesel,Princeton,IL,0.0,0,0.0,4
2026-04-15 18:32:28,"0225 - Princeton, IL",Unlead,Princeton,IL,10.0,0,0.0,2
2026-04-15 18:32:28,"0226 - Greenwood, IN",Diesel,Greenwood,IN,47.0,0,0.0,2
2026-04-15 18:32:28,"0226 - Greenwood, IN",Unlead,Greenwood,IN,0.0,0,0.0,2
2026-04-15 18:32:28,"0235 - Hampshire, IL",Diesel,Hampshire,IL,0.0,0,0.0,2
2026-04-15 18:32:28,"0235 - Hampshire, IL",Unlead,Hampshire,IL,76.0,0,0.0,2
2026-04-15 18:32:28,"0236 - East Troy, WI",Diesel,East Troy,WI,0.0,0,0.0,2
2026-04-15 18:32:28,"0236 - East Troy, WI",Unlead,East Troy,WI,11.0,0,0.0,1
2026-04-15 18:32:28,"0240 - Lake Station, IN",Diesel,Lake Station,IN,435.0,0,0.0,5
2026-04-15 18:32:28,"0240 - Lake Station, IN",Unlead,Lake Station,IN,52.0,0,0.0,2
2026-04-15 18:32:28,"0242 - St Robert, MO",Diesel,St Robert,MO,0.0,0,0.0,4
2026-04-15 18:32:28,"0263 - Ottawa, IL",Diesel,Ottawa,IL,0.0,0,0.0,3
2026-04-15 18:32:28,"0263 - Ottawa, IL",Unlead,Ottawa,IL,28.0,0,0.0,1
2026-04-15 18:32:28,"0265 - Dixon, IL",Diesel,Dixon,IL,58.76800000000003,0,0.0,3
2026-04-15 18:32:28,"0265 - Dixon, IL",Unlead,Dixon,IL,8.884000000000015,0,0.0,1
2026-04-15 18:32:28,"0266 - New Berlin, IL",Diesel,New Berlin,IL,0.0,0,0.0,3
2026-04-15 18:32:28,"0266 - New Berlin, IL",Unlead,New Berlin,IL,28.83050000000003,0,0.0,1
2026-04-15 18:32:28,"0267 - Pharr, TX",Diesel,Pharr,TX,663.0,0,0.0,4
2026-04-15 18:32:28,"0267 - Pharr, TX",Unlead,Pharr,TX,16.0,0,0.0,1
2026-04-15 18:32:28,"0268 - Grayville, IL",Diesel,Grayville,IL,0.0,0,0.0,3
2026-04-15 18:32:28,"0268 - Grayville, IL",Unlead,Grayville,IL,26.0,0,0.0,1
2026-04-15 18:32:28,"0269 - Marshall, IL",Diesel,Marshall,IL,6.0,0,0.0,3
2026-04-15 18:32:28,"0269 - Marshall, IL",Unlead,Marshall,IL,14.0,0,0.0,1
2026-04-15 18:32:28,"0270 - Moore, TX",Diesel,Moore,TX,409.0,0,0.0,3
2026-04-15 18:32:28,"0270 - Moore, TX",Unlead,Moore,TX,38.0,0,0.0,1
2026-04-15 18:32:28,"0271 - Odessa, TX",Diesel,Odessa,TX,314.132999999998,0,0.0,3
2026-04-15 18:32:28,"0271 - Odessa, TX",Unlead,Odessa,TX,62.83799999999974,0,0.0,1
2026-04-15 18:32:28,"0272 - Encinal, TX",Diesel,Encinal,TX,55.71799999999894,0,0.0,3
2026-04-15 18:32:28,"0272 - Encinal, TX",Unlead,Encinal,TX,32.15099999999984,0,0.0,1
2026-04-15 18:32:28,"0273 - Combes, TX",Diesel,Combes,TX,0.0,0,0.0,3
2026-04-15 18:32:28,"0273 - Combes, TX",Unlead,Combes,TX,226.7420000000002,0,0.0,1
2026-04-15 18:32:28,"0275 - Sonora, TX",Diesel,Sonora,TX,84.67699999999968,0,0.0,3
2026-04-15 18:32:28,"0275 - Sonora, TX",Unlead,Sonora,TX,62.47260000000006,0,0.0,1
2026-04-15 18:32:28,"0276 - Waco, TX",Diesel,Waco,TX,165.0106999999989,0,0.0,3
2026-04-15 18:32:28,"0276 - Waco, TX",Unlead,Waco,TX,0.0,1,2565.773000000001,1
2026-04-15 18:32:28,"0277 - New Boston, TX",Diesel,New Boston,TX,0.0,0,0.0,3
2026-04-15 18:32:28,"0277 - New Boston, TX",Unlead,New Boston,TX,23.95800000000054,0,0.0,1
2026-04-15 18:32:28,"0278 - Brinkley, AR",Diesel,Brinkley,AR,293.01600000000144,0,0.0,3
2026-04-15 18:32:28,"0278 - Brinkley, AR",Unlead,Brinkley,AR,47.663000000000466,0,0.0,1
2026-04-15 18:32:28,"0279 - Marion, IL",Diesel,Marion,IL,0.0,0,0.0,3
2026-04-15 18:32:28,"0279 - Marion, IL",Unlead,Marion,IL,145.0679999999993,0,0.0,1
2026-04-15 18:32:28,"0280 - Monahans, TX",Diesel,Monahans,TX,0.0,0,0.0,3
2026-04-15 18:32:28,"0280 - Monahans, TX",Unlead,Monahans,TX,0.0,0,0.0,1
2026-04-15 18:32:28,"0281 - Cisco, TX",Diesel,Cisco,TX,123.35699999999815,0,0.0,3
2026-04-15 18:32:28,"0281 - Cisco, TX",Unlead,Cisco,TX,91.51500000000124,0,0.0,1
2026-04-15 18:32:28,"0282 - Gainesville, TX",Diesel,Gainesville,TX,80.93999999999687,0,0.0,3
2026-04-15 18:32:28,"0282 - Gainesville, TX",Unlead,Gainesville,TX,3.393000000000029,0,0.0,1
2026-04-15 18:32:28,"0283 - Sealy, TX",Diesel,Sealy,TX,0.0,0,0.0,3
2026-04-15 18:32:28,"0283 - Sealy, TX",Unlead,Sealy,TX,0.0,0,0.0,1
2026-04-15 18:32:28,"0284 - New Deal, TX",Diesel,New Deal,TX,169.07999999999993,0,0.0,3
2026-04-15 18:32:28,"0284 - New Deal, TX",Unlead,New Deal,TX,18.155000000000655,0,0.0,1
2026-04-15 18:32:28,"0285 - Seguin, TX",Diesel,Seguin,TX,172.08760000000075,0,0.0,3
2026-04-15 18:32:28,"0285 - Seguin, TX",Unlead,Seguin,TX,37.20399999999972,0,0.0,1
2026-04-15 18:32:28,"0286 - Amarillo, TX",Diesel,Amarillo,TX,0.0,0,0.0,3
2026-04-15 18:32:28,"0286 - Amarillo, TX",Unlead,Amarillo,TX,50.98199999999997,0,0.0,1
2026-04-15 18:32:28,"0287 - Burbonnais, IL",Diesel,Burbonnais,IL,0.0,0,0.0,3
2026-04-15 18:32:28,"0287 - Burbonnais, IL",Unlead,Burbonnais,IL,64.18700000000172,0,0.0,1
2026-04-15 18:32:28,"0289 - Teague, TX",Diesel,Teague,TX,186.52800000000025,0,0.0,3
2026-04-15 18:32:28,"0289 - Teague, TX",Unlead,Teague,TX,28.28650000000016,0,0.0,1
2026-04-15 18:32:28,"0290 - Joplin, MO",Diesel,Joplin,MO,0.0,0,0.0,3
2026-04-15 18:32:28,"0290 - Joplin, MO",Unlead,Joplin,MO,52.79000000000087,0,0.0,1
2026-04-15 18:32:28,"0312 - Vidor, TX",Diesel,Vidor,TX,11.415000000000873,0,0.0,3
2026-04-15 18:32:28,"0312 - Vidor, TX",Unlead,Vidor,TX,62.202000000001135,0,0.0,1
2026-04-15 18:32:28,"0315 - Laredo, TX",Diesel,Laredo,TX,0.0,0,0.0,3
2026-04-15 18:32:28,"0315 - Laredo, TX",Unlead,Laredo,TX,38.793400000000474,0,0.0,1
2026-04-15 18:32:28,"0319 - Milford, TX",Diesel,Milford,TX,144.2619999999988,0,0.0,3
2026-04-15 18:32:28,"0319 - Milford, TX",Unlead,Milford,TX,17.895000000000437,0,0.0,1
2026-04-15 18:32:28,"0323 - Canton, TX",Diesel,Canton,TX,85.88600000000042,0,0.0,3
2026-04-15 18:32:28,"0323 - Canton, TX",Unlead,Canton,TX,42.89149999999972,0,0.0,1
2026-04-15 18:47:32,"0118 - Springfield, IL",Diesel,Springfield,IL,0.0,0,0.0,3
2026-04-15 18:47:32,"0118 - Springfield, IL",Unlead,Springfield,IL,0.0,0,0.0,1
2026-04-15 18:47:32,"0132 - Champaign, IL",Diesel,Champaign,IL,0.0,0,0.0,3
2026-04-15 18:47:32,"0132 - Champaign, IL",Unlead,Champaign,IL,46.048000000000684,0,0.0,1
2026-04-15 18:47:32,"0136 - Cottage Grove, WI",Diesel,Cottage Grove,WI,211.39499999999953,0,0.0,2
2026-04-15 18:47:32,"0136 - Cottage Grove, WI",Unlead,Cottage Grove,WI,0.0,0,0.0,1
2026-04-15 18:47:32,"0139 - Tuscola, IL",Diesel,Tuscola,IL,73.0,0,0.0,1
2026-04-15 18:47:32,"0139 - Tuscola, IL",Unlead,Tuscola,IL,0.0,0,0.0,2
2026-04-15 18:47:32,"0140 - Mendota, IL",Diesel,Mendota,IL,0.0,0,0.0,2
2026-04-15 18:47:32,"0140 - Mendota, IL",Unlead,Mendota,IL,8.0,0,0.0,2
2026-04-15 18:47:32,"0141 - Brazil, IN",Diesel,Brazil,IN,42.50529999999981,0,0.0,4
2026-04-15 18:47:32,"0141 - Brazil, IN",Unlead,Brazil,IN,15.0,0,0.0,1
2026-04-15 18:47:32,"0144 - Elk Run Height, IA",Diesel,Elk Run Height,IA,45.0,0,0.0,4
2026-04-15 18:47:32,"0144 - Elk Run Height, IA",Unlead,Elk Run Height,IA,40.42500000000018,0,0.0,2
2026-04-15 18:47:32,"0145 - Fenton, MO",Diesel,Fenton,MO,104.0,0,0.0,2
2026-04-15 18:47:32,"0145 - Fenton, MO",Unlead,Fenton,MO,7.0,0,0.0,1
2026-04-15 18:47:32,"0157 - Okawville, IL",Diesel,Okawville,IL,143.0,0,0.0,3
2026-04-15 18:47:32,"0157 - Okawville, IL",Unlead,Okawville,IL,7.808000000000902,0,0.0,1
2026-04-15 18:47:32,"0181 - Springfield, IL",Diesel,Springfield,IL,0.0,0,0.0,3
2026-04-15 18:47:32,"0181 - Springfield, IL",Unlead,Springfield,IL,56.347999999999956,0,0.0,1
2026-04-15 18:47:32,"0185 - McLean, IL",Diesel,McLean,IL,29.093000000000757,0,0.0,4
2026-04-15 18:47:32,"0185 - McLean, IL",Unlead,McLean,IL,63.19499999999971,0,0.0,1
2026-04-15 18:47:32,"0186 - Minonk, IL",Diesel,Minonk,IL,23.677999999998065,0,0.0,3
2026-04-15 18:47:32,"0186 - Minonk, IL",Unlead,Minonk,IL,17.49250000000029,0,0.0,1
2026-04-15 18:47:32,"0187 - Chicago, IL",Diesel,Chicago,IL,74.0,0,0.0,3
2026-04-15 18:47:32,"0187 - Chicago, IL",Unlead,Chicago,IL,10.79950000000008,0,0.0,1
2026-04-15 18:47:32,"0203 - Rockford, IL",Diesel,Rockford,IL,20.02100000000064,0,0.0,1
2026-04-15 18:47:32,"0203 - Rockford, IL",Unlead,Rockford,IL,65.13700000000063,0,0.0,1
2026-04-15 18:47:32,"0205 - South Beloit, IL",Diesel,South Beloit,IL,0.0,0,0.0,3
2026-04-15 18:47:32,"0205 - South Beloit, IL",Unlead,South Beloit,IL,44.0,0,0.0,1
2026-04-15 18:47:32,"0206 - Winnebago, IL",Diesel,Winnebago,IL,0.0,1,3400.0,1
2026-04-15 18:47:32,"0206 - Winnebago, IL",Unlead,Winnebago,IL,37.0,0,0.0,1
2026-04-15 18:47:32,"0209 - Oakdale, WI",Diesel,Oakdale,WI,268.0,0,0.0,3
2026-04-15 18:47:32,"0209 - Oakdale, WI",Unlead,Oakdale,WI,12.0,0,0.0,1
2026-04-15 18:47:32,"0210 - Rochelle, IL",Diesel,Rochelle,IL,0.0,0,0.0,3
2026-04-15 18:47:32,"0210 - Rochelle, IL",Unlead,Rochelle,IL,0.0,1,5834.0,1
2026-04-15 18:47:32,"0211 - Loves Park, IL",Diesel,Loves Park,IL,0.0,0,0.0,1
2026-04-15 18:47:32,"0211 - Loves Park, IL",Unlead,Loves Park,IL,0.0,0,0.0,1
2026-04-15 18:47:32,"0225 - Princeton, IL",Diesel,Princeton,IL,149.0,0,0.0,4
2026-04-15 18:47:32,"0225 - Princeton, IL",Unlead,Princeton,IL,8.0,0,0.0,2
2026-04-15 18:47:32,"0226 - Greenwood, IN",Diesel,Greenwood,IN,0.0,0,0.0,2
2026-04-15 18:47:32,"0226 - Greenwood, IN",Unlead,Greenwood,IN,0.0,0,0.0,2
2026-04-15 18:47:32,"0235 - Hampshire, IL",Diesel,Hampshire,IL,88.0,0,0.0,2
2026-04-15 18:47:32,"0235 - Hampshire, IL",Unlead,Hampshire,IL,62.0,0,0.0,2
2026-04-15 18:47:32,"0236 - East Troy, WI",Diesel,East Troy,WI,0.0,0,0.0,2
2026-04-15 18:47:32,"0236 - East Troy, WI",Unlead,East Troy,WI,0.0,0,0.0,1
2026-04-15 18:47:32,"0240 - Lake Station, IN",Diesel,Lake Station,IN,41.0,0,0.0,5
2026-04-15 18:47:32,"0240 - Lake Station, IN",Unlead,Lake Station,IN,20.0,0,0.0,2
2026-04-15 18:47:32,"0242 - St Robert, MO",Diesel,St Robert,MO,0.0,0,0.0,4
2026-04-15 18:47:32,"0263 - Ottawa, IL",Diesel,Ottawa,IL,180.0,0,0.0,3
2026-04-15 18:47:32,"0263 - Ottawa, IL",Unlead,Ottawa,IL,110.0,0,0.0,1
2026-04-15 18:47:32,"0265 - Dixon, IL",Diesel,Dixon,IL,0.0,0,0.0,3
2026-04-15 18:47:32,"0265 - Dixon, IL",Unlead,Dixon,IL,0.0,0,0.0,1
2026-04-15 18:47:32,"0266 - New Berlin, IL",Diesel,New Berlin,IL,0.0,0,0.0,3
2026-04-15 18:47:32,"0266 - New Berlin, IL",Unlead,New Berlin,IL,78.91169999999966,0,0.0,1
2026-04-15 18:47:32,"0267 - Pharr, TX",Diesel,Pharr,TX,758.0,0,0.0,4
2026-04-15 18:47:32,"0267 - Pharr, TX",Unlead,Pharr,TX,10.0,0,0.0,1
2026-04-15 18:47:32,"0268 - Grayville, IL",Diesel,Grayville,IL,129.0,0,0.0,3
2026-04-15 18:47:32,"0268 - Grayville, IL",Unlead,Grayville,IL,55.0,0,0.0,1
2026-04-15 18:47:32,"0269 - Marshall, IL",Diesel,Marshall,IL,97.0,0,0.0,3
2026-04-15 18:47:32,"0269 - Marshall, IL",Unlead,Marshall,IL,16.0,0,0.0,1
2026-04-15 18:47:32,"0270 - Moore, TX",Diesel,Moore,TX,148.0,0,0.0,3
2026-04-15 18:47:32,"0270 - Moore, TX",Unlead,Moore,TX,82.0,0,0.0,1
2026-04-15 18:47:32,"0271 - Odessa, TX",Diesel,Odessa,TX,457.85000000000036,0,0.0,3
2026-04-15 18:47:32,"0271 - Odessa, TX",Unlead,Odessa,TX,63.66599999999926,0,0.0,1
2026-04-15 18:47:32,"0272 - Encinal, TX",Diesel,Encinal,TX,244.84100000000035,0,0.0,3
2026-04-15 18:47:32,"0272 - Encinal, TX",Unlead,Encinal,TX,31.208999999998923,0,0.0,1
2026-04-15 18:47:32,"0273 - Combes, TX",Diesel,Combes,TX,66.27700000000186,0,0.0,3
2026-04-15 18:47:32,"0273 - Combes, TX",Unlead,Combes,TX,83.43500000000131,0,0.0,1
2026-04-15 18:47:32,"0275 - Sonora, TX",Diesel,Sonora,TX,120.51400000000103,0,0.0,3
2026-04-15 18:47:32,"0275 - Sonora, TX",Unlead,Sonora,TX,38.51760000000013,0,0.0,1
2026-04-15 18:47:32,"0276 - Waco, TX",Diesel,Waco,TX,610.6353000000017,0,0.0,3
2026-04-15 18:47:32,"0276 - Waco, TX",Unlead,Waco,TX,27.247999999999593,0,0.0,1
2026-04-15 18:47:32,"0277 - New Boston, TX",Diesel,New Boston,TX,119.36200000000099,0,0.0,3
2026-04-15 18:47:32,"0277 - New Boston, TX",Unlead,New Boston,TX,16.002999999998792,0,0.0,1
2026-04-15 18:47:32,"0278 - Brinkley, AR",Diesel,Brinkley,AR,429.33699999999953,0,0.0,3
2026-04-15 18:47:32,"0278 - Brinkley, AR",Unlead,Brinkley,AR,72.54299999999967,0,0.0,1
2026-04-15 18:47:32,"0279 - Marion, IL",Diesel,Marion,IL,52.16450000000077,0,0.0,3
2026-04-15 18:47:32,"0279 - Marion, IL",Unlead,Marion,IL,54.36399999999958,0,0.0,1
2026-04-15 18:47:32,"0280 - Monahans, TX",Diesel,Monahans,TX,0.0,0,0.0,3
2026-04-15 18:47:32,"0280 - Monahans, TX",Unlead,Monahans,TX,0.0,0,0.0,1
2026-04-15 18:47:32,"0281 - Cisco, TX",Diesel,Cisco,TX,0.0,0,0.0,3
2026-04-15 18:47:32,"0281 - Cisco, TX",Unlead,Cisco,TX,42.99499999999898,0,0.0,1
2026-04-15 18:47:32,"0282 - Gainesville, TX",Diesel,Gainesville,TX,31.507000000001426,0,0.0,3
2026-04-15 18:47:32,"0282 - Gainesville, TX",Unlead,Gainesville,TX,20.32499999999891,0,0.0,1
2026-04-15 18:47:32,"0283 - Sealy, TX",Diesel,Sealy,TX,31.239999999997963,0,0.0,3
2026-04-15 18:47:32,"0283 - Sealy, TX",Unlead,Sealy,TX,16.59900000000016,0,0.0,1
2026-04-15 18:47:32,"0284 - New Deal, TX",Diesel,New Deal,TX,0.0,0,0.0,3
2026-04-15 18:47:32,"0284 - New Deal, TX",Unlead,New Deal,TX,59.04900000000089,0,0.0,1
2026-04-15 18:47:32,"0285 - Seguin, TX",Diesel,Seguin,TX,293.90329999999994,0,0.0,3
2026-04-15 18:47:32,"0285 - Seguin, TX",Unlead,Seguin,TX,36.82500000000073,0,0.0,1
2026-04-15 18:47:32,"0286 - Amarillo, TX",Diesel,Amarillo,TX,292.02200000000084,0,0.0,3
2026-04-15 18:47:32,"0286 - Amarillo, TX",Unlead,Amarillo,TX,24.990999999999985,0,0.0,1
2026-04-15 18:47:32,"0287 - Burbonnais, IL",Diesel,Burbonnais,IL,11.40899999999965,0,0.0,3
2026-04-15 18:47:32,"0287 - Burbonnais, IL",Unlead,Burbonnais,IL,32.65899999999965,0,0.0,1
2026-04-15 18:47:32,"0289 - Teague, TX",Diesel,Teague,TX,190.1790000000001,0,0.0,3
2026-04-15 18:47:32,"0289 - Teague, TX",Unlead,Teague,TX,52.315999999998894,0,0.0,1
2026-04-15 18:47:32,"0290 - Joplin, MO",Diesel,Joplin,MO,41.504000000000815,0,0.0,3
2026-04-15 18:47:32,"0290 - Joplin, MO",Unlead,Joplin,MO,75.40699999999924,0,0.0,1
2026-04-15 18:47:32,"0312 - Vidor, TX",Diesel,Vidor,TX,91.29399999999805,0,0.0,3
2026-04-15 18:47:32,"0312 - Vidor, TX",Unlead,Vidor,TX,17.40099999999984,0,0.0,1
2026-04-15 18:47:32,"0315 - Laredo, TX",Diesel,Laredo,TX,96.9340000000011,0,0.0,3
2026-04-15 18:47:32,"0315 - Laredo, TX",Unlead,Laredo,TX,10.722199999999248,0,0.0,1
2026-04-15 18:47:32,"0319 - Milford, TX",Diesel,Milford,TX,56.18399999999929,0,0.0,3
2026-04-15 18:47:32,"0319 - Milford, TX",Unlead,Milford,TX,101.77700000000004,0,0.0,1
2026-04-15 18:47:32,"0323 - Canton, TX",Diesel,Canton,TX,100.54000000000087,0,0.0,3
2026-04-15 18:47:32,"0323 - Canton, TX",Unlead,Canton,TX,37.590000000000146,0,0.0,1
2026-04-15 19:02:33,"0118 - Springfield, IL",Diesel,Springfield,IL,19.0,0,0.0,3
2026-04-15 19:02:33,"0118 - Springfield, IL",Unlead,Springfield,IL,16.0,0,0.0,1
2026-04-15 19:02:33,"0132 - Champaign, IL",Diesel,Champaign,IL,28.972999999999956,0,0.0,3
2026-04-15 19:02:33,"0132 - Champaign, IL",Unlead,Champaign,IL,51.4330000000009,0,0.0,1
2026-04-15 19:02:33,"0136 - Cottage Grove, WI",Diesel,Cottage Grove,WI,68.60300000000007,0,0.0,2
2026-04-15 19:02:33,"0136 - Cottage Grove, WI",Unlead,Cottage Grove,WI,0.0,0,0.0,1
2026-04-15 19:02:33,"0139 - Tuscola, IL",Diesel,Tuscola,IL,273.0,0,0.0,1
2026-04-15 19:02:33,"0139 - Tuscola, IL",Unlead,Tuscola,IL,32.0,0,0.0,2
2026-04-15 19:02:33,"0140 - Mendota, IL",Diesel,Mendota,IL,0.0,0,0.0,2
2026-04-15 19:02:33,"0140 - Mendota, IL",Unlead,Mendota,IL,13.0,0,0.0,2
2026-04-15 19:02:33,"0141 - Brazil, IN",Diesel,Brazil,IN,27.249300000000403,0,0.0,4
2026-04-15 19:02:33,"0141 - Brazil, IN",Unlead,Brazil,IN,14.0,0,0.0,1
2026-04-15 19:02:33,"0144 - Elk Run Height, IA",Diesel,Elk Run Height,IA,57.0,0,0.0,4
2026-04-15 19:02:33,"0144 - Elk Run Height, IA",Unlead,Elk Run Height,IA,0.0,0,0.0,2
2026-04-15 19:02:33,"0145 - Fenton, MO",Diesel,Fenton,MO,31.0,0,0.0,2
2026-04-15 19:02:33,"0145 - Fenton, MO",Unlead,Fenton,MO,22.0,0,0.0,1
2026-04-15 19:02:33,"0157 - Okawville, IL",Diesel,Okawville,IL,0.0,0,0.0,3
2026-04-15 19:02:33,"0157 - Okawville, IL",Unlead,Okawville,IL,23.273999999999432,0,0.0,1
2026-04-15 19:02:33,"0181 - Springfield, IL",Diesel,Springfield,IL,0.0,0,0.0,3
2026-04-15 19:02:33,"0181 - Springfield, IL",Unlead,Springfield,IL,27.774999999999636,0,0.0,1
2026-04-15 19:02:33,"0185 - McLean, IL",Diesel,McLean,IL,0.0,0,0.0,4
2026-04-15 19:02:33,"0185 - McLean, IL",Unlead,McLean,IL,15.090999999999894,0,0.0,1
2026-04-15 19:02:33,"0186 - Minonk, IL",Diesel,Minonk,IL,149.9389999999985,0,0.0,3
2026-04-15 19:02:33,"0186 - Minonk, IL",Unlead,Minonk,IL,30.259500000000116,0,0.0,1
2026-04-15 19:02:33,"0187 - Chicago, IL",Diesel,Chicago,IL,61.0,0,0.0,3
2026-04-15 19:02:33,"0187 - Chicago, IL",Unlead,Chicago,IL,12.03650000000016,0,0.0,1
2026-04-15 19:02:33,"0203 - Rockford, IL",Diesel,Rockford,IL,0.0,0,0.0,1
2026-04-15 19:02:33,"0203 - Rockford, IL",Unlead,Rockford,IL,21.83599999999933,0,0.0,1
2026-04-15 19:02:33,"0205 - South Beloit, IL",Diesel,South Beloit,IL,62.0,0,0.0,3
2026-04-15 19:02:33,"0205 - South Beloit, IL",Unlead,South Beloit,IL,30.0,0,0.0,1
2026-04-15 19:02:33,"0206 - Winnebago, IL",Diesel,Winnebago,IL,0.0,1,4351.0,1
2026-04-15 19:02:33,"0206 - Winnebago, IL",Unlead,Winnebago,IL,13.0,0,0.0,1
2026-04-15 19:02:33,"0209 - Oakdale, WI",Diesel,Oakdale,WI,97.0,0,0.0,3
2026-04-15 19:02:33,"0209 - Oakdale, WI",Unlead,Oakdale,WI,0.0,0,0.0,1
2026-04-15 19:02:33,"0210 - Rochelle, IL",Diesel,Rochelle,IL,0.0,0,0.0,3
2026-04-15 19:02:33,"0210 - Rochelle, IL",Unlead,Rochelle,IL,0.0,1,831.0,1
2026-04-15 19:02:33,"0211 - Loves Park, IL",Diesel,Loves Park,IL,0.0,0,0.0,1
2026-04-15 19:02:33,"0211 - Loves Park, IL",Unlead,Loves Park,IL,16.0,0,0.0,1
2026-04-15 19:02:33,"0225 - Princeton, IL",Diesel,Princeton,IL,105.0,0,0.0,4
2026-04-15 19:02:33,"0225 - Princeton, IL",Unlead,Princeton,IL,31.0,0,0.0,2
2026-04-15 19:02:33,"0226 - Greenwood, IN",Diesel,Greenwood,IN,105.0,0,0.0,2
2026-04-15 19:02:33,"0226 - Greenwood, IN",Unlead,Greenwood,IN,0.0,0,0.0,2
2026-04-15 19:02:33,"0235 - Hampshire, IL",Diesel,Hampshire,IL,0.0,0,0.0,2
2026-04-15 19:02:33,"0235 - Hampshire, IL",Unlead,Hampshire,IL,31.0,0,0.0,2
2026-04-15 19:02:33,"0236 - East Troy, WI",Diesel,East Troy,WI,28.0,0,0.0,2
2026-04-15 19:02:33,"0236 - East Troy, WI",Unlead,East Troy,WI,0.0,0,0.0,1
2026-04-15 19:02:33,"0240 - Lake Station, IN",Diesel,Lake Station,IN,0.0,0,0.0,5
2026-04-15 19:02:33,"0240 - Lake Station, IN",Unlead,Lake Station,IN,6.0,0,0.0,2
2026-04-15 19:02:33,"0242 - St Robert, MO",Diesel,St Robert,MO,0.0,0,0.0,4
2026-04-15 19:02:33,"0263 - Ottawa, IL",Diesel,Ottawa,IL,174.0,0,0.0,3
2026-04-15 19:02:33,"0263 - Ottawa, IL",Unlead,Ottawa,IL,47.0,0,0.0,1
2026-04-15 19:02:33,"0265 - Dixon, IL",Diesel,Dixon,IL,0.0,0,0.0,3
2026-04-15 19:02:33,"0265 - Dixon, IL",Unlead,Dixon,IL,0.0,0,0.0,1
2026-04-15 19:02:33,"0266 - New Berlin, IL",Diesel,New Berlin,IL,0.0,0,0.0,3
2026-04-15 19:02:33,"0266 - New Berlin, IL",Unlead,New Berlin,IL,5.401300000000447,0,0.0,1
2026-04-15 19:02:33,"0267 - Pharr, TX",Diesel,Pharr,TX,578.0,0,0.0,4
2026-04-15 19:02:33,"0267 - Pharr, TX",Unlead,Pharr,TX,19.0,0,0.0,1
2026-04-15 19:02:33,"0268 - Grayville, IL",Diesel,Grayville,IL,129.0,0,0.0,3
2026-04-15 19:02:33,"0268 - Grayville, IL",Unlead,Grayville,IL,31.0,0,0.0,1
2026-04-15 19:02:33,"0269 - Marshall, IL",Diesel,Marshall,IL,92.0,0,0.0,3
2026-04-15 19:02:33,"0269 - Marshall, IL",Unlead,Marshall,IL,8.0,0,0.0,1
2026-04-15 19:02:33,"0270 - Moore, TX",Diesel,Moore,TX,173.0,0,0.0,3
2026-04-15 19:02:33,"0270 - Moore, TX",Unlead,Moore,TX,28.0,0,0.0,1
2026-04-15 19:02:33,"0271 - Odessa, TX",Diesel,Odessa,TX,328.9500000000007,0,0.0,3
2026-04-15 19:02:33,"0271 - Odessa, TX",Unlead,Odessa,TX,46.35699999999997,0,0.0,1
2026-04-15 19:02:33,"0272 - Encinal, TX",Diesel,Encinal,TX,67.7450000000008,1,3486.499,3
2026-04-15 19:02:33,"0272 - Encinal, TX",Unlead,Encinal,TX,7.941000000000713,0,0.0,1
2026-04-15 19:02:33,"0273 - Combes, TX",Diesel,Combes,TX,120.39299999999821,0,0.0,3
2026-04-15 19:02:33,"0273 - Combes, TX",Unlead,Combes,TX,99.98199999999997,0,0.0,1
2026-04-15 19:02:33,"0275 - Sonora, TX",Diesel,Sonora,TX,78.96700000000055,0,0.0,3
2026-04-15 19:02:33,"0275 - Sonora, TX",Unlead,Sonora,TX,39.05439999999999,0,0.0,1
2026-04-15 19:02:33,"0276 - Waco, TX",Diesel,Waco,TX,263.54329999999845,0,0.0,3
2026-04-15 19:02:33,"0276 - Waco, TX",Unlead,Waco,TX,42.45300000000134,0,0.0,1
2026-04-15 19:02:33,"0277 - New Boston, TX",Diesel,New Boston,TX,202.17799999999988,0,0.0,3
2026-04-15 19:02:33,"0277 - New Boston, TX",Unlead,New Boston,TX,23.506000000001222,0,0.0,1
2026-04-15 19:02:33,"0278 - Brinkley, AR",Diesel,Brinkley,AR,295.92399999999725,0,0.0,3
2026-04-15 19:02:33,"0278 - Brinkley, AR",Unlead,Brinkley,AR,21.42200000000048,0,0.0,1
2026-04-15 19:02:33,"0279 - Marion, IL",Diesel,Marion,IL,60.68449999999939,0,0.0,3
2026-04-15 19:02:33,"0279 - Marion, IL",Unlead,Marion,IL,32.210000000000946,0,0.0,1
2026-04-15 19:02:33,"0280 - Monahans, TX",Diesel,Monahans,TX,0.0,0,0.0,3
2026-04-15 19:02:33,"0280 - Monahans, TX",Unlead,Monahans,TX,0.0,0,0.0,1
2026-04-15 19:02:33,"0281 - Cisco, TX",Diesel,Cisco,TX,557.1945000000032,0,0.0,3
2026-04-15 19:02:33,"0281 - Cisco, TX",Unlead,Cisco,TX,71.59000000000015,0,0.0,1
2026-04-15 19:02:33,"0282 - Gainesville, TX",Diesel,Gainesville,TX,209.52300000000105,0,0.0,3
2026-04-15 19:02:33,"0282 - Gainesville, TX",Unlead,Gainesville,TX,0.0,0,0.0,1
2026-04-15 19:02:33,"0283 - Sealy, TX",Diesel,Sealy,TX,142.26700000000164,0,0.0,3
2026-04-15 19:02:33,"0283 - Sealy, TX",Unlead,Sealy,TX,7.47400000000016,0,0.0,1
2026-04-15 19:02:33,"0284 - New Deal, TX",Diesel,New Deal,TX,0.0,0,0.0,3
2026-04-15 19:02:33,"0284 - New Deal, TX",Unlead,New Deal,TX,54.573999999998705,0,0.0,1
2026-04-15 19:02:33,"0285 - Seguin, TX",Diesel,Seguin,TX,229.52309999999943,0,0.0,3
2026-04-15 19:02:33,"0285 - Seguin, TX",Unlead,Seguin,TX,21.001000000000204,0,0.0,1
2026-04-15 19:02:33,"0286 - Amarillo, TX",Diesel,Amarillo,TX,0.0,0,0.0,3
2026-04-15 19:02:33,"0286 - Amarillo, TX",Unlead,Amarillo,TX,17.88299999999981,0,0.0,1
2026-04-15 19:02:33,"0287 - Burbonnais, IL",Diesel,Burbonnais,IL,0.0,0,0.0,3
2026-04-15 19:02:33,"0287 - Burbonnais, IL",Unlead,Burbonnais,IL,39.07099999999991,0,0.0,1
2026-04-15 19:02:33,"0289 - Teague, TX",Diesel,Teague,TX,158.3080000000009,0,0.0,3
2026-04-15 19:02:33,"0289 - Teague, TX",Unlead,Teague,TX,37.38600000000042,0,0.0,1
2026-04-15 19:02:33,"0290 - Joplin, MO",Diesel,Joplin,MO,0.0,0,0.0,3
2026-04-15 19:02:33,"0290 - Joplin, MO",Unlead,Joplin,MO,11.122000000001208,0,0.0,1
2026-04-15 19:02:33,"0312 - Vidor, TX",Diesel,Vidor,TX,70.16500000000087,0,0.0,3
2026-04-15 19:02:33,"0312 - Vidor, TX",Unlead,Vidor,TX,45.4369999999999,0,0.0,1
2026-04-15 19:02:33,"0315 - Laredo, TX",Diesel,Laredo,TX,81.2489999999998,0,0.0,3
2026-04-15 19:02:33,"0315 - Laredo, TX",Unlead,Laredo,TX,34.15340000000015,0,0.0,1
2026-04-15 19:02:33,"0319 - Milford, TX",Diesel,Milford,TX,28.308999999999287,0,0.0,3
2026-04-15 19:02:33,"0319 - Milford, TX",Unlead,Milford,TX,53.13900000000103,0,0.0,1
2026-04-15 19:02:33,"0323 - Canton, TX",Diesel,Canton,TX,521.991,0,0.0,3
2026-04-15 19:02:33,"0323 - Canton, TX",Unlead,Canton,TX,33.08899999999994,0,0.0,1
2026-04-15 19:17:35,"0118 - Springfield, IL",Diesel,Springfield,IL,238.0,0,0.0,3
2026-04-15 19:17:35,"0118 - Springfield, IL",Unlead,Springfield,IL,11.0,0,0.0,1
2026-04-15 19:17:35,"0132 - Champaign, IL",Diesel,Champaign,IL,82.87400000000162,0,0.0,3
2026-04-15 19:17:35,"0132 - Champaign, IL",Unlead,Champaign,IL,40.64599999999882,0,0.0,1
2026-04-15 19:17:35,"0136 - Cottage Grove, WI",Diesel,Cottage Grove,WI,148.22900000000027,0,0.0,2
2026-04-15 19:17:35,"0136 - Cottage Grove, WI",Unlead,Cottage Grove,WI,0.0,0,0.0,1
2026-04-15 19:17:35,"0139 - Tuscola, IL",Diesel,Tuscola,IL,38.0,0,0.0,1
2026-04-15 19:17:35,"0139 - Tuscola, IL",Unlead,Tuscola,IL,24.0,0,0.0,2
2026-04-15 19:17:35,"0140 - Mendota, IL",Diesel,Mendota,IL,0.0,0,0.0,2
2026-04-15 19:17:35,"0140 - Mendota, IL",Unlead,Mendota,IL,5.0,0,0.0,2
2026-04-15 19:17:35,"0141 - Brazil, IN",Diesel,Brazil,IN,0.0,0,0.0,4
2026-04-15 19:17:35,"0141 - Brazil, IN",Unlead,Brazil,IN,23.0,0,0.0,1
2026-04-15 19:17:35,"0144 - Elk Run Height, IA",Diesel,Elk Run Height,IA,253.0,0,0.0,4
2026-04-15 19:17:35,"0144 - Elk Run Height, IA",Unlead,Elk Run Height,IA,0.0,0,0.0,2
2026-04-15 19:17:35,"0145 - Fenton, MO",Diesel,Fenton,MO,0.0,0,0.0,2
2026-04-15 19:17:35,"0145 - Fenton, MO",Unlead,Fenton,MO,20.0,0,0.0,1
2026-04-15 19:17:35,"0157 - Okawville, IL",Diesel,Okawville,IL,170.0,0,0.0,3
2026-04-15 19:17:35,"0157 - Okawville, IL",Unlead,Okawville,IL,0.0,0,0.0,1
2026-04-15 19:17:35,"0181 - Springfield, IL",Diesel,Springfield,IL,0.0,0,0.0,3
2026-04-15 19:17:35,"0181 - Springfield, IL",Unlead,Springfield,IL,51.710000000000946,0,0.0,1
2026-04-15 19:17:35,"0185 - McLean, IL",Diesel,McLean,IL,111.6840000000011,0,0.0,4
2026-04-15 19:17:35,"0185 - McLean, IL",Unlead,McLean,IL,21.453500000000076,0,0.0,1
2026-04-15 19:17:35,"0186 - Minonk, IL",Diesel,Minonk,IL,197.15300000000025,0,0.0,3
2026-04-15 19:17:35,"0186 - Minonk, IL",Unlead,Minonk,IL,4.7150000000001455,0,0.0,1
2026-04-15 19:17:35,"0187 - Chicago, IL",Diesel,Chicago,IL,0.0,0,0.0,3
2026-04-15 19:17:35,"0187 - Chicago, IL",Unlead,Chicago,IL,11.83849999999984,0,0.0,1
2026-04-15 19:17:35,"0203 - Rockford, IL",Diesel,Rockford,IL,0.0,0,0.0,1
2026-04-15 19:17:35,"0203 - Rockford, IL",Unlead,Rockford,IL,33.2450000000008,0,0.0,1
2026-04-15 19:17:35,"0205 - South Beloit, IL",Diesel,South Beloit,IL,0.0,0,0.0,3
2026-04-15 19:17:35,"0205 - South Beloit, IL",Unlead,South Beloit,IL,10.0,0,0.0,1
2026-04-15 19:17:35,"0206 - Winnebago, IL",Diesel,Winnebago,IL,0.0,0,0.0,1
2026-04-15 19:17:35,"0206 - Winnebago, IL",Unlead,Winnebago,IL,42.0,0,0.0,1
2026-04-15 19:17:35,"0209 - Oakdale, WI",Diesel,Oakdale,WI,142.0,0,0.0,3
2026-04-15 19:17:35,"0209 - Oakdale, WI",Unlead,Oakdale,WI,17.0,0,0.0,1
2026-04-15 19:17:35,"0210 - Rochelle, IL",Diesel,Rochelle,IL,214.0,0,0.0,3
2026-04-15 19:17:35,"0210 - Rochelle, IL",Unlead,Rochelle,IL,19.0,0,0.0,1
2026-04-15 19:17:35,"0211 - Loves Park, IL",Diesel,Loves Park,IL,0.0,0,0.0,1
2026-04-15 19:17:35,"0211 - Loves Park, IL",Unlead,Loves Park,IL,29.0,0,0.0,1
2026-04-15 19:17:35,"0225 - Princeton, IL",Diesel,Princeton,IL,5.0,0,0.0,4
2026-04-15 19:17:35,"0225 - Princeton, IL",Unlead,Princeton,IL,4.0,0,0.0,2
2026-04-15 19:17:35,"0226 - Greenwood, IN",Diesel,Greenwood,IN,121.0,0,0.0,2
2026-04-15 19:17:35,"0226 - Greenwood, IN",Unlead,Greenwood,IN,5.0,0,0.0,2
2026-04-15 19:17:35,"0235 - Hampshire, IL",Diesel,Hampshire,IL,0.0,0,0.0,2
2026-04-15 19:17:35,"0235 - Hampshire, IL",Unlead,Hampshire,IL,10.0,0,0.0,2
2026-04-15 19:17:35,"0236 - East Troy, WI",Diesel,East Troy,WI,0.0,0,0.0,2
2026-04-15 19:17:35,"0236 - East Troy, WI",Unlead,East Troy,WI,0.0,0,0.0,1
2026-04-15 19:17:35,"0240 - Lake Station, IN",Diesel,Lake Station,IN,0.0,0,0.0,5
2026-04-15 19:17:35,"0240 - Lake Station, IN",Unlead,Lake Station,IN,24.0,0,0.0,2
2026-04-15 19:17:35,"0242 - St Robert, MO",Diesel,St Robert,MO,0.0,0,0.0,4
2026-04-15 19:17:35,"0263 - Ottawa, IL",Diesel,Ottawa,IL,140.0,0,0.0,3
2026-04-15 19:17:35,"0263 - Ottawa, IL",Unlead,Ottawa,IL,28.0,0,0.0,1
2026-04-15 19:17:35,"0265 - Dixon, IL",Diesel,Dixon,IL,0.0,0,0.0,3
2026-04-15 19:17:35,"0265 - Dixon, IL",Unlead,Dixon,IL,0.0,0,0.0,1
2026-04-15 19:17:35,"0266 - New Berlin, IL",Diesel,New Berlin,IL,13.0,0,0.0,3
2026-04-15 19:17:35,"0266 - New Berlin, IL",Unlead,New Berlin,IL,18.108400000000074,0,0.0,1
2026-04-15 19:17:35,"0267 - Pharr, TX",Diesel,Pharr,TX,642.0,0,0.0,4
2026-04-15 19:17:35,"0267 - Pharr, TX",Unlead,Pharr,TX,57.0,0,0.0,1
2026-04-15 19:17:35,"0268 - Grayville, IL",Diesel,Grayville,IL,0.0,0,0.0,3
2026-04-15 19:17:35,"0268 - Grayville, IL",Unlead,Grayville,IL,62.0,0,0.0,1
2026-04-15 19:17:35,"0269 - Marshall, IL",Diesel,Marshall,IL,0.0,0,0.0,3
2026-04-15 19:17:35,"0269 - Marshall, IL",Unlead,Marshall,IL,18.0,0,0.0,1
2026-04-15 19:17:35,"0270 - Moore, TX",Diesel,Moore,TX,296.0,0,0.0,3
2026-04-15 19:17:35,"0270 - Moore, TX",Unlead,Moore,TX,70.0,0,0.0,1
2026-04-15 19:17:35,"0271 - Odessa, TX",Diesel,Odessa,TX,318.20300000000134,0,0.0,3
2026-04-15 19:17:35,"0271 - Odessa, TX",Unlead,Odessa,TX,98.55500000000029,0,0.0,1
2026-04-15 19:17:35,"0272 - Encinal, TX",Diesel,Encinal,TX,201.4270000000015,1,3280.7670000000016,3
2026-04-15 19:17:35,"0272 - Encinal, TX",Unlead,Encinal,TX,0.0,0,0.0,1
2026-04-15 19:17:35,"0273 - Combes, TX",Diesel,Combes,TX,150.5079999999998,0,0.0,3
2026-04-15 19:17:35,"0273 - Combes, TX",Unlead,Combes,TX,49.021999999999025,0,0.0,1
2026-04-15 19:17:35,"0275 - Sonora, TX",Diesel,Sonora,TX,13.05699999999888,0,0.0,3
2026-04-15 19:17:35,"0275 - Sonora, TX",Unlead,Sonora,TX,40.27800000000025,0,0.0,1
2026-04-15 19:17:35,"0276 - Waco, TX",Diesel,Waco,TX,220.83149999999932,0,0.0,3
2026-04-15 19:17:35,"0276 - Waco, TX",Unlead,Waco,TX,11.318999999999505,0,0.0,1
2026-04-15 19:17:35,"0277 - New Boston, TX",Diesel,New Boston,TX,10.786000000000058,0,0.0,3
2026-04-15 19:17:35,"0277 - New Boston, TX",Unlead,New Boston,TX,26.094999999999345,0,0.0,1
2026-04-15 19:17:35,"0278 - Brinkley, AR",Diesel,Brinkley,AR,229.8050000000003,0,0.0,3
2026-04-15 19:17:35,"0278 - Brinkley, AR",Unlead,Brinkley,AR,23.81999999999971,0,0.0,1
2026-04-15 19:17:35,"0279 - Marion, IL",Diesel,Marion,IL,132.25800000000163,0,0.0,3
2026-04-15 19:17:35,"0279 - Marion, IL",Unlead,Marion,IL,0.0,0,0.0,1
2026-04-15 19:17:35,"0280 - Monahans, TX",Diesel,Monahans,TX,0.0,0,0.0,3
2026-04-15 19:17:35,"0280 - Monahans, TX",Unlead,Monahans,TX,0.0,0,0.0,1
2026-04-15 19:17:35,"0281 - Cisco, TX",Diesel,Cisco,TX,220.8784999999989,0,0.0,3
2026-04-15 19:17:35,"0281 - Cisco, TX",Unlead,Cisco,TX,92.63299999999981,0,0.0,1
2026-04-15 19:17:35,"0282 - Gainesville, TX",Diesel,Gainesville,TX,0.0,0,0.0,3
2026-04-15 19:17:35,"0282 - Gainesville, TX",Unlead,Gainesville,TX,3.8400000000001455,0,0.0,1
2026-04-15 19:17:35,"0283 - Sealy, TX",Diesel,Sealy,TX,281.72499999999854,0,0.0,3
2026-04-15 19:17:35,"0283 - Sealy, TX",Unlead,Sealy,TX,16.980999999999767,0,0.0,1
2026-04-15 19:17:35,"0284 - New Deal, TX",Diesel,New Deal,TX,35.858000000001994,0,0.0,3
2026-04-15 19:17:35,"0284 - New Deal, TX",Unlead,New Deal,TX,47.45499999999993,0,0.0,1
2026-04-15 19:17:35,"0285 - Seguin, TX",Diesel,Seguin,TX,164.20260000000144,0,0.0,3
2026-04-15 19:17:35,"0285 - Seguin, TX",Unlead,Seguin,TX,29.851000000000568,0,0.0,1
2026-04-15 19:17:35,"0286 - Amarillo, TX",Diesel,Amarillo,TX,106.2094999999972,0,0.0,3
2026-04-15 19:17:35,"0286 - Amarillo, TX",Unlead,Amarillo,TX,16.391999999999825,0,0.0,1
2026-04-15 19:17:35,"0287 - Burbonnais, IL",Diesel,Burbonnais,IL,44.90200000000186,0,0.0,3
2026-04-15 19:17:35,"0287 - Burbonnais, IL",Unlead,Burbonnais,IL,52.44599999999991,0,0.0,1
2026-04-15 19:17:35,"0289 - Teague, TX",Diesel,Teague,TX,220.10999999999876,0,0.0,3
2026-04-15 19:17:35,"0289 - Teague, TX",Unlead,Teague,TX,46.18000000000029,0,0.0,1
2026-04-15 19:17:35,"0290 - Joplin, MO",Diesel,Joplin,MO,0.0,0,0.0,3
2026-04-15 19:17:35,"0290 - Joplin, MO",Unlead,Joplin,MO,80.02199999999903,0,0.0,1
2026-04-15 19:17:35,"0312 - Vidor, TX",Diesel,Vidor,TX,0.0,0,0.0,3
2026-04-15 19:17:35,"0312 - Vidor, TX",Unlead,Vidor,TX,33.47899999999936,0,0.0,1
2026-04-15 19:17:35,"0315 - Laredo, TX",Diesel,Laredo,TX,0.0,0,0.0,3
2026-04-15 19:17:35,"0315 - Laredo, TX",Unlead,Laredo,TX,26.686000000000604,0,0.0,1
2026-04-15 19:17:35,"0319 - Milford, TX",Diesel,Milford,TX,0.0,0,0.0,3
2026-04-15 19:17:35,"0319 - Milford, TX",Unlead,Milford,TX,26.28399999999965,0,0.0,1
2026-04-15 19:17:35,"0323 - Canton, TX",Diesel,Canton,TX,44.80400000000009,0,0.0,3
2026-04-15 19:17:35,"0323 - Canton, TX",Unlead,Canton,TX,122.28199999999924,0,0.0,1
2026-04-15 19:32:39,"0118 - Springfield, IL",Diesel,Springfield,IL,112.0,0,0.0,3
2026-04-15 19:32:39,"0118 - Springfield, IL",Unlead,Springfield,IL,0.0,0,0.0,1
2026-04-15 19:32:39,"0132 - Champaign, IL",Diesel,Champaign,IL,0.0,0,0.0,3
2026-04-15 19:32:39,"0132 - Champaign, IL",Unlead,Champaign,IL,36.03700000000026,0,0.0,1
2026-04-15 19:32:39,"0136 - Cottage Grove, WI",Diesel,Cottage Grove,WI,10.29699999999957,0,0.0,2
2026-04-15 19:32:39,"0136 - Cottage Grove, WI",Unlead,Cottage Grove,WI,2.3630000000002838,0,0.0,1
2026-04-15 19:32:39,"0139 - Tuscola, IL",Diesel,Tuscola,IL,359.0,0,0.0,1
2026-04-15 19:32:39,"0139 - Tuscola, IL",Unlead,Tuscola,IL,9.0,0,0.0,2
2026-04-15 19:32:39,"0140 - Mendota, IL",Diesel,Mendota,IL,0.0,0,0.0,2
2026-04-15 19:32:39,"0140 - Mendota, IL",Unlead,Mendota,IL,15.0,0,0.0,2
2026-04-15 19:32:39,"0141 - Brazil, IN",Diesel,Brazil,IN,0.0,0,0.0,4
2026-04-15 19:32:39,"0141 - Brazil, IN",Unlead,Brazil,IN,11.0,0,0.0,1
2026-04-15 19:32:39,"0144 - Elk Run Height, IA",Diesel,Elk Run Height,IA,65.0,0,0.0,4
2026-04-15 19:32:39,"0144 - Elk Run Height, IA",Unlead,Elk Run Height,IA,0.0,0,0.0,2
2026-04-15 19:32:39,"0145 - Fenton, MO",Diesel,Fenton,MO,0.0,0,0.0,2
2026-04-15 19:32:39,"0145 - Fenton, MO",Unlead,Fenton,MO,14.0,0,0.0,1
2026-04-15 19:32:39,"0157 - Okawville, IL",Diesel,Okawville,IL,0.0,0,0.0,3
2026-04-15 19:32:39,"0157 - Okawville, IL",Unlead,Okawville,IL,35.82999999999993,0,0.0,1
2026-04-15 19:32:39,"0181 - Springfield, IL",Diesel,Springfield,IL,0.0,0,0.0,3
2026-04-15 19:32:39,"0181 - Springfield, IL",Unlead,Springfield,IL,11.862999999999374,0,0.0,1
2026-04-15 19:32:39,"0185 - McLean, IL",Diesel,McLean,IL,0.0,0,0.0,4
2026-04-15 19:32:39,"0185 - McLean, IL",Unlead,McLean,IL,0.0,0,0.0,1
2026-04-15 19:32:39,"0186 - Minonk, IL",Diesel,Minonk,IL,0.0,0,0.0,3
2026-04-15 19:32:39,"0186 - Minonk, IL",Unlead,Minonk,IL,3.9539999999997235,0,0.0,1
2026-04-15 19:32:39,"0187 - Chicago, IL",Diesel,Chicago,IL,0.0,0,0.0,3
2026-04-15 19:32:39,"0187 - Chicago, IL",Unlead,Chicago,IL,11.693900000000212,0,0.0,1
2026-04-15 19:32:39,"0203 - Rockford, IL",Diesel,Rockford,IL,0.0,0,0.0,1
2026-04-15 19:32:39,"0203 - Rockford, IL",Unlead,Rockford,IL,16.75799999999981,0,0.0,1
2026-04-15 19:32:39,"0205 - South Beloit, IL",Diesel,South Beloit,IL,0.0,0,0.0,3
2026-04-15 19:32:39,"0205 - South Beloit, IL",Unlead,South Beloit,IL,13.0,0,0.0,1
2026-04-15 19:32:39,"0206 - Winnebago, IL",Diesel,Winnebago,IL,0.0,0,0.0,1
2026-04-15 19:32:39,"0206 - Winnebago, IL",Unlead,Winnebago,IL,64.0,0,0.0,1
2026-04-15 19:32:39,"0209 - Oakdale, WI",Diesel,Oakdale,WI,0.0,0,0.0,3
2026-04-15 19:32:39,"0209 - Oakdale, WI",Unlead,Oakdale,WI,19.0,0,0.0,1
2026-04-15 19:32:39,"0210 - Rochelle, IL",Diesel,Rochelle,IL,120.0,0,0.0,3
2026-04-15 19:32:39,"0210 - Rochelle, IL",Unlead,Rochelle,IL,32.0,0,0.0,1
2026-04-15 19:32:39,"0211 - Loves Park, IL",Diesel,Loves Park,IL,0.0,0,0.0,1
2026-04-15 19:32:39,"0211 - Loves Park, IL",Unlead,Loves Park,IL,47.0,0,0.0,1
2026-04-15 19:32:39,"0225 - Princeton, IL",Diesel,Princeton,IL,370.0,0,0.0,4
2026-04-15 19:32:39,"0225 - Princeton, IL",Unlead,Princeton,IL,0.0,0,0.0,2
2026-04-15 19:32:39,"0226 - Greenwood, IN",Diesel,Greenwood,IN,0.0,0,0.0,2
2026-04-15 19:32:39,"0226 - Greenwood, IN",Unlead,Greenwood,IN,0.0,0,0.0,2
2026-04-15 19:32:39,"0235 - Hampshire, IL",Diesel,Hampshire,IL,0.0,0,0.0,2
2026-04-15 19:32:39,"0235 - Hampshire, IL",Unlead,Hampshire,IL,25.0,0,0.0,2
2026-04-15 19:32:39,"0236 - East Troy, WI",Diesel,East Troy,WI,0.0,0,0.0,2
2026-04-15 19:32:39,"0236 - East Troy, WI",Unlead,East Troy,WI,0.0,0,0.0,1
2026-04-15 19:32:39,"0240 - Lake Station, IN",Diesel,Lake Station,IN,0.0,0,0.0,5
2026-04-15 19:32:39,"0240 - Lake Station, IN",Unlead,Lake Station,IN,8.0,0,0.0,2
2026-04-15 19:32:39,"0242 - St Robert, MO",Diesel,St Robert,MO,0.0,0,0.0,4
2026-04-15 19:32:39,"0263 - Ottawa, IL",Diesel,Ottawa,IL,0.0,0,0.0,3
2026-04-15 19:32:39,"0263 - Ottawa, IL",Unlead,Ottawa,IL,5.0,0,0.0,1
2026-04-15 19:32:39,"0265 - Dixon, IL",Diesel,Dixon,IL,0.0,0,0.0,3
2026-04-15 19:32:39,"0265 - Dixon, IL",Unlead,Dixon,IL,0.0,0,0.0,1
2026-04-15 19:32:39,"0266 - New Berlin, IL",Diesel,New Berlin,IL,0.0,0,0.0,3
2026-04-15 19:32:39,"0266 - New Berlin, IL",Unlead,New Berlin,IL,7.306599999999889,0,0.0,1
2026-04-15 19:32:39,"0267 - Pharr, TX",Diesel,Pharr,TX,592.0,0,0.0,4
2026-04-15 19:32:39,"0267 - Pharr, TX",Unlead,Pharr,TX,30.0,0,0.0,1
2026-04-15 19:32:39,"0268 - Grayville, IL",Diesel,Grayville,IL,91.0,0,0.0,3
2026-04-15 19:32:39,"0268 - Grayville, IL",Unlead,Grayville,IL,14.0,0,0.0,1
2026-04-15 19:32:39,"0269 - Marshall, IL",Diesel,Marshall,IL,0.0,0,0.0,3
2026-04-15 19:32:39,"0269 - Marshall, IL",Unlead,Marshall,IL,23.0,0,0.0,1
2026-04-15 19:32:39,"0270 - Moore, TX",Diesel,Moore,TX,95.0,0,0.0,3
2026-04-15 19:32:39,"0270 - Moore, TX",Unlead,Moore,TX,2.0,0,0.0,1
2026-04-15 19:32:39,"0271 - Odessa, TX",Diesel,Odessa,TX,144.7679999999982,0,0.0,3
2026-04-15 19:32:39,"0271 - Odessa, TX",Unlead,Odessa,TX,84.71700000000055,0,0.0,1
2026-04-15 19:32:39,"0272 - Encinal, TX",Diesel,Encinal,TX,27.948999999998705,1,216.16399999999703,3
2026-04-15 19:32:39,"0272 - Encinal, TX",Unlead,Encinal,TX,0.0,0,0.0,1
2026-04-15 19:32:39,"0273 - Combes, TX",Diesel,Combes,TX,161.22100000000137,0,0.0,3
2026-04-15 19:32:39,"0273 - Combes, TX",Unlead,Combes,TX,66.51200000000063,0,0.0,1
2026-04-15 19:32:39,"0275 - Sonora, TX",Diesel,Sonora,TX,330.32800000000134,0,0.0,3
2026-04-15 19:32:39,"0275 - Sonora, TX",Unlead,Sonora,TX,0.0,0,0.0,1
2026-04-15 19:32:39,"0276 - Waco, TX",Diesel,Waco,TX,393.366500000001,0,0.0,3
2026-04-15 19:32:39,"0276 - Waco, TX",Unlead,Waco,TX,33.918000000001484,0,0.0,1
2026-04-15 19:32:39,"0277 - New Boston, TX",Diesel,New Boston,TX,190.1190000000006,0,0.0,3
2026-04-15 19:32:39,"0277 - New Boston, TX",Unlead,New Boston,TX,19.85399999999936,0,0.0,1
2026-04-15 19:32:39,"0278 - Brinkley, AR",Diesel,Brinkley,AR,0.0,0,0.0,3
2026-04-15 19:32:39,"0278 - Brinkley, AR",Unlead,Brinkley,AR,52.77899999999863,0,0.0,1
2026-04-15 19:32:39,"0279 - Marion, IL",Diesel,Marion,IL,13.261999999998807,0,0.0,3
2026-04-15 19:32:39,"0279 - Marion, IL",Unlead,Marion,IL,53.89050000000134,0,0.0,1
2026-04-15 19:32:39,"0280 - Monahans, TX",Diesel,Monahans,TX,0.0,0,0.0,3
2026-04-15 19:32:39,"0280 - Monahans, TX",Unlead,Monahans,TX,0.0,0,0.0,1
2026-04-15 19:32:39,"0281 - Cisco, TX",Diesel,Cisco,TX,90.22400000000016,0,0.0,3
2026-04-15 19:32:39,"0281 - Cisco, TX",Unlead,Cisco,TX,15.095999999999549,0,0.0,1
2026-04-15 19:32:39,"0282 - Gainesville, TX",Diesel,Gainesville,TX,75.04299999999785,0,0.0,3
2026-04-15 19:32:39,"0282 - Gainesville, TX",Unlead,Gainesville,TX,7.833999999998923,0,0.0,1
2026-04-15 19:32:39,"0283 - Sealy, TX",Diesel,Sealy,TX,0.0,0,0.0,3
2026-04-15 19:32:39,"0283 - Sealy, TX",Unlead,Sealy,TX,10.755000000001019,0,0.0,1
2026-04-15 19:32:39,"0284 - New Deal, TX",Diesel,New Deal,TX,8.371999999999389,0,0.0,3
2026-04-15 19:32:39,"0284 - New Deal, TX",Unlead,New Deal,TX,98.21700000000055,0,0.0,1
2026-04-15 19:32:39,"0285 - Seguin, TX",Diesel,Seguin,TX,386.682499999999,0,0.0,3
2026-04-15 19:32:39,"0285 - Seguin, TX",Unlead,Seguin,TX,37.98499999999876,0,0.0,1
2026-04-15 19:32:39,"0286 - Amarillo, TX",Diesel,Amarillo,TX,333.5610000000015,0,0.0,3
2026-04-15 19:32:39,"0286 - Amarillo, TX",Unlead,Amarillo,TX,0.0,0,0.0,1
2026-04-15 19:32:39,"0287 - Burbonnais, IL",Diesel,Burbonnais,IL,0.0,0,0.0,3
2026-04-15 19:32:39,"0287 - Burbonnais, IL",Unlead,Burbonnais,IL,61.60499999999956,0,0.0,1
2026-04-15 19:32:39,"0289 - Teague, TX",Diesel,Teague,TX,119.57500000000073,0,0.0,3
2026-04-15 19:32:39,"0289 - Teague, TX",Unlead,Teague,TX,11.457000000000335,0,0.0,1
2026-04-15 19:32:39,"0290 - Joplin, MO",Diesel,Joplin,MO,0.0,0,0.0,3
2026-04-15 19:32:39,"0290 - Joplin, MO",Unlead,Joplin,MO,26.127000000000407,0,0.0,1
2026-04-15 19:32:39,"0312 - Vidor, TX",Diesel,Vidor,TX,115.71800000000076,0,0.0,3
2026-04-15 19:32:39,"0312 - Vidor, TX",Unlead,Vidor,TX,11.375500000000102,0,0.0,1
2026-04-15 19:32:39,"0315 - Laredo, TX",Diesel,Laredo,TX,0.0,0,0.0,3
2026-04-15 19:32:39,"0315 - Laredo, TX",Unlead,Laredo,TX,11.191399999999703,0,0.0,1
2026-04-15 19:32:39,"0319 - Milford, TX",Diesel,Milford,TX,0.0,0,0.0,3
2026-04-15 19:32:39,"0319 - Milford, TX",Unlead,Milford,TX,12.365999999999985,0,0.0,1
2026-04-15 19:32:39,"0323 - Canton, TX",Diesel,Canton,TX,11.967000000000553,0,0.0,3
2026-04-15 19:32:39,"0323 - Canton, TX",Unlead,Canton,TX,28.11200000000099,0,0.0,1
2026-04-15 19:47:43,"0118 - Springfield, IL",Diesel,Springfield,IL,175.0,0,0.0,3
2026-04-15 19:47:43,"0118 - Springfield, IL",Unlead,Springfield,IL,15.0,0,0.0,1
2026-04-15 19:47:43,"0132 - Champaign, IL",Diesel,Champaign,IL,0.0,0,0.0,3
2026-04-15 19:47:43,"0132 - Champaign, IL",Unlead,Champaign,IL,3.1270000000004075,0,0.0,1
2026-04-15 19:47:43,"0136 - Cottage Grove, WI",Diesel,Cottage Grove,WI,132.03600000000006,0,0.0,2
2026-04-15 19:47:43,"0136 - Cottage Grove, WI",Unlead,Cottage Grove,WI,0.0,0,0.0,1
2026-04-15 19:47:43,"0139 - Tuscola, IL",Diesel,Tuscola,IL,128.0,0,0.0,1
2026-04-15 19:47:43,"0139 - Tuscola, IL",Unlead,Tuscola,IL,48.0,0,0.0,2
2026-04-15 19:47:43,"0140 - Mendota, IL",Diesel,Mendota,IL,0.0,0,0.0,2
2026-04-15 19:47:43,"0140 - Mendota, IL",Unlead,Mendota,IL,4.0,0,0.0,2
2026-04-15 19:47:43,"0141 - Brazil, IN",Diesel,Brazil,IN,0.0,0,0.0,4
2026-04-15 19:47:43,"0141 - Brazil, IN",Unlead,Brazil,IN,0.0,0,0.0,1
2026-04-15 19:47:43,"0144 - Elk Run Height, IA",Diesel,Elk Run Height,IA,214.0,0,0.0,4
2026-04-15 19:47:43,"0144 - Elk Run Height, IA",Unlead,Elk Run Height,IA,33.378999999999905,0,0.0,2
2026-04-15 19:47:43,"0145 - Fenton, MO",Diesel,Fenton,MO,284.0,0,0.0,2
2026-04-15 19:47:43,"0145 - Fenton, MO",Unlead,Fenton,MO,25.0,0,0.0,1
2026-04-15 19:47:43,"0157 - Okawville, IL",Diesel,Okawville,IL,0.0,0,0.0,3
2026-04-15 19:47:43,"0157 - Okawville, IL",Unlead,Okawville,IL,0.0,0,0.0,1
2026-04-15 19:47:43,"0181 - Springfield, IL",Diesel,Springfield,IL,0.0,0,0.0,3
2026-04-15 19:47:43,"0181 - Springfield, IL",Unlead,Springfield,IL,20.097999999999956,0,0.0,1
2026-04-15 19:47:43,"0185 - McLean, IL",Diesel,McLean,IL,37.884000000000015,0,0.0,4
2026-04-15 19:47:43,"0185 - McLean, IL",Unlead,McLean,IL,8.929700000000139,0,0.0,1
2026-04-15 19:47:43,"0186 - Minonk, IL",Diesel,Minonk,IL,0.0,0,0.0,3
2026-04-15 19:47:43,"0186 - Minonk, IL",Unlead,Minonk,IL,10.075999999999112,0,0.0,1
2026-04-15 19:47:43,"0187 - Chicago, IL",Diesel,Chicago,IL,0.0,0,0.0,3
2026-04-15 19:47:43,"0187 - Chicago, IL",Unlead,Chicago,IL,5.933100000000195,0,0.0,1
2026-04-15 19:47:43,"0203 - Rockford, IL",Diesel,Rockford,IL,0.0,0,0.0,1
2026-04-15 19:47:43,"0203 - Rockford, IL",Unlead,Rockford,IL,46.711999999999534,0,0.0,1
2026-04-15 19:47:43,"0205 - South Beloit, IL",Diesel,South Beloit,IL,0.0,0,0.0,3
2026-04-15 19:47:43,"0205 - South Beloit, IL",Unlead,South Beloit,IL,14.0,0,0.0,1
2026-04-15 19:47:43,"0206 - Winnebago, IL",Diesel,Winnebago,IL,0.0,0,0.0,1
2026-04-15 19:47:43,"0206 - Winnebago, IL",Unlead,Winnebago,IL,24.0,0,0.0,1
2026-04-15 19:47:43,"0209 - Oakdale, WI",Diesel,Oakdale,WI,173.0,0,0.0,3
2026-04-15 19:47:43,"0209 - Oakdale, WI",Unlead,Oakdale,WI,0.0,0,0.0,1
2026-04-15 19:47:43,"0210 - Rochelle, IL",Diesel,Rochelle,IL,0.0,0,0.0,3
2026-04-15 19:47:43,"0210 - Rochelle, IL",Unlead,Rochelle,IL,25.0,0,0.0,1
2026-04-15 19:47:43,"0211 - Loves Park, IL",Diesel,Loves Park,IL,0.0,0,0.0,1
2026-04-15 19:47:43,"0211 - Loves Park, IL",Unlead,Loves Park,IL,4.0,0,0.0,1
2026-04-15 19:47:43,"0225 - Princeton, IL",Diesel,Princeton,IL,91.0,0,0.0,4
2026-04-15 19:47:43,"0225 - Princeton, IL",Unlead,Princeton,IL,0.0,0,0.0,2
2026-04-15 19:47:43,"0226 - Greenwood, IN",Diesel,Greenwood,IN,23.0,0,0.0,2
2026-04-15 19:47:43,"0226 - Greenwood, IN",Unlead,Greenwood,IN,0.0,0,0.0,2
2026-04-15 19:47:43,"0235 - Hampshire, IL",Diesel,Hampshire,IL,19.0,0,0.0,2
2026-04-15 19:47:43,"0235 - Hampshire, IL",Unlead,Hampshire,IL,6.0,0,0.0,2
2026-04-15 19:47:43,"0236 - East Troy, WI",Diesel,East Troy,WI,0.0,0,0.0,2
2026-04-15 19:47:43,"0236 - East Troy, WI",Unlead,East Troy,WI,7.0,0,0.0,1
2026-04-15 19:47:43,"0240 - Lake Station, IN",Diesel,Lake Station,IN,442.0,0,0.0,5
2026-04-15 19:47:43,"0240 - Lake Station, IN",Unlead,Lake Station,IN,10.0,0,0.0,2
2026-04-15 19:47:43,"0242 - St Robert, MO",Diesel,St Robert,MO,0.0,0,0.0,4
2026-04-15 19:47:43,"0263 - Ottawa, IL",Diesel,Ottawa,IL,71.0,0,0.0,3
2026-04-15 19:47:43,"0263 - Ottawa, IL",Unlead,Ottawa,IL,26.0,0,0.0,1
2026-04-15 19:47:43,"0265 - Dixon, IL",Diesel,Dixon,IL,0.0,0,0.0,3
2026-04-15 19:47:43,"0265 - Dixon, IL",Unlead,Dixon,IL,15.909999999999854,0,0.0,1
2026-04-15 19:47:43,"0266 - New Berlin, IL",Diesel,New Berlin,IL,136.0,0,0.0,3
2026-04-15 19:47:43,"0266 - New Berlin, IL",Unlead,New Berlin,IL,36.53399999999965,0,0.0,1
2026-04-15 19:47:43,"0267 - Pharr, TX",Diesel,Pharr,TX,486.0,0,0.0,4
2026-04-15 19:47:43,"0267 - Pharr, TX",Unlead,Pharr,TX,12.0,0,0.0,1
2026-04-15 19:47:43,"0268 - Grayville, IL",Diesel,Grayville,IL,169.0,0,0.0,3
2026-04-15 19:47:43,"0268 - Grayville, IL",Unlead,Grayville,IL,5.0,0,0.0,1
2026-04-15 19:47:43,"0269 - Marshall, IL",Diesel,Marshall,IL,38.0,0,0.0,3
2026-04-15 19:47:43,"0269 - Marshall, IL",Unlead,Marshall,IL,4.0,0,0.0,1
2026-04-15 19:47:43,"0270 - Moore, TX",Diesel,Moore,TX,210.0,0,0.0,3
2026-04-15 19:47:43,"0270 - Moore, TX",Unlead,Moore,TX,13.0,0,0.0,1
2026-04-15 19:47:43,"0271 - Odessa, TX",Diesel,Odessa,TX,368.4330000000009,0,0.0,3
2026-04-15 19:47:43,"0271 - Odessa, TX",Unlead,Odessa,TX,71.0029999999997,0,0.0,1
2026-04-15 19:47:43,"0272 - Encinal, TX",Diesel,Encinal,TX,635.1419999999962,0,0.0,3
2026-04-15 19:47:43,"0272 - Encinal, TX",Unlead,Encinal,TX,0.0,0,0.0,1
2026-04-15 19:47:43,"0273 - Combes, TX",Diesel,Combes,TX,16.380999999999403,0,0.0,3
2026-04-15 19:47:43,"0273 - Combes, TX",Unlead,Combes,TX,75.66100000000006,0,0.0,1
2026-04-15 19:47:43,"0275 - Sonora, TX",Diesel,Sonora,TX,41.779999999998836,0,0.0,3
2026-04-15 19:47:43,"0275 - Sonora, TX",Unlead,Sonora,TX,20.52980000000025,0,0.0,1
2026-04-15 19:47:43,"0276 - Waco, TX",Diesel,Waco,TX,241.23689999999988,0,0.0,3
2026-04-15 19:47:43,"0276 - Waco, TX",Unlead,Waco,TX,35.11899999999878,0,0.0,1
2026-04-15 19:47:43,"0277 - New Boston, TX",Diesel,New Boston,TX,0.0,0,0.0,3
2026-04-15 19:47:43,"0277 - New Boston, TX",Unlead,New Boston,TX,0.0,0,0.0,1
2026-04-15 19:47:43,"0278 - Brinkley, AR",Diesel,Brinkley,AR,394.85200000000077,0,0.0,3
2026-04-15 19:47:43,"0278 - Brinkley, AR",Unlead,Brinkley,AR,0.0,0,0.0,1
2026-04-15 19:47:43,"0279 - Marion, IL",Diesel,Marion,IL,49.19500000000153,0,0.0,3
2026-04-15 19:47:43,"0279 - Marion, IL",Unlead,Marion,IL,16.22399999999834,0,0.0,1
2026-04-15 19:47:43,"0280 - Monahans, TX",Diesel,Monahans,TX,0.0,0,0.0,3
2026-04-15 19:47:43,"0280 - Monahans, TX",Unlead,Monahans,TX,0.0,0,0.0,1
2026-04-15 19:47:43,"0281 - Cisco, TX",Diesel,Cisco,TX,670.7994999999992,0,0.0,3
2026-04-15 19:47:43,"0281 - Cisco, TX",Unlead,Cisco,TX,43.405000000000655,0,0.0,1
2026-04-15 19:47:43,"0282 - Gainesville, TX",Diesel,Gainesville,TX,121.77300000000287,0,0.0,3
2026-04-15 19:47:43,"0282 - Gainesville, TX",Unlead,Gainesville,TX,0.0,0,0.0,1
2026-04-15 19:47:43,"0283 - Sealy, TX",Diesel,Sealy,TX,278.77999999999884,0,0.0,3
2026-04-15 19:47:43,"0283 - Sealy, TX",Unlead,Sealy,TX,3.271999999999025,0,0.0,1
2026-04-15 19:47:43,"0284 - New Deal, TX",Diesel,New Deal,TX,28.67399999999907,0,0.0,3
2026-04-15 19:47:43,"0284 - New Deal, TX",Unlead,New Deal,TX,23.799000000000888,0,0.0,1
2026-04-15 19:47:43,"0285 - Seguin, TX",Diesel,Seguin,TX,392.7593000000006,0,0.0,3
2026-04-15 19:47:43,"0285 - Seguin, TX",Unlead,Seguin,TX,39.527000000000044,0,0.0,1
2026-04-15 19:47:43,"0286 - Amarillo, TX",Diesel,Amarillo,TX,0.0,0,0.0,3
2026-04-15 19:47:43,"0286 - Amarillo, TX",Unlead,Amarillo,TX,67.72899999999936,0,0.0,1
2026-04-15 19:47:43,"0287 - Burbonnais, IL",Diesel,Burbonnais,IL,93.96999999999935,0,0.0,3
2026-04-15 19:47:43,"0287 - Burbonnais, IL",Unlead,Burbonnais,IL,12.207000000000335,0,0.0,1
2026-04-15 19:47:43,"0289 - Teague, TX",Diesel,Teague,TX,378.60499999999956,0,0.0,3
2026-04-15 19:47:43,"0289 - Teague, TX",Unlead,Teague,TX,34.76299999999901,0,0.0,1
2026-04-15 19:47:43,"0290 - Joplin, MO",Diesel,Joplin,MO,0.0,0,0.0,3
2026-04-15 19:47:43,"0290 - Joplin, MO",Unlead,Joplin,MO,17.65600000000086,0,0.0,1
2026-04-15 19:47:43,"0312 - Vidor, TX",Diesel,Vidor,TX,45.253999999998996,0,0.0,3
2026-04-15 19:47:43,"0312 - Vidor, TX",Unlead,Vidor,TX,29.891499999999724,0,0.0,1
2026-04-15 19:47:43,"0315 - Laredo, TX",Diesel,Laredo,TX,116.95499999999811,0,0.0,3
2026-04-15 19:47:43,"0315 - Laredo, TX",Unlead,Laredo,TX,27.692399999999907,0,0.0,1
2026-04-15 19:47:43,"0319 - Milford, TX",Diesel,Milford,TX,167.66200000000208,0,0.0,3
2026-04-15 19:47:43,"0319 - Milford, TX",Unlead,Milford,TX,31.540999999999258,0,0.0,1
2026-04-15 19:47:43,"0323 - Canton, TX",Diesel,Canton,TX,36.461999999999534,0,0.0,3
2026-04-15 19:47:43,"0323 - Canton, TX",Unlead,Canton,TX,16.191999999999098,0,0.0,1
