timestamp,location,fuel_type,city,state,total_gallons_sold,delivery_count,delivery_volume,tank_count
2026-04-17 00:12:12,"0118 - Springfield, IL",Diesel,Springfield,IL,0.0,0,0.0,3
2026-04-17 00:12:12,"0118 - Springfield, IL",Unlead,Springfield,IL,0.0,0,0.0,1
2026-04-17 00:12:12,"0132 - Champaign, IL",Diesel,Champaign,IL,0.0,0,0.0,3
2026-04-17 00:12:12,"0132 - Champaign, IL",Unlead,Champaign,IL,15.314000000000306,0,0.0,1
2026-04-17 00:12:12,"0136 - Cottage Grove, WI",Diesel,Cottage Grove,WI,154.03399999999965,0,0.0,2
2026-04-17 00:12:12,"0136 - Cottage Grove, WI",Unlead,Cottage Grove,WI,0.0,0,0.0,1
2026-04-17 00:12:12,"0139 - Tuscola, IL",Diesel,Tuscola,IL,0.0,0,0.0,1
2026-04-17 00:12:12,"0139 - Tuscola, IL",Unlead,Tuscola,IL,0.0,0,0.0,2
2026-04-17 00:12:12,"0140 - Mendota, IL",Diesel,Mendota,IL,0.0,0,0.0,2
2026-04-17 00:12:12,"0140 - Mendota, IL",Unlead,Mendota,IL,8.0,0,0.0,2
2026-04-17 00:12:12,"0141 - Brazil, IN",Diesel,Brazil,IN,0.0,0,0.0,4
2026-04-17 00:12:12,"0141 - Brazil, IN",Unlead,Brazil,IN,9.0,0,0.0,1
2026-04-17 00:12:12,"0144 - Elk Run Height, IA",Diesel,Elk Run Height,IA,205.0,0,0.0,4
2026-04-17 00:12:12,"0144 - Elk Run Height, IA",Unlead,Elk Run Height,IA,0.0,0,0.0,2
2026-04-17 00:12:12,"0145 - Fenton, MO",Diesel,Fenton,MO,0.0,0,0.0,2
2026-04-17 00:12:12,"0145 - Fenton, MO",Unlead,Fenton,MO,29.0,0,0.0,1
2026-04-17 00:12:12,"0157 - Okawville, IL",Diesel,Okawville,IL,187.0,0,0.0,3
2026-04-17 00:12:12,"0157 - Okawville, IL",Unlead,Okawville,IL,23.889000000001033,0,0.0,1
2026-04-17 00:12:12,"0181 - Springfield, IL",Diesel,Springfield,IL,0.0,0,0.0,3
2026-04-17 00:12:12,"0181 - Springfield, IL",Unlead,Springfield,IL,0.0,0,0.0,1
2026-04-17 00:12:12,"0185 - McLean, IL",Diesel,McLean,IL,185.96700000000055,0,0.0,4
2026-04-17 00:12:12,"0185 - McLean, IL",Unlead,McLean,IL,13.537500000000364,0,0.0,1
2026-04-17 00:12:12,"0186 - Minonk, IL",Diesel,Minonk,IL,0.0,0,0.0,3
2026-04-17 00:12:12,"0186 - Minonk, IL",Unlead,Minonk,IL,0.0,0,0.0,1
2026-04-17 00:12:12,"0187 - Chicago, IL",Diesel,Chicago,IL,0.0,0,0.0,3
2026-04-17 00:12:12,"0187 - Chicago, IL",Unlead,Chicago,IL,24.339899999999943,0,0.0,1
2026-04-17 00:12:12,"0203 - Rockford, IL",Diesel,Rockford,IL,0.0,0,0.0,1
2026-04-17 00:12:12,"0203 - Rockford, IL",Unlead,Rockford,IL,11.278600000000552,0,0.0,1
2026-04-17 00:12:12,"0205 - South Beloit, IL",Diesel,South Beloit,IL,0.0,0,0.0,3
2026-04-17 00:12:12,"0205 - South Beloit, IL",Unlead,South Beloit,IL,10.0,0,0.0,1
2026-04-17 00:12:12,"0206 - Winnebago, IL",Diesel,Winnebago,IL,88.0,0,0.0,1
2026-04-17 00:12:12,"0206 - Winnebago, IL",Unlead,Winnebago,IL,0.0,0,0.0,1
2026-04-17 00:12:12,"0209 - Oakdale, WI",Diesel,Oakdale,WI,0.0,0,0.0,3
2026-04-17 00:12:12,"0209 - Oakdale, WI",Unlead,Oakdale,WI,19.0,0,0.0,1
2026-04-17 00:12:12,"0210 - Rochelle, IL",Diesel,Rochelle,IL,0.0,0,0.0,3
2026-04-17 00:12:12,"0210 - Rochelle, IL",Unlead,Rochelle,IL,4.0,0,0.0,1
2026-04-17 00:12:12,"0211 - Loves Park, IL",Diesel,Loves Park,IL,0.0,0,0.0,1
2026-04-17 00:12:12,"0211 - Loves Park, IL",Unlead,Loves Park,IL,5.0,0,0.0,1
2026-04-17 00:12:12,"0225 - Princeton, IL",Diesel,Princeton,IL,64.0,0,0.0,4
2026-04-17 00:12:12,"0225 - Princeton, IL",Unlead,Princeton,IL,2.0,0,0.0,2
2026-04-17 00:12:12,"0226 - Greenwood, IN",Diesel,Greenwood,IN,108.0,0,0.0,2
2026-04-17 00:12:12,"0226 - Greenwood, IN",Unlead,Greenwood,IN,4.0,0,0.0,2
2026-04-17 00:12:12,"0235 - Hampshire, IL",Diesel,Hampshire,IL,21.0,0,0.0,2
2026-04-17 00:12:12,"0235 - Hampshire, IL",Unlead,Hampshire,IL,37.0,0,0.0,2
2026-04-17 00:12:12,"0236 - East Troy, WI",Diesel,East Troy,WI,0.0,0,0.0,2
2026-04-17 00:12:12,"0236 - East Troy, WI",Unlead,East Troy,WI,0.0,0,0.0,1
2026-04-17 00:12:12,"0240 - Lake Station, IN",Diesel,Lake Station,IN,177.0,0,0.0,5
2026-04-17 00:12:12,"0240 - Lake Station, IN",Unlead,Lake Station,IN,0.0,0,0.0,2
2026-04-17 00:12:12,"0242 - St Robert, MO",Diesel,St Robert,MO,0.0,0,0.0,4
2026-04-17 00:12:12,"0263 - Ottawa, IL",Diesel,Ottawa,IL,53.0,0,0.0,3
2026-04-17 00:12:12,"0263 - Ottawa, IL",Unlead,Ottawa,IL,15.0,0,0.0,1
2026-04-17 00:12:12,"0265 - Dixon, IL",Diesel,Dixon,IL,0.0,0,0.0,3
2026-04-17 00:12:12,"0265 - Dixon, IL",Unlead,Dixon,IL,29.36200000000099,0,0.0,1
2026-04-17 00:12:12,"0266 - New Berlin, IL",Diesel,New Berlin,IL,0.0,0,0.0,3
2026-04-17 00:12:12,"0266 - New Berlin, IL",Unlead,New Berlin,IL,0.0,0,0.0,1
2026-04-17 00:12:12,"0267 - Pharr, TX",Diesel,Pharr,TX,362.0,0,0.0,4
2026-04-17 00:12:12,"0267 - Pharr, TX",Unlead,Pharr,TX,0.0,0,0.0,1
2026-04-17 00:12:12,"0268 - Grayville, IL",Diesel,Grayville,IL,70.0,0,0.0,3
2026-04-17 00:12:12,"0268 - Grayville, IL",Unlead,Grayville,IL,24.0,0,0.0,1
2026-04-17 00:12:12,"0269 - Marshall, IL",Diesel,Marshall,IL,35.0,0,0.0,3
2026-04-17 00:12:12,"0269 - Marshall, IL",Unlead,Marshall,IL,0.0,0,0.0,1
2026-04-17 00:12:12,"0270 - Moore, TX",Diesel,Moore,TX,479.0,0,0.0,3
2026-04-17 00:12:12,"0270 - Moore, TX",Unlead,Moore,TX,56.0,0,0.0,1
2026-04-17 00:12:12,"0271 - Odessa, TX",Diesel,Odessa,TX,323.1763999999994,0,0.0,3
2026-04-17 00:12:12,"0271 - Odessa, TX",Unlead,Odessa,TX,5.315999999998894,0,0.0,1
2026-04-17 00:12:12,"0272 - Encinal, TX",Diesel,Encinal,TX,66.68499999999949,0,0.0,3
2026-04-17 00:12:12,"0272 - Encinal, TX",Unlead,Encinal,TX,4.544000000001688,0,0.0,1
2026-04-17 00:12:12,"0273 - Combes, TX",Diesel,Combes,TX,23.03399999999783,0,0.0,3
2026-04-17 00:12:12,"0273 - Combes, TX",Unlead,Combes,TX,32.49800000000141,0,0.0,1
2026-04-17 00:12:12,"0275 - Sonora, TX",Diesel,Sonora,TX,313.3615000000027,0,0.0,3
2026-04-17 00:12:12,"0275 - Sonora, TX",Unlead,Sonora,TX,42.292999999999665,0,0.0,1
2026-04-17 00:12:12,"0276 - Waco, TX",Diesel,Waco,TX,0.0,2,7924.506000000003,3
2026-04-17 00:12:12,"0276 - Waco, TX",Unlead,Waco,TX,35.22100000000137,0,0.0,1
2026-04-17 00:12:12,"0277 - New Boston, TX",Diesel,New Boston,TX,0.0,0,0.0,3
2026-04-17 00:12:12,"0277 - New Boston, TX",Unlead,New Boston,TX,0.0,0,0.0,1
2026-04-17 00:12:12,"0278 - Brinkley, AR",Diesel,Brinkley,AR,285.33899999999994,0,0.0,3
2026-04-17 00:12:12,"0278 - Brinkley, AR",Unlead,Brinkley,AR,35.0669999999991,0,0.0,1
2026-04-17 00:12:12,"0279 - Marion, IL",Diesel,Marion,IL,30.057999999997264,0,0.0,3
2026-04-17 00:12:12,"0279 - Marion, IL",Unlead,Marion,IL,41.46700000000055,0,0.0,1
2026-04-17 00:12:12,"0280 - Monahans, TX",Diesel,Monahans,TX,0.0,0,0.0,3
2026-04-17 00:12:12,"0280 - Monahans, TX",Unlead,Monahans,TX,0.0,0,0.0,1
2026-04-17 00:12:12,"0281 - Cisco, TX",Diesel,Cisco,TX,94.57399999999689,0,0.0,3
2026-04-17 00:12:12,"0281 - Cisco, TX",Unlead,Cisco,TX,20.009500000000116,0,0.0,1
2026-04-17 00:12:12,"0282 - Gainesville, TX",Diesel,Gainesville,TX,46.14799999999741,0,0.0,3
2026-04-17 00:12:12,"0282 - Gainesville, TX",Unlead,Gainesville,TX,22.83100000000013,0,0.0,1
2026-04-17 00:12:12,"0283 - Sealy, TX",Diesel,Sealy,TX,186.83900000000176,0,0.0,3
2026-04-17 00:12:12,"0283 - Sealy, TX",Unlead,Sealy,TX,0.0,0,0.0,1
2026-04-17 00:12:12,"0284 - New Deal, TX",Diesel,New Deal,TX,0.0,0,0.0,3
2026-04-17 00:12:12,"0284 - New Deal, TX",Unlead,New Deal,TX,0.0,0,0.0,1
2026-04-17 00:12:12,"0285 - Seguin, TX",Diesel,Seguin,TX,139.4429999999993,0,0.0,3
2026-04-17 00:12:12,"0285 - Seguin, TX",Unlead,Seguin,TX,13.09900000000016,0,0.0,1
2026-04-17 00:12:12,"0286 - Amarillo, TX",Diesel,Amarillo,TX,181.58550000000105,0,0.0,3
2026-04-17 00:12:12,"0286 - Amarillo, TX",Unlead,Amarillo,TX,7.42200000000048,0,0.0,1
2026-04-17 00:12:12,"0287 - Burbonnais, IL",Diesel,Burbonnais,IL,0.0,0,0.0,3
2026-04-17 00:12:12,"0287 - Burbonnais, IL",Unlead,Burbonnais,IL,32.1869999999999,0,0.0,1
2026-04-17 00:12:12,"0289 - Teague, TX",Diesel,Teague,TX,172.42999999999847,0,0.0,3
2026-04-17 00:12:12,"0289 - Teague, TX",Unlead,Teague,TX,15.626999999998588,0,0.0,1
2026-04-17 00:12:12,"0290 - Joplin, MO",Diesel,Joplin,MO,183.08250000000226,0,0.0,3
2026-04-17 00:12:12,"0290 - Joplin, MO",Unlead,Joplin,MO,31.726000000000568,0,0.0,1
2026-04-17 00:12:12,"0312 - Vidor, TX",Diesel,Vidor,TX,144.78899999999885,0,0.0,3
2026-04-17 00:12:12,"0312 - Vidor, TX",Unlead,Vidor,TX,0.0,0,0.0,1
2026-04-17 00:12:12,"0315 - Laredo, TX",Diesel,Laredo,TX,89.37349999999788,0,0.0,3
2026-04-17 00:12:12,"0315 - Laredo, TX",Unlead,Laredo,TX,7.385999999998603,0,0.0,1
2026-04-17 00:12:12,"0319 - Milford, TX",Diesel,Milford,TX,0.0,0,0.0,3
2026-04-17 00:12:12,"0319 - Milford, TX",Unlead,Milford,TX,37.85699999999997,0,0.0,1
2026-04-17 00:12:12,"0323 - Canton, TX",Diesel,Canton,TX,0.0,0,0.0,3
2026-04-17 00:12:12,"0323 - Canton, TX",Unlead,Canton,TX,11.341999999998734,0,0.0,1
2026-04-17 00:27:20,"0118 - Springfield, IL",Diesel,Springfield,IL,0.0,0,0.0,3
2026-04-17 00:27:20,"0118 - Springfield, IL",Unlead,Springfield,IL,0.0,0,0.0,1
2026-04-17 00:27:20,"0132 - Champaign, IL",Diesel,Champaign,IL,0.0,0,0.0,3
2026-04-17 00:27:20,"0132 - Champaign, IL",Unlead,Champaign,IL,25.838999999999942,0,0.0,1
2026-04-17 00:27:20,"0136 - Cottage Grove, WI",Diesel,Cottage Grove,WI,0.0,0,0.0,2
2026-04-17 00:27:20,"0136 - Cottage Grove, WI",Unlead,Cottage Grove,WI,11.103000000000975,0,0.0,1
2026-04-17 00:27:20,"0139 - Tuscola, IL",Diesel,Tuscola,IL,0.0,0,0.0,1
2026-04-17 00:27:20,"0139 - Tuscola, IL",Unlead,Tuscola,IL,0.0,0,0.0,2
2026-04-17 00:27:20,"0140 - Mendota, IL",Diesel,Mendota,IL,0.0,0,0.0,2
2026-04-17 00:27:20,"0140 - Mendota, IL",Unlead,Mendota,IL,9.0,0,0.0,2
2026-04-17 00:27:20,"0141 - Brazil, IN",Diesel,Brazil,IN,0.0,0,0.0,4
2026-04-17 00:27:20,"0141 - Brazil, IN",Unlead,Brazil,IN,0.0,0,0.0,1
2026-04-17 00:27:20,"0144 - Elk Run Height, IA",Diesel,Elk Run Height,IA,107.0,0,0.0,4
2026-04-17 00:27:20,"0144 - Elk Run Height, IA",Unlead,Elk Run Height,IA,0.0,0,0.0,2
2026-04-17 00:27:20,"0145 - Fenton, MO",Diesel,Fenton,MO,0.0,0,0.0,2
2026-04-17 00:27:20,"0145 - Fenton, MO",Unlead,Fenton,MO,0.0,0,0.0,1
2026-04-17 00:27:20,"0157 - Okawville, IL",Diesel,Okawville,IL,0.0,0,0.0,3
2026-04-17 00:27:20,"0157 - Okawville, IL",Unlead,Okawville,IL,10.185999999999694,0,0.0,1
2026-04-17 00:27:20,"0181 - Springfield, IL",Diesel,Springfield,IL,0.0,0,0.0,3
2026-04-17 00:27:20,"0181 - Springfield, IL",Unlead,Springfield,IL,0.0,0,0.0,1
2026-04-17 00:27:20,"0185 - McLean, IL",Diesel,McLean,IL,67.47700000000077,0,0.0,4
2026-04-17 00:27:20,"0185 - McLean, IL",Unlead,McLean,IL,0.0,0,0.0,1
2026-04-17 00:27:20,"0186 - Minonk, IL",Diesel,Minonk,IL,0.0,0,0.0,3
2026-04-17 00:27:20,"0186 - Minonk, IL",Unlead,Minonk,IL,0.0,0,0.0,1
2026-04-17 00:27:20,"0187 - Chicago, IL",Diesel,Chicago,IL,0.0,0,0.0,3
2026-04-17 00:27:20,"0187 - Chicago, IL",Unlead,Chicago,IL,0.0,0,0.0,1
2026-04-17 00:27:20,"0203 - Rockford, IL",Diesel,Rockford,IL,0.0,0,0.0,1
2026-04-17 00:27:20,"0203 - Rockford, IL",Unlead,Rockford,IL,11.981399999999667,0,0.0,1
2026-04-17 00:27:20,"0205 - South Beloit, IL",Diesel,South Beloit,IL,0.0,0,0.0,3
2026-04-17 00:27:20,"0205 - South Beloit, IL",Unlead,South Beloit,IL,0.0,0,0.0,1
2026-04-17 00:27:20,"0206 - Winnebago, IL",Diesel,Winnebago,IL,0.0,0,0.0,1
2026-04-17 00:27:20,"0206 - Winnebago, IL",Unlead,Winnebago,IL,10.0,0,0.0,1
2026-04-17 00:27:20,"0209 - Oakdale, WI",Diesel,Oakdale,WI,126.0,0,0.0,3
2026-04-17 00:27:20,"0209 - Oakdale, WI",Unlead,Oakdale,WI,0.0,0,0.0,1
2026-04-17 00:27:20,"0210 - Rochelle, IL",Diesel,Rochelle,IL,0.0,0,0.0,3
2026-04-17 00:27:20,"0210 - Rochelle, IL",Unlead,Rochelle,IL,25.0,0,0.0,1
2026-04-17 00:27:20,"0211 - Loves Park, IL",Diesel,Loves Park,IL,0.0,0,0.0,1
2026-04-17 00:27:20,"0211 - Loves Park, IL",Unlead,Loves Park,IL,2.0,0,0.0,1
2026-04-17 00:27:20,"0225 - Princeton, IL",Diesel,Princeton,IL,0.0,0,0.0,4
2026-04-17 00:27:20,"0225 - Princeton, IL",Unlead,Princeton,IL,0.0,0,0.0,2
2026-04-17 00:27:20,"0226 - Greenwood, IN",Diesel,Greenwood,IN,0.0,0,0.0,2
2026-04-17 00:27:20,"0226 - Greenwood, IN",Unlead,Greenwood,IN,0.0,0,0.0,2
2026-04-17 00:27:20,"0235 - Hampshire, IL",Diesel,Hampshire,IL,57.0,0,0.0,2
2026-04-17 00:27:20,"0235 - Hampshire, IL",Unlead,Hampshire,IL,11.0,0,0.0,2
2026-04-17 00:27:20,"0236 - East Troy, WI",Diesel,East Troy,WI,0.0,0,0.0,2
2026-04-17 00:27:20,"0236 - East Troy, WI",Unlead,East Troy,WI,0.0,0,0.0,1
2026-04-17 00:27:20,"0240 - Lake Station, IN",Diesel,Lake Station,IN,83.0,0,0.0,5
2026-04-17 00:27:20,"0240 - Lake Station, IN",Unlead,Lake Station,IN,15.0,0,0.0,2
2026-04-17 00:27:20,"0242 - St Robert, MO",Diesel,St Robert,MO,0.0,0,0.0,4
2026-04-17 00:27:20,"0263 - Ottawa, IL",Diesel,Ottawa,IL,120.0,0,0.0,3
2026-04-17 00:27:20,"0263 - Ottawa, IL",Unlead,Ottawa,IL,0.0,0,0.0,1
2026-04-17 00:27:20,"0265 - Dixon, IL",Diesel,Dixon,IL,0.0,0,0.0,3
2026-04-17 00:27:20,"0265 - Dixon, IL",Unlead,Dixon,IL,0.0,0,0.0,1
2026-04-17 00:27:20,"0266 - New Berlin, IL",Diesel,New Berlin,IL,41.0,0,0.0,3
2026-04-17 00:27:20,"0266 - New Berlin, IL",Unlead,New Berlin,IL,10.342200000000048,0,0.0,1
2026-04-17 00:27:20,"0267 - Pharr, TX",Diesel,Pharr,TX,68.0,0,0.0,4
2026-04-17 00:27:20,"0267 - Pharr, TX",Unlead,Pharr,TX,0.0,0,0.0,1
2026-04-17 00:27:20,"0268 - Grayville, IL",Diesel,Grayville,IL,0.0,0,0.0,3
2026-04-17 00:27:20,"0268 - Grayville, IL",Unlead,Grayville,IL,12.0,0,0.0,1
2026-04-17 00:27:20,"0269 - Marshall, IL",Diesel,Marshall,IL,0.0,0,0.0,3
2026-04-17 00:27:20,"0269 - Marshall, IL",Unlead,Marshall,IL,0.0,0,0.0,1
2026-04-17 00:27:20,"0270 - Moore, TX",Diesel,Moore,TX,124.0,0,0.0,3
2026-04-17 00:27:20,"0270 - Moore, TX",Unlead,Moore,TX,27.0,0,0.0,1
2026-04-17 00:27:20,"0271 - Odessa, TX",Diesel,Odessa,TX,448.66999999999916,0,0.0,3
2026-04-17 00:27:20,"0271 - Odessa, TX",Unlead,Odessa,TX,0.0,0,0.0,1
2026-04-17 00:27:20,"0272 - Encinal, TX",Diesel,Encinal,TX,111.01200000000063,0,0.0,3
2026-04-17 00:27:20,"0272 - Encinal, TX",Unlead,Encinal,TX,0.0,0,0.0,1
2026-04-17 00:27:20,"0273 - Combes, TX",Diesel,Combes,TX,0.0,0,0.0,3
2026-04-17 00:27:20,"0273 - Combes, TX",Unlead,Combes,TX,14.198999999998705,0,0.0,1
2026-04-17 00:27:20,"0275 - Sonora, TX",Diesel,Sonora,TX,214.89350000000013,0,0.0,3
2026-04-17 00:27:20,"0275 - Sonora, TX",Unlead,Sonora,TX,16.664099999999962,0,0.0,1
2026-04-17 00:27:20,"0276 - Waco, TX",Diesel,Waco,TX,66.2440000000006,0,0.0,3
2026-04-17 00:27:20,"0276 - Waco, TX",Unlead,Waco,TX,0.0,0,0.0,1
2026-04-17 00:27:20,"0277 - New Boston, TX",Diesel,New Boston,TX,0.0,0,0.0,3
2026-04-17 00:27:20,"0277 - New Boston, TX",Unlead,New Boston,TX,5.177999999999884,0,0.0,1
2026-04-17 00:27:20,"0278 - Brinkley, AR",Diesel,Brinkley,AR,309.83100000000195,0,0.0,3
2026-04-17 00:27:20,"0278 - Brinkley, AR",Unlead,Brinkley,AR,0.0,0,0.0,1
2026-04-17 00:27:20,"0279 - Marion, IL",Diesel,Marion,IL,0.0,0,0.0,3
2026-04-17 00:27:20,"0279 - Marion, IL",Unlead,Marion,IL,24.15599999999904,0,0.0,1
2026-04-17 00:27:20,"0280 - Monahans, TX",Diesel,Monahans,TX,0.0,0,0.0,3
2026-04-17 00:27:20,"0280 - Monahans, TX",Unlead,Monahans,TX,0.0,0,0.0,1
2026-04-17 00:27:20,"0281 - Cisco, TX",Diesel,Cisco,TX,0.0,0,0.0,3
2026-04-17 00:27:20,"0281 - Cisco, TX",Unlead,Cisco,TX,25.574500000000626,0,0.0,1
2026-04-17 00:27:20,"0282 - Gainesville, TX",Diesel,Gainesville,TX,0.0,0,0.0,3
2026-04-17 00:27:20,"0282 - Gainesville, TX",Unlead,Gainesville,TX,12.556000000000495,0,0.0,1
2026-04-17 00:27:20,"0283 - Sealy, TX",Diesel,Sealy,TX,141.0049999999992,0,0.0,3
2026-04-17 00:27:20,"0283 - Sealy, TX",Unlead,Sealy,TX,0.0,0,0.0,1
2026-04-17 00:27:20,"0284 - New Deal, TX",Diesel,New Deal,TX,28.709000000000742,0,0.0,3
2026-04-17 00:27:20,"0284 - New Deal, TX",Unlead,New Deal,TX,0.0,0,0.0,1
2026-04-17 00:27:20,"0285 - Seguin, TX",Diesel,Seguin,TX,168.37100000000282,0,0.0,3
2026-04-17 00:27:20,"0285 - Seguin, TX",Unlead,Seguin,TX,0.0,0,0.0,1
2026-04-17 00:27:20,"0286 - Amarillo, TX",Diesel,Amarillo,TX,0.0,0,0.0,3
2026-04-17 00:27:20,"0286 - Amarillo, TX",Unlead,Amarillo,TX,22.176000000001295,0,0.0,1
2026-04-17 00:27:20,"0287 - Burbonnais, IL",Diesel,Burbonnais,IL,186.8739999999998,0,0.0,3
2026-04-17 00:27:20,"0287 - Burbonnais, IL",Unlead,Burbonnais,IL,16.08599999999933,0,0.0,1
2026-04-17 00:27:20,"0289 - Teague, TX",Diesel,Teague,TX,0.0,0,0.0,3
2026-04-17 00:27:20,"0289 - Teague, TX",Unlead,Teague,TX,27.22900000000118,0,0.0,1
2026-04-17 00:27:20,"0290 - Joplin, MO",Diesel,Joplin,MO,0.0,0,0.0,3
2026-04-17 00:27:20,"0290 - Joplin, MO",Unlead,Joplin,MO,0.0,0,0.0,1
2026-04-17 00:27:20,"0312 - Vidor, TX",Diesel,Vidor,TX,6.985999999998967,0,0.0,3
2026-04-17 00:27:20,"0312 - Vidor, TX",Unlead,Vidor,TX,0.0,0,0.0,1
2026-04-17 00:27:20,"0315 - Laredo, TX",Diesel,Laredo,TX,0.0,0,0.0,3
2026-04-17 00:27:20,"0315 - Laredo, TX",Unlead,Laredo,TX,0.0,0,0.0,1
2026-04-17 00:27:20,"0319 - Milford, TX",Diesel,Milford,TX,0.0,0,0.0,3
2026-04-17 00:27:20,"0319 - Milford, TX",Unlead,Milford,TX,0.0,0,0.0,1
2026-04-17 00:27:20,"0323 - Canton, TX",Diesel,Canton,TX,0.0,0,0.0,3
2026-04-17 00:27:20,"0323 - Canton, TX",Unlead,Canton,TX,10.79700000000048,0,0.0,1
2026-04-17 00:58:27,"0118 - Springfield, IL",Diesel,Springfield,IL,0.0,0,0.0,3
2026-04-17 00:58:27,"0118 - Springfield, IL",Unlead,Springfield,IL,0.0,0,0.0,1
2026-04-17 00:58:27,"0132 - Champaign, IL",Diesel,Champaign,IL,169.2479999999996,0,0.0,3
2026-04-17 00:58:27,"0132 - Champaign, IL",Unlead,Champaign,IL,37.94499999999971,0,0.0,1
2026-04-17 00:58:27,"0136 - Cottage Grove, WI",Diesel,Cottage Grove,WI,384.2350000000006,0,0.0,2
2026-04-17 00:58:27,"0136 - Cottage Grove, WI",Unlead,Cottage Grove,WI,0.0,0,0.0,1
2026-04-17 00:58:27,"0139 - Tuscola, IL",Diesel,Tuscola,IL,0.0,0,0.0,1
2026-04-17 00:58:27,"0139 - Tuscola, IL",Unlead,Tuscola,IL,0.0,0,0.0,2
2026-04-17 00:58:27,"0140 - Mendota, IL",Diesel,Mendota,IL,0.0,0,0.0,2
2026-04-17 00:58:27,"0140 - Mendota, IL",Unlead,Mendota,IL,0.0,0,0.0,2
2026-04-17 00:58:27,"0141 - Brazil, IN",Diesel,Brazil,IN,93.75850000000082,0,0.0,4
2026-04-17 00:58:27,"0141 - Brazil, IN",Unlead,Brazil,IN,0.0,0,0.0,1
2026-04-17 00:58:27,"0144 - Elk Run Height, IA",Diesel,Elk Run Height,IA,9.0,0,0.0,4
2026-04-17 00:58:27,"0144 - Elk Run Height, IA",Unlead,Elk Run Height,IA,0.0,0,0.0,2
2026-04-17 00:58:27,"0145 - Fenton, MO",Diesel,Fenton,MO,154.0,0,0.0,2
2026-04-17 00:58:27,"0145 - Fenton, MO",Unlead,Fenton,MO,0.0,0,0.0,1
2026-04-17 00:58:27,"0157 - Okawville, IL",Diesel,Okawville,IL,0.0,0,0.0,3
2026-04-17 00:58:27,"0157 - Okawville, IL",Unlead,Okawville,IL,22.80999999999949,0,0.0,1
2026-04-17 00:58:27,"0181 - Springfield, IL",Diesel,Springfield,IL,0.0,0,0.0,3
2026-04-17 00:58:27,"0181 - Springfield, IL",Unlead,Springfield,IL,0.0,0,0.0,1
2026-04-17 00:58:27,"0185 - McLean, IL",Diesel,McLean,IL,0.0,0,0.0,4
2026-04-17 00:58:27,"0185 - McLean, IL",Unlead,McLean,IL,24.313000000000102,0,0.0,1
2026-04-17 00:58:27,"0186 - Minonk, IL",Diesel,Minonk,IL,0.0,0,0.0,3
2026-04-17 00:58:27,"0186 - Minonk, IL",Unlead,Minonk,IL,0.0,0,0.0,1
2026-04-17 00:58:27,"0187 - Chicago, IL",Diesel,Chicago,IL,0.0,0,0.0,3
2026-04-17 00:58:27,"0187 - Chicago, IL",Unlead,Chicago,IL,2.399899999999434,0,0.0,1
2026-04-17 00:58:27,"0203 - Rockford, IL",Diesel,Rockford,IL,0.0,0,0.0,1
2026-04-17 00:58:27,"0203 - Rockford, IL",Unlead,Rockford,IL,2.7219999999997526,0,0.0,1
2026-04-17 00:58:27,"0205 - South Beloit, IL",Diesel,South Beloit,IL,0.0,0,0.0,3
2026-04-17 00:58:27,"0205 - South Beloit, IL",Unlead,South Beloit,IL,12.0,0,0.0,1
2026-04-17 00:58:27,"0206 - Winnebago, IL",Diesel,Winnebago,IL,0.0,0,0.0,1
2026-04-17 00:58:27,"0206 - Winnebago, IL",Unlead,Winnebago,IL,6.0,0,0.0,1
2026-04-17 00:58:27,"0209 - Oakdale, WI",Diesel,Oakdale,WI,0.0,0,0.0,3
2026-04-17 00:58:27,"0209 - Oakdale, WI",Unlead,Oakdale,WI,16.0,0,0.0,1
2026-04-17 00:58:27,"0210 - Rochelle, IL",Diesel,Rochelle,IL,0.0,0,0.0,3
2026-04-17 00:58:27,"0210 - Rochelle, IL",Unlead,Rochelle,IL,27.0,0,0.0,1
2026-04-17 00:58:27,"0211 - Loves Park, IL",Diesel,Loves Park,IL,0.0,0,0.0,1
2026-04-17 00:58:27,"0211 - Loves Park, IL",Unlead,Loves Park,IL,0.0,0,0.0,1
2026-04-17 00:58:27,"0225 - Princeton, IL",Diesel,Princeton,IL,31.0,0,0.0,4
2026-04-17 00:58:27,"0225 - Princeton, IL",Unlead,Princeton,IL,0.0,0,0.0,2
2026-04-17 00:58:27,"0226 - Greenwood, IN",Diesel,Greenwood,IN,204.0,0,0.0,2
2026-04-17 00:58:27,"0226 - Greenwood, IN",Unlead,Greenwood,IN,0.0,0,0.0,2
2026-04-17 00:58:27,"0235 - Hampshire, IL",Diesel,Hampshire,IL,126.0,0,0.0,2
2026-04-17 00:58:27,"0235 - Hampshire, IL",Unlead,Hampshire,IL,9.0,0,0.0,2
2026-04-17 00:58:27,"0236 - East Troy, WI",Diesel,East Troy,WI,0.0,0,0.0,2
2026-04-17 00:58:27,"0236 - East Troy, WI",Unlead,East Troy,WI,0.0,0,0.0,1
2026-04-17 00:58:27,"0240 - Lake Station, IN",Diesel,Lake Station,IN,85.0,0,0.0,5
2026-04-17 00:58:27,"0240 - Lake Station, IN",Unlead,Lake Station,IN,22.0,0,0.0,2
2026-04-17 00:58:27,"0242 - St Robert, MO",Diesel,St Robert,MO,170.79799999999977,0,0.0,4
2026-04-17 00:58:27,"0263 - Ottawa, IL",Diesel,Ottawa,IL,0.0,0,0.0,3
2026-04-17 00:58:27,"0263 - Ottawa, IL",Unlead,Ottawa,IL,10.0,0,0.0,1
2026-04-17 00:58:27,"0265 - Dixon, IL",Diesel,Dixon,IL,0.0,0,0.0,3
2026-04-17 00:58:27,"0265 - Dixon, IL",Unlead,Dixon,IL,0.0,0,0.0,1
2026-04-17 00:58:27,"0266 - New Berlin, IL",Diesel,New Berlin,IL,0.0,0,0.0,3
2026-04-17 00:58:27,"0266 - New Berlin, IL",Unlead,New Berlin,IL,21.51449999999977,0,0.0,1
2026-04-17 00:58:27,"0267 - Pharr, TX",Diesel,Pharr,TX,0.0,0,0.0,4
2026-04-17 00:58:27,"0267 - Pharr, TX",Unlead,Pharr,TX,0.0,0,0.0,1
2026-04-17 00:58:27,"0268 - Grayville, IL",Diesel,Grayville,IL,0.0,0,0.0,3
2026-04-17 00:58:27,"0268 - Grayville, IL",Unlead,Grayville,IL,12.0,0,0.0,1
2026-04-17 00:58:27,"0269 - Marshall, IL",Diesel,Marshall,IL,90.0,0,0.0,3
2026-04-17 00:58:27,"0269 - Marshall, IL",Unlead,Marshall,IL,26.0,0,0.0,1
2026-04-17 00:58:27,"0270 - Moore, TX",Diesel,Moore,TX,767.0,0,0.0,3
2026-04-17 00:58:27,"0270 - Moore, TX",Unlead,Moore,TX,72.0,0,0.0,1
2026-04-17 00:58:27,"0271 - Odessa, TX",Diesel,Odessa,TX,441.46300000000065,0,0.0,3
2026-04-17 00:58:27,"0271 - Odessa, TX",Unlead,Odessa,TX,11.42699999999968,0,0.0,1
2026-04-17 00:58:27,"0272 - Encinal, TX",Diesel,Encinal,TX,45.51999999999862,0,0.0,3
2026-04-17 00:58:27,"0272 - Encinal, TX",Unlead,Encinal,TX,6.620999999999185,0,0.0,1
2026-04-17 00:58:27,"0273 - Combes, TX",Diesel,Combes,TX,0.0,0,0.0,3
2026-04-17 00:58:27,"0273 - Combes, TX",Unlead,Combes,TX,8.874000000001615,0,0.0,1
2026-04-17 00:58:27,"0275 - Sonora, TX",Diesel,Sonora,TX,116.56199999999808,0,0.0,3
2026-04-17 00:58:27,"0275 - Sonora, TX",Unlead,Sonora,TX,5.177499999999782,0,0.0,1
2026-04-17 00:58:27,"0276 - Waco, TX",Diesel,Waco,TX,564.5550000000003,0,0.0,3
2026-04-17 00:58:27,"0276 - Waco, TX",Unlead,Waco,TX,32.874000000001615,0,0.0,1
2026-04-17 00:58:27,"0277 - New Boston, TX",Diesel,New Boston,TX,61.259000000000015,0,0.0,3
2026-04-17 00:58:27,"0277 - New Boston, TX",Unlead,New Boston,TX,0.0,0,0.0,1
2026-04-17 00:58:27,"0278 - Brinkley, AR",Diesel,Brinkley,AR,125.12199999999939,0,0.0,3
2026-04-17 00:58:27,"0278 - Brinkley, AR",Unlead,Brinkley,AR,40.35599999999977,0,0.0,1
2026-04-17 00:58:27,"0279 - Marion, IL",Diesel,Marion,IL,227.28100000000086,0,0.0,3
2026-04-17 00:58:27,"0279 - Marion, IL",Unlead,Marion,IL,21.433000000000902,0,0.0,1
2026-04-17 00:58:27,"0280 - Monahans, TX",Diesel,Monahans,TX,0.0,0,0.0,3
2026-04-17 00:58:27,"0280 - Monahans, TX",Unlead,Monahans,TX,0.0,0,0.0,1
2026-04-17 00:58:27,"0281 - Cisco, TX",Diesel,Cisco,TX,97.12299999999959,0,0.0,3
2026-04-17 00:58:27,"0281 - Cisco, TX",Unlead,Cisco,TX,7.510999999998603,0,0.0,1
2026-04-17 00:58:27,"0282 - Gainesville, TX",Diesel,Gainesville,TX,0.0,0,0.0,3
2026-04-17 00:58:27,"0282 - Gainesville, TX",Unlead,Gainesville,TX,7.368000000000393,0,0.0,1
2026-04-17 00:58:27,"0283 - Sealy, TX",Diesel,Sealy,TX,155.0669999999991,0,0.0,3
2026-04-17 00:58:27,"0283 - Sealy, TX",Unlead,Sealy,TX,0.0,0,0.0,1
2026-04-17 00:58:27,"0284 - New Deal, TX",Diesel,New Deal,TX,8.13799999999901,0,0.0,3
2026-04-17 00:58:27,"0284 - New Deal, TX",Unlead,New Deal,TX,2.9769999999989523,0,0.0,1
2026-04-17 00:58:27,"0285 - Seguin, TX",Diesel,Seguin,TX,12.059999999997672,0,0.0,3
2026-04-17 00:58:27,"0285 - Seguin, TX",Unlead,Seguin,TX,14.141999999999825,0,0.0,1
2026-04-17 00:58:27,"0286 - Amarillo, TX",Diesel,Amarillo,TX,94.29800000000068,0,0.0,3
2026-04-17 00:58:27,"0286 - Amarillo, TX",Unlead,Amarillo,TX,4.639999999999418,0,0.0,1
2026-04-17 00:58:27,"0287 - Burbonnais, IL",Diesel,Burbonnais,IL,17.316000000000713,0,0.0,3
2026-04-17 00:58:27,"0287 - Burbonnais, IL",Unlead,Burbonnais,IL,54.697000000000116,0,0.0,1
2026-04-17 00:58:27,"0289 - Teague, TX",Diesel,Teague,TX,225.47799999999916,0,0.0,3
2026-04-17 00:58:27,"0289 - Teague, TX",Unlead,Teague,TX,0.0,0,0.0,1
2026-04-17 00:58:27,"0290 - Joplin, MO",Diesel,Joplin,MO,0.0,0,0.0,3
2026-04-17 00:58:27,"0290 - Joplin, MO",Unlead,Joplin,MO,10.11700000000019,0,0.0,1
2026-04-17 00:58:27,"0312 - Vidor, TX",Diesel,Vidor,TX,0.0,0,0.0,3
2026-04-17 00:58:27,"0312 - Vidor, TX",Unlead,Vidor,TX,14.621000000001004,0,0.0,1
2026-04-17 00:58:27,"0315 - Laredo, TX",Diesel,Laredo,TX,0.0,0,0.0,3
2026-04-17 00:58:27,"0315 - Laredo, TX",Unlead,Laredo,TX,0.0,0,0.0,1
2026-04-17 00:58:27,"0319 - Milford, TX",Diesel,Milford,TX,0.0,0,0.0,3
2026-04-17 00:58:27,"0319 - Milford, TX",Unlead,Milford,TX,0.0,0,0.0,1
2026-04-17 00:58:27,"0323 - Canton, TX",Diesel,Canton,TX,0.0,0,0.0,3
2026-04-17 00:58:27,"0323 - Canton, TX",Unlead,Canton,TX,0.0,0,0.0,1
2026-04-17 01:13:29,"0118 - Springfield, IL",Diesel,Springfield,IL,46.0,0,0.0,3
2026-04-17 01:13:29,"0118 - Springfield, IL",Unlead,Springfield,IL,14.0,0,0.0,1
2026-04-17 01:13:29,"0132 - Champaign, IL",Diesel,Champaign,IL,0.0,0,0.0,3
2026-04-17 01:13:29,"0132 - Champaign, IL",Unlead,Champaign,IL,19.46600000000035,0,0.0,1
2026-04-17 01:13:29,"0136 - Cottage Grove, WI",Diesel,Cottage Grove,WI,85.64500000000044,0,0.0,2
2026-04-17 01:13:29,"0136 - Cottage Grove, WI",Unlead,Cottage Grove,WI,0.0,0,0.0,1
2026-04-17 01:13:29,"0139 - Tuscola, IL",Diesel,Tuscola,IL,0.0,0,0.0,1
2026-04-17 01:13:29,"0139 - Tuscola, IL",Unlead,Tuscola,IL,0.0,0,0.0,2
2026-04-17 01:13:29,"0140 - Mendota, IL",Diesel,Mendota,IL,0.0,0,0.0,2
2026-04-17 01:13:29,"0140 - Mendota, IL",Unlead,Mendota,IL,0.0,0,0.0,2
2026-04-17 01:13:29,"0141 - Brazil, IN",Diesel,Brazil,IN,31.030899999999747,0,0.0,4
2026-04-17 01:13:29,"0141 - Brazil, IN",Unlead,Brazil,IN,0.0,0,0.0,1
2026-04-17 01:13:29,"0144 - Elk Run Height, IA",Diesel,Elk Run Height,IA,0.0,0,0.0,4
2026-04-17 01:13:29,"0144 - Elk Run Height, IA",Unlead,Elk Run Height,IA,0.0,0,0.0,2
2026-04-17 01:13:29,"0145 - Fenton, MO",Diesel,Fenton,MO,0.0,0,0.0,2
2026-04-17 01:13:29,"0145 - Fenton, MO",Unlead,Fenton,MO,0.0,0,0.0,1
2026-04-17 01:13:29,"0157 - Okawville, IL",Diesel,Okawville,IL,0.0,0,0.0,3
2026-04-17 01:13:29,"0157 - Okawville, IL",Unlead,Okawville,IL,4.641999999999825,0,0.0,1
2026-04-17 01:13:29,"0181 - Springfield, IL",Diesel,Springfield,IL,95.80899999999929,0,0.0,3
2026-04-17 01:13:29,"0181 - Springfield, IL",Unlead,Springfield,IL,0.0,0,0.0,1
2026-04-17 01:13:29,"0185 - McLean, IL",Diesel,McLean,IL,22.279999999998836,0,0.0,4
2026-04-17 01:13:29,"0185 - McLean, IL",Unlead,McLean,IL,51.397899999999936,0,0.0,1
2026-04-17 01:13:29,"0186 - Minonk, IL",Diesel,Minonk,IL,91.83199999999943,0,0.0,3
2026-04-17 01:13:29,"0186 - Minonk, IL",Unlead,Minonk,IL,0.0,0,0.0,1
2026-04-17 01:13:29,"0187 - Chicago, IL",Diesel,Chicago,IL,0.0,0,0.0,3
2026-04-17 01:13:29,"0187 - Chicago, IL",Unlead,Chicago,IL,4.476999999999862,0,0.0,1
2026-04-17 01:13:29,"0203 - Rockford, IL",Diesel,Rockford,IL,90.28100000000086,0,0.0,1
2026-04-17 01:13:29,"0203 - Rockford, IL",Unlead,Rockford,IL,0.0,0,0.0,1
2026-04-17 01:13:29,"0205 - South Beloit, IL",Diesel,South Beloit,IL,0.0,0,0.0,3
2026-04-17 01:13:29,"0205 - South Beloit, IL",Unlead,South Beloit,IL,10.0,0,0.0,1
2026-04-17 01:13:29,"0206 - Winnebago, IL",Diesel,Winnebago,IL,0.0,0,0.0,1
2026-04-17 01:13:29,"0206 - Winnebago, IL",Unlead,Winnebago,IL,3.0,0,0.0,1
2026-04-17 01:13:29,"0209 - Oakdale, WI",Diesel,Oakdale,WI,0.0,0,0.0,3
2026-04-17 01:13:29,"0209 - Oakdale, WI",Unlead,Oakdale,WI,0.0,0,0.0,1
2026-04-17 01:13:29,"0210 - Rochelle, IL",Diesel,Rochelle,IL,0.0,0,0.0,3
2026-04-17 01:13:29,"0210 - Rochelle, IL",Unlead,Rochelle,IL,0.0,0,0.0,1
2026-04-17 01:13:29,"0211 - Loves Park, IL",Diesel,Loves Park,IL,30.0,0,0.0,1
2026-04-17 01:13:29,"0211 - Loves Park, IL",Unlead,Loves Park,IL,0.0,0,0.0,1
2026-04-17 01:13:29,"0225 - Princeton, IL",Diesel,Princeton,IL,0.0,0,0.0,4
2026-04-17 01:13:29,"0225 - Princeton, IL",Unlead,Princeton,IL,0.0,0,0.0,2
2026-04-17 01:13:29,"0226 - Greenwood, IN",Diesel,Greenwood,IN,218.0,0,0.0,2
2026-04-17 01:13:29,"0226 - Greenwood, IN",Unlead,Greenwood,IN,0.0,0,0.0,2
2026-04-17 01:13:29,"0235 - Hampshire, IL",Diesel,Hampshire,IL,76.0,0,0.0,2
2026-04-17 01:13:29,"0235 - Hampshire, IL",Unlead,Hampshire,IL,5.0,0,0.0,2
2026-04-17 01:13:29,"0236 - East Troy, WI",Diesel,East Troy,WI,0.0,0,0.0,2
2026-04-17 01:13:29,"0236 - East Troy, WI",Unlead,East Troy,WI,0.0,0,0.0,1
2026-04-17 01:13:29,"0240 - Lake Station, IN",Diesel,Lake Station,IN,43.0,0,0.0,5
2026-04-17 01:13:29,"0240 - Lake Station, IN",Unlead,Lake Station,IN,11.0,0,0.0,2
2026-04-17 01:13:29,"0242 - St Robert, MO",Diesel,St Robert,MO,0.0,0,0.0,4
2026-04-17 01:13:29,"0263 - Ottawa, IL",Diesel,Ottawa,IL,0.0,0,0.0,3
2026-04-17 01:13:29,"0263 - Ottawa, IL",Unlead,Ottawa,IL,0.0,0,0.0,1
2026-04-17 01:13:29,"0265 - Dixon, IL",Diesel,Dixon,IL,0.0,0,0.0,3
2026-04-17 01:13:29,"0265 - Dixon, IL",Unlead,Dixon,IL,0.0,0,0.0,1
2026-04-17 01:13:29,"0266 - New Berlin, IL",Diesel,New Berlin,IL,0.0,0,0.0,3
2026-04-17 01:13:29,"0266 - New Berlin, IL",Unlead,New Berlin,IL,6.06939999999986,0,0.0,1
2026-04-17 01:13:29,"0267 - Pharr, TX",Diesel,Pharr,TX,0.0,0,0.0,4
2026-04-17 01:13:29,"0267 - Pharr, TX",Unlead,Pharr,TX,0.0,0,0.0,1
2026-04-17 01:13:29,"0268 - Grayville, IL",Diesel,Grayville,IL,0.0,0,0.0,3
2026-04-17 01:13:29,"0268 - Grayville, IL",Unlead,Grayville,IL,7.0,0,0.0,1
2026-04-17 01:13:29,"0269 - Marshall, IL",Diesel,Marshall,IL,0.0,0,0.0,3
2026-04-17 01:13:29,"0269 - Marshall, IL",Unlead,Marshall,IL,0.0,0,0.0,1
2026-04-17 01:13:29,"0270 - Moore, TX",Diesel,Moore,TX,198.0,0,0.0,3
2026-04-17 01:13:29,"0270 - Moore, TX",Unlead,Moore,TX,8.0,0,0.0,1
2026-04-17 01:13:29,"0271 - Odessa, TX",Diesel,Odessa,TX,62.29329999999936,0,0.0,3
2026-04-17 01:13:29,"0271 - Odessa, TX",Unlead,Odessa,TX,0.0,0,0.0,1
2026-04-17 01:13:29,"0272 - Encinal, TX",Diesel,Encinal,TX,0.0,0,0.0,3
2026-04-17 01:13:29,"0272 - Encinal, TX",Unlead,Encinal,TX,25.177999999999884,0,0.0,1
2026-04-17 01:13:29,"0273 - Combes, TX",Diesel,Combes,TX,0.0,0,0.0,3
2026-04-17 01:13:29,"0273 - Combes, TX",Unlead,Combes,TX,11.032999999999447,0,0.0,1
2026-04-17 01:13:29,"0275 - Sonora, TX",Diesel,Sonora,TX,0.0,0,0.0,3
2026-04-17 01:13:29,"0275 - Sonora, TX",Unlead,Sonora,TX,16.97530000000006,0,0.0,1
2026-04-17 01:13:29,"0276 - Waco, TX",Diesel,Waco,TX,22.945999999999913,0,0.0,3
2026-04-17 01:13:29,"0276 - Waco, TX",Unlead,Waco,TX,0.0,0,0.0,1
2026-04-17 01:13:29,"0277 - New Boston, TX",Diesel,New Boston,TX,0.0,0,0.0,3
2026-04-17 01:13:29,"0277 - New Boston, TX",Unlead,New Boston,TX,0.0,0,0.0,1
2026-04-17 01:13:29,"0278 - Brinkley, AR",Diesel,Brinkley,AR,0.0,0,0.0,3
2026-04-17 01:13:29,"0278 - Brinkley, AR",Unlead,Brinkley,AR,48.10199999999895,0,0.0,1
2026-04-17 01:13:29,"0279 - Marion, IL",Diesel,Marion,IL,0.0,0,0.0,3
2026-04-17 01:13:29,"0279 - Marion, IL",Unlead,Marion,IL,15.076999999999316,0,0.0,1
2026-04-17 01:13:29,"0280 - Monahans, TX",Diesel,Monahans,TX,0.0,0,0.0,3
2026-04-17 01:13:29,"0280 - Monahans, TX",Unlead,Monahans,TX,0.0,0,0.0,1
2026-04-17 01:13:29,"0281 - Cisco, TX",Diesel,Cisco,TX,147.42299999999886,0,0.0,3
2026-04-17 01:13:29,"0281 - Cisco, TX",Unlead,Cisco,TX,16.965000000000146,0,0.0,1
2026-04-17 01:13:29,"0282 - Gainesville, TX",Diesel,Gainesville,TX,0.0,0,0.0,3
2026-04-17 01:13:29,"0282 - Gainesville, TX",Unlead,Gainesville,TX,13.872999999999593,0,0.0,1
2026-04-17 01:13:29,"0283 - Sealy, TX",Diesel,Sealy,TX,0.0,0,0.0,3
2026-04-17 01:13:29,"0283 - Sealy, TX",Unlead,Sealy,TX,0.0,0,0.0,1
2026-04-17 01:13:29,"0284 - New Deal, TX",Diesel,New Deal,TX,0.0,0,0.0,3
2026-04-17 01:13:29,"0284 - New Deal, TX",Unlead,New Deal,TX,9.05199999999968,0,0.0,1
2026-04-17 01:13:29,"0285 - Seguin, TX",Diesel,Seguin,TX,0.0,0,0.0,3
2026-04-17 01:13:29,"0285 - Seguin, TX",Unlead,Seguin,TX,0.0,0,0.0,1
2026-04-17 01:13:29,"0286 - Amarillo, TX",Diesel,Amarillo,TX,0.0,0,0.0,3
2026-04-17 01:13:29,"0286 - Amarillo, TX",Unlead,Amarillo,TX,0.0,0,0.0,1
2026-04-17 01:13:29,"0287 - Burbonnais, IL",Diesel,Burbonnais,IL,0.0,0,0.0,3
2026-04-17 01:13:29,"0287 - Burbonnais, IL",Unlead,Burbonnais,IL,16.57799999999952,0,0.0,1
2026-04-17 01:13:29,"0289 - Teague, TX",Diesel,Teague,TX,137.5179999999982,0,0.0,3
2026-04-17 01:13:29,"0289 - Teague, TX",Unlead,Teague,TX,29.68500000000131,0,0.0,1
2026-04-17 01:13:29,"0290 - Joplin, MO",Diesel,Joplin,MO,0.0,0,0.0,3
2026-04-17 01:13:29,"0290 - Joplin, MO",Unlead,Joplin,MO,6.438000000000102,0,0.0,1
2026-04-17 01:13:29,"0312 - Vidor, TX",Diesel,Vidor,TX,80.44000000000051,0,0.0,3
2026-04-17 01:13:29,"0312 - Vidor, TX",Unlead,Vidor,TX,2.8879999999990105,0,0.0,1
2026-04-17 01:13:29,"0315 - Laredo, TX",Diesel,Laredo,TX,0.0,0,0.0,3
2026-04-17 01:13:29,"0315 - Laredo, TX",Unlead,Laredo,TX,0.0,0,0.0,1
2026-04-17 01:13:29,"0319 - Milford, TX",Diesel,Milford,TX,0.0,0,0.0,3
2026-04-17 01:13:29,"0319 - Milford, TX",Unlead,Milford,TX,0.0,0,0.0,1
2026-04-17 01:13:29,"0323 - Canton, TX",Diesel,Canton,TX,14.063500000000204,0,0.0,3
2026-04-17 01:13:29,"0323 - Canton, TX",Unlead,Canton,TX,0.0,0,0.0,1
2026-04-17 01:29:03,"0118 - Springfield, IL",Diesel,Springfield,IL,0.0,0,0.0,3
2026-04-17 01:29:03,"0118 - Springfield, IL",Unlead,Springfield,IL,4.0,0,0.0,1
2026-04-17 01:29:03,"0132 - Champaign, IL",Diesel,Champaign,IL,0.0,0,0.0,3
2026-04-17 01:29:03,"0132 - Champaign, IL",Unlead,Champaign,IL,0.0,0,0.0,1
2026-04-17 01:29:03,"0136 - Cottage Grove, WI",Diesel,Cottage Grove,WI,0.0,0,0.0,2
2026-04-17 01:29:03,"0136 - Cottage Grove, WI",Unlead,Cottage Grove,WI,12.2450000000008,0,0.0,1
2026-04-17 01:29:03,"0139 - Tuscola, IL",Diesel,Tuscola,IL,0.0,0,0.0,1
2026-04-17 01:29:03,"0139 - Tuscola, IL",Unlead,Tuscola,IL,0.0,0,0.0,2
2026-04-17 01:29:03,"0140 - Mendota, IL",Diesel,Mendota,IL,61.0,0,0.0,2
2026-04-17 01:29:03,"0140 - Mendota, IL",Unlead,Mendota,IL,0.0,0,0.0,2
2026-04-17 01:29:03,"0141 - Brazil, IN",Diesel,Brazil,IN,0.0,0,0.0,4
2026-04-17 01:29:03,"0141 - Brazil, IN",Unlead,Brazil,IN,0.0,0,0.0,1
2026-04-17 01:29:03,"0144 - Elk Run Height, IA",Diesel,Elk Run Height,IA,0.0,0,0.0,4
2026-04-17 01:29:03,"0144 - Elk Run Height, IA",Unlead,Elk Run Height,IA,0.0,0,0.0,2
2026-04-17 01:29:03,"0145 - Fenton, MO",Diesel,Fenton,MO,0.0,0,0.0,2
2026-04-17 01:29:03,"0145 - Fenton, MO",Unlead,Fenton,MO,0.0,0,0.0,1
2026-04-17 01:29:03,"0157 - Okawville, IL",Diesel,Okawville,IL,0.0,0,0.0,3
2026-04-17 01:29:03,"0157 - Okawville, IL",Unlead,Okawville,IL,0.0,0,0.0,1
2026-04-17 01:29:03,"0181 - Springfield, IL",Diesel,Springfield,IL,0.0,0,0.0,3
2026-04-17 01:29:03,"0181 - Springfield, IL",Unlead,Springfield,IL,0.0,0,0.0,1
2026-04-17 01:29:03,"0185 - McLean, IL",Diesel,McLean,IL,70.31000000000131,0,0.0,4
2026-04-17 01:29:03,"0185 - McLean, IL",Unlead,McLean,IL,4.890200000000732,0,0.0,1
2026-04-17 01:29:03,"0186 - Minonk, IL",Diesel,Minonk,IL,0.0,0,0.0,3
2026-04-17 01:29:03,"0186 - Minonk, IL",Unlead,Minonk,IL,0.0,0,0.0,1
2026-04-17 01:29:03,"0187 - Chicago, IL",Diesel,Chicago,IL,0.0,0,0.0,3
2026-04-17 01:29:03,"0187 - Chicago, IL",Unlead,Chicago,IL,0.0,0,0.0,1
2026-04-17 01:29:03,"0203 - Rockford, IL",Diesel,Rockford,IL,0.0,0,0.0,1
2026-04-17 01:29:03,"0203 - Rockford, IL",Unlead,Rockford,IL,0.0,0,0.0,1
2026-04-17 01:29:03,"0205 - South Beloit, IL",Diesel,South Beloit,IL,0.0,0,0.0,3
2026-04-17 01:29:03,"0205 - South Beloit, IL",Unlead,South Beloit,IL,4.0,0,0.0,1
2026-04-17 01:29:03,"0206 - Winnebago, IL",Diesel,Winnebago,IL,0.0,0,0.0,1
2026-04-17 01:29:03,"0206 - Winnebago, IL",Unlead,Winnebago,IL,0.0,0,0.0,1
2026-04-17 01:29:03,"0209 - Oakdale, WI",Diesel,Oakdale,WI,0.0,0,0.0,3
2026-04-17 01:29:03,"0209 - Oakdale, WI",Unlead,Oakdale,WI,0.0,0,0.0,1
2026-04-17 01:29:03,"0210 - Rochelle, IL",Diesel,Rochelle,IL,0.0,0,0.0,3
2026-04-17 01:29:03,"0210 - Rochelle, IL",Unlead,Rochelle,IL,0.0,0,0.0,1
2026-04-17 01:29:03,"0211 - Loves Park, IL",Diesel,Loves Park,IL,0.0,0,0.0,1
2026-04-17 01:29:03,"0211 - Loves Park, IL",Unlead,Loves Park,IL,0.0,0,0.0,1
2026-04-17 01:29:03,"0225 - Princeton, IL",Diesel,Princeton,IL,79.0,0,0.0,4
2026-04-17 01:29:03,"0225 - Princeton, IL",Unlead,Princeton,IL,2.0,0,0.0,2
2026-04-17 01:29:03,"0226 - Greenwood, IN",Diesel,Greenwood,IN,0.0,0,0.0,2
2026-04-17 01:29:03,"0226 - Greenwood, IN",Unlead,Greenwood,IN,0.0,0,0.0,2
2026-04-17 01:29:03,"0235 - Hampshire, IL",Diesel,Hampshire,IL,0.0,0,0.0,2
2026-04-17 01:29:03,"0235 - Hampshire, IL",Unlead,Hampshire,IL,0.0,0,0.0,2
2026-04-17 01:29:03,"0236 - East Troy, WI",Diesel,East Troy,WI,0.0,0,0.0,2
2026-04-17 01:29:03,"0236 - East Troy, WI",Unlead,East Troy,WI,0.0,0,0.0,1
2026-04-17 01:29:03,"0240 - Lake Station, IN",Diesel,Lake Station,IN,0.0,0,0.0,5
2026-04-17 01:29:03,"0240 - Lake Station, IN",Unlead,Lake Station,IN,7.0,0,0.0,2
2026-04-17 01:29:03,"0242 - St Robert, MO",Diesel,St Robert,MO,25.161000000000058,0,0.0,4
2026-04-17 01:29:03,"0263 - Ottawa, IL",Diesel,Ottawa,IL,101.0,0,0.0,3
2026-04-17 01:29:03,"0263 - Ottawa, IL",Unlead,Ottawa,IL,10.0,0,0.0,1
2026-04-17 01:29:03,"0265 - Dixon, IL",Diesel,Dixon,IL,0.0,0,0.0,3
2026-04-17 01:29:03,"0265 - Dixon, IL",Unlead,Dixon,IL,0.0,0,0.0,1
2026-04-17 01:29:03,"0266 - New Berlin, IL",Diesel,New Berlin,IL,0.0,0,0.0,3
2026-04-17 01:29:03,"0266 - New Berlin, IL",Unlead,New Berlin,IL,0.0,0,0.0,1
2026-04-17 01:29:03,"0267 - Pharr, TX",Diesel,Pharr,TX,0.0,0,0.0,4
2026-04-17 01:29:03,"0267 - Pharr, TX",Unlead,Pharr,TX,0.0,0,0.0,1
2026-04-17 01:29:03,"0268 - Grayville, IL",Diesel,Grayville,IL,144.0,0,0.0,3
2026-04-17 01:29:03,"0268 - Grayville, IL",Unlead,Grayville,IL,0.0,0,0.0,1
2026-04-17 01:29:03,"0269 - Marshall, IL",Diesel,Marshall,IL,0.0,0,0.0,3
2026-04-17 01:29:03,"0269 - Marshall, IL",Unlead,Marshall,IL,10.0,0,0.0,1
2026-04-17 01:29:03,"0270 - Moore, TX",Diesel,Moore,TX,251.0,0,0.0,3
2026-04-17 01:29:03,"0270 - Moore, TX",Unlead,Moore,TX,12.0,0,0.0,1
2026-04-17 01:29:03,"0271 - Odessa, TX",Diesel,Odessa,TX,284.6331,0,0.0,3
2026-04-17 01:29:03,"0271 - Odessa, TX",Unlead,Odessa,TX,11.709999999999127,0,0.0,1
2026-04-17 01:29:03,"0272 - Encinal, TX",Diesel,Encinal,TX,0.0,0,0.0,3
2026-04-17 01:29:03,"0272 - Encinal, TX",Unlead,Encinal,TX,0.0,0,0.0,1
2026-04-17 01:29:03,"0273 - Combes, TX",Diesel,Combes,TX,0.0,0,0.0,3
2026-04-17 01:29:03,"0273 - Combes, TX",Unlead,Combes,TX,19.288000000000466,0,0.0,1
2026-04-17 01:29:03,"0275 - Sonora, TX",Diesel,Sonora,TX,29.807999999997264,0,0.0,3
2026-04-17 01:29:03,"0275 - Sonora, TX",Unlead,Sonora,TX,0.0,0,0.0,1
2026-04-17 01:29:03,"0276 - Waco, TX",Diesel,Waco,TX,63.97099999999955,0,0.0,3
2026-04-17 01:29:03,"0276 - Waco, TX",Unlead,Waco,TX,16.852999999999156,0,0.0,1
2026-04-17 01:29:03,"0277 - New Boston, TX",Diesel,New Boston,TX,0.0,0,0.0,3
2026-04-17 01:29:03,"0277 - New Boston, TX",Unlead,New Boston,TX,0.0,0,0.0,1
2026-04-17 01:29:03,"0278 - Brinkley, AR",Diesel,Brinkley,AR,186.69300000000112,0,0.0,3
2026-04-17 01:29:03,"0278 - Brinkley, AR",Unlead,Brinkley,AR,0.0,0,0.0,1
2026-04-17 01:29:03,"0279 - Marion, IL",Diesel,Marion,IL,71.97400000000198,0,0.0,3
2026-04-17 01:29:03,"0279 - Marion, IL",Unlead,Marion,IL,20.76000000000022,0,0.0,1
2026-04-17 01:29:03,"0280 - Monahans, TX",Diesel,Monahans,TX,0.0,0,0.0,3
2026-04-17 01:29:03,"0280 - Monahans, TX",Unlead,Monahans,TX,0.0,0,0.0,1
2026-04-17 01:29:03,"0281 - Cisco, TX",Diesel,Cisco,TX,0.0,0,0.0,3
2026-04-17 01:29:03,"0281 - Cisco, TX",Unlead,Cisco,TX,0.0,0,0.0,1
2026-04-17 01:29:03,"0282 - Gainesville, TX",Diesel,Gainesville,TX,0.0,0,0.0,3
2026-04-17 01:29:03,"0282 - Gainesville, TX",Unlead,Gainesville,TX,0.0,0,0.0,1
2026-04-17 01:29:03,"0283 - Sealy, TX",Diesel,Sealy,TX,46.40099999999984,0,0.0,3
2026-04-17 01:29:03,"0283 - Sealy, TX",Unlead,Sealy,TX,9.927999999999884,0,0.0,1
2026-04-17 01:29:03,"0284 - New Deal, TX",Diesel,New Deal,TX,0.0,0,0.0,3
2026-04-17 01:29:03,"0284 - New Deal, TX",Unlead,New Deal,TX,5.765000000001237,0,0.0,1
2026-04-17 01:29:03,"0285 - Seguin, TX",Diesel,Seguin,TX,136.9240000000009,0,0.0,3
2026-04-17 01:29:03,"0285 - Seguin, TX",Unlead,Seguin,TX,0.0,0,0.0,1
2026-04-17 01:29:03,"0286 - Amarillo, TX",Diesel,Amarillo,TX,172.2489999999998,0,0.0,3
2026-04-17 01:29:03,"0286 - Amarillo, TX",Unlead,Amarillo,TX,0.0,0,0.0,1
2026-04-17 01:29:03,"0287 - Burbonnais, IL",Diesel,Burbonnais,IL,0.0,0,0.0,3
2026-04-17 01:29:03,"0287 - Burbonnais, IL",Unlead,Burbonnais,IL,35.9320000000007,0,0.0,1
2026-04-17 01:29:03,"0289 - Teague, TX",Diesel,Teague,TX,0.0,0,0.0,3
2026-04-17 01:29:03,"0289 - Teague, TX",Unlead,Teague,TX,0.0,0,0.0,1
2026-04-17 01:29:03,"0290 - Joplin, MO",Diesel,Joplin,MO,0.0,0,0.0,3
2026-04-17 01:29:03,"0290 - Joplin, MO",Unlead,Joplin,MO,11.21099999999933,0,0.0,1
2026-04-17 01:29:03,"0312 - Vidor, TX",Diesel,Vidor,TX,5.059499999999389,0,0.0,3
2026-04-17 01:29:03,"0312 - Vidor, TX",Unlead,Vidor,TX,0.0,0,0.0,1
2026-04-17 01:29:03,"0315 - Laredo, TX",Diesel,Laredo,TX,0.0,0,0.0,3
2026-04-17 01:29:03,"0315 - Laredo, TX",Unlead,Laredo,TX,0.0,0,0.0,1
2026-04-17 01:29:03,"0319 - Milford, TX",Diesel,Milford,TX,94.875,0,0.0,3
2026-04-17 01:29:03,"0319 - Milford, TX",Unlead,Milford,TX,36.94100000000071,0,0.0,1
2026-04-17 01:29:03,"0323 - Canton, TX",Diesel,Canton,TX,10.798000000000684,0,0.0,3
2026-04-17 01:29:03,"0323 - Canton, TX",Unlead,Canton,TX,0.0,0,0.0,1
2026-04-17 01:44:25,"0118 - Springfield, IL",Diesel,Springfield,IL,0.0,0,0.0,3
2026-04-17 01:44:25,"0118 - Springfield, IL",Unlead,Springfield,IL,0.0,0,0.0,1
2026-04-17 01:44:25,"0132 - Champaign, IL",Diesel,Champaign,IL,0.0,1,766.8886000000002,3
2026-04-17 01:44:25,"0132 - Champaign, IL",Unlead,Champaign,IL,0.0,0,0.0,1
2026-04-17 01:44:25,"0136 - Cottage Grove, WI",Diesel,Cottage Grove,WI,0.0,0,0.0,2
2026-04-17 01:44:25,"0136 - Cottage Grove, WI",Unlead,Cottage Grove,WI,0.0,0,0.0,1
2026-04-17 01:44:25,"0139 - Tuscola, IL",Diesel,Tuscola,IL,0.0,0,0.0,1
2026-04-17 01:44:25,"0139 - Tuscola, IL",Unlead,Tuscola,IL,0.0,0,0.0,2
2026-04-17 01:44:25,"0140 - Mendota, IL",Diesel,Mendota,IL,0.0,0,0.0,2
2026-04-17 01:44:25,"0140 - Mendota, IL",Unlead,Mendota,IL,0.0,0,0.0,2
2026-04-17 01:44:25,"0141 - Brazil, IN",Diesel,Brazil,IN,0.0,0,0.0,4
2026-04-17 01:44:25,"0141 - Brazil, IN",Unlead,Brazil,IN,0.0,0,0.0,1
2026-04-17 01:44:25,"0144 - Elk Run Height, IA",Diesel,Elk Run Height,IA,0.0,0,0.0,4
2026-04-17 01:44:25,"0144 - Elk Run Height, IA",Unlead,Elk Run Height,IA,0.0,0,0.0,2
2026-04-17 01:44:25,"0145 - Fenton, MO",Diesel,Fenton,MO,0.0,0,0.0,2
2026-04-17 01:44:25,"0145 - Fenton, MO",Unlead,Fenton,MO,11.0,0,0.0,1
2026-04-17 01:44:25,"0157 - Okawville, IL",Diesel,Okawville,IL,0.0,0,0.0,3
2026-04-17 01:44:25,"0157 - Okawville, IL",Unlead,Okawville,IL,11.931000000000495,0,0.0,1
2026-04-17 01:44:25,"0181 - Springfield, IL",Diesel,Springfield,IL,0.0,0,0.0,3
2026-04-17 01:44:25,"0181 - Springfield, IL",Unlead,Springfield,IL,0.0,0,0.0,1
2026-04-17 01:44:25,"0185 - McLean, IL",Diesel,McLean,IL,0.0,0,0.0,4
2026-04-17 01:44:25,"0185 - McLean, IL",Unlead,McLean,IL,0.0,0,0.0,1
2026-04-17 01:44:25,"0186 - Minonk, IL",Diesel,Minonk,IL,0.0,0,0.0,3
2026-04-17 01:44:25,"0186 - Minonk, IL",Unlead,Minonk,IL,0.0,0,0.0,1
2026-04-17 01:44:25,"0187 - Chicago, IL",Diesel,Chicago,IL,0.0,0,0.0,3
2026-04-17 01:44:25,"0187 - Chicago, IL",Unlead,Chicago,IL,0.0,0,0.0,1
2026-04-17 01:44:25,"0203 - Rockford, IL",Diesel,Rockford,IL,0.0,0,0.0,1
2026-04-17 01:44:25,"0203 - Rockford, IL",Unlead,Rockford,IL,0.0,0,0.0,1
2026-04-17 01:44:25,"0205 - South Beloit, IL",Diesel,South Beloit,IL,43.0,0,0.0,3
2026-04-17 01:44:25,"0205 - South Beloit, IL",Unlead,South Beloit,IL,0.0,0,0.0,1
2026-04-17 01:44:25,"0206 - Winnebago, IL",Diesel,Winnebago,IL,0.0,0,0.0,1
2026-04-17 01:44:25,"0206 - Winnebago, IL",Unlead,Winnebago,IL,0.0,0,0.0,1
2026-04-17 01:44:25,"0209 - Oakdale, WI",Diesel,Oakdale,WI,0.0,0,0.0,3
2026-04-17 01:44:25,"0209 - Oakdale, WI",Unlead,Oakdale,WI,0.0,0,0.0,1
2026-04-17 01:44:25,"0210 - Rochelle, IL",Diesel,Rochelle,IL,0.0,0,0.0,3
2026-04-17 01:44:25,"0210 - Rochelle, IL",Unlead,Rochelle,IL,0.0,0,0.0,1
2026-04-17 01:44:25,"0211 - Loves Park, IL",Diesel,Loves Park,IL,0.0,0,0.0,1
2026-04-17 01:44:25,"0211 - Loves Park, IL",Unlead,Loves Park,IL,0.0,0,0.0,1
2026-04-17 01:44:25,"0225 - Princeton, IL",Diesel,Princeton,IL,95.0,0,0.0,4
2026-04-17 01:44:25,"0225 - Princeton, IL",Unlead,Princeton,IL,0.0,0,0.0,2
2026-04-17 01:44:25,"0226 - Greenwood, IN",Diesel,Greenwood,IN,0.0,0,0.0,2
2026-04-17 01:44:25,"0226 - Greenwood, IN",Unlead,Greenwood,IN,5.0,0,0.0,2
2026-04-17 01:44:25,"0235 - Hampshire, IL",Diesel,Hampshire,IL,0.0,0,0.0,2
2026-04-17 01:44:25,"0235 - Hampshire, IL",Unlead,Hampshire,IL,0.0,0,0.0,2
2026-04-17 01:44:25,"0236 - East Troy, WI",Diesel,East Troy,WI,0.0,0,0.0,2
2026-04-17 01:44:25,"0236 - East Troy, WI",Unlead,East Troy,WI,0.0,0,0.0,1
2026-04-17 01:44:25,"0240 - Lake Station, IN",Diesel,Lake Station,IN,0.0,0,0.0,5
2026-04-17 01:44:25,"0240 - Lake Station, IN",Unlead,Lake Station,IN,0.0,0,0.0,2
2026-04-17 01:44:25,"0242 - St Robert, MO",Diesel,St Robert,MO,0.0,0,0.0,4
2026-04-17 01:44:25,"0263 - Ottawa, IL",Diesel,Ottawa,IL,0.0,0,0.0,3
2026-04-17 01:44:25,"0263 - Ottawa, IL",Unlead,Ottawa,IL,0.0,0,0.0,1
2026-04-17 01:44:25,"0265 - Dixon, IL",Diesel,Dixon,IL,0.0,0,0.0,3
2026-04-17 01:44:25,"0265 - Dixon, IL",Unlead,Dixon,IL,0.0,0,0.0,1
2026-04-17 01:44:25,"0266 - New Berlin, IL",Diesel,New Berlin,IL,0.0,0,0.0,3
2026-04-17 01:44:25,"0266 - New Berlin, IL",Unlead,New Berlin,IL,0.0,0,0.0,1
2026-04-17 01:44:25,"0267 - Pharr, TX",Diesel,Pharr,TX,142.0,0,0.0,4
2026-04-17 01:44:25,"0267 - Pharr, TX",Unlead,Pharr,TX,0.0,0,0.0,1
2026-04-17 01:44:25,"0268 - Grayville, IL",Diesel,Grayville,IL,0.0,0,0.0,3
2026-04-17 01:44:25,"0268 - Grayville, IL",Unlead,Grayville,IL,0.0,0,0.0,1
2026-04-17 01:44:25,"0269 - Marshall, IL",Diesel,Marshall,IL,0.0,0,0.0,3
2026-04-17 01:44:25,"0269 - Marshall, IL",Unlead,Marshall,IL,14.0,0,0.0,1
2026-04-17 01:44:25,"0270 - Moore, TX",Diesel,Moore,TX,337.0,0,0.0,3
2026-04-17 01:44:25,"0270 - Moore, TX",Unlead,Moore,TX,28.0,0,0.0,1
2026-04-17 01:44:25,"0271 - Odessa, TX",Diesel,Odessa,TX,248.0606000000007,0,0.0,3
2026-04-17 01:44:25,"0271 - Odessa, TX",Unlead,Odessa,TX,25.382000000001426,0,0.0,1
2026-04-17 01:44:25,"0272 - Encinal, TX",Diesel,Encinal,TX,0.0,0,0.0,3
2026-04-17 01:44:25,"0272 - Encinal, TX",Unlead,Encinal,TX,18.441999999999098,0,0.0,1
2026-04-17 01:44:25,"0273 - Combes, TX",Diesel,Combes,TX,0.0,0,0.0,3
2026-04-17 01:44:25,"0273 - Combes, TX",Unlead,Combes,TX,16.732999999998356,0,0.0,1
2026-04-17 01:44:25,"0275 - Sonora, TX",Diesel,Sonora,TX,0.0,0,0.0,3
2026-04-17 01:44:25,"0275 - Sonora, TX",Unlead,Sonora,TX,0.0,0,0.0,1
2026-04-17 01:44:25,"0276 - Waco, TX",Diesel,Waco,TX,82.11399999999958,0,0.0,3
2026-04-17 01:44:25,"0276 - Waco, TX",Unlead,Waco,TX,0.0,0,0.0,1
2026-04-17 01:44:25,"0277 - New Boston, TX",Diesel,New Boston,TX,0.0,0,0.0,3
2026-04-17 01:44:25,"0277 - New Boston, TX",Unlead,New Boston,TX,0.0,0,0.0,1
2026-04-17 01:44:25,"0278 - Brinkley, AR",Diesel,Brinkley,AR,31.599999999998545,0,0.0,3
2026-04-17 01:44:25,"0278 - Brinkley, AR",Unlead,Brinkley,AR,0.0,0,0.0,1
2026-04-17 01:44:25,"0279 - Marion, IL",Diesel,Marion,IL,0.0,0,0.0,3
2026-04-17 01:44:25,"0279 - Marion, IL",Unlead,Marion,IL,31.422999999998865,0,0.0,1
2026-04-17 01:44:25,"0280 - Monahans, TX",Diesel,Monahans,TX,0.0,0,0.0,3
2026-04-17 01:44:25,"0280 - Monahans, TX",Unlead,Monahans,TX,0.0,0,0.0,1
2026-04-17 01:44:25,"0281 - Cisco, TX",Diesel,Cisco,TX,0.0,0,0.0,3
2026-04-17 01:44:25,"0281 - Cisco, TX",Unlead,Cisco,TX,2.6260000000002037,0,0.0,1
2026-04-17 01:44:25,"0282 - Gainesville, TX",Diesel,Gainesville,TX,64.33800000000338,0,0.0,3
2026-04-17 01:44:25,"0282 - Gainesville, TX",Unlead,Gainesville,TX,0.0,0,0.0,1
2026-04-17 01:44:25,"0283 - Sealy, TX",Diesel,Sealy,TX,0.0,0,0.0,3
2026-04-17 01:44:25,"0283 - Sealy, TX",Unlead,Sealy,TX,0.0,0,0.0,1
2026-04-17 01:44:25,"0284 - New Deal, TX",Diesel,New Deal,TX,0.0,0,0.0,3
2026-04-17 01:44:25,"0284 - New Deal, TX",Unlead,New Deal,TX,7.039999999999054,0,0.0,1
2026-04-17 01:44:25,"0285 - Seguin, TX",Diesel,Seguin,TX,80.35399999999754,0,0.0,3
2026-04-17 01:44:25,"0285 - Seguin, TX",Unlead,Seguin,TX,8.769500000000335,0,0.0,1
2026-04-17 01:44:25,"0286 - Amarillo, TX",Diesel,Amarillo,TX,112.71600000000035,0,0.0,3
2026-04-17 01:44:25,"0286 - Amarillo, TX",Unlead,Amarillo,TX,0.0,0,0.0,1
2026-04-17 01:44:25,"0287 - Burbonnais, IL",Diesel,Burbonnais,IL,0.0,0,0.0,3
2026-04-17 01:44:25,"0287 - Burbonnais, IL",Unlead,Burbonnais,IL,10.861000000000786,0,0.0,1
2026-04-17 01:44:25,"0289 - Teague, TX",Diesel,Teague,TX,0.0,0,0.0,3
2026-04-17 01:44:25,"0289 - Teague, TX",Unlead,Teague,TX,0.0,0,0.0,1
2026-04-17 01:44:25,"0290 - Joplin, MO",Diesel,Joplin,MO,0.0,0,0.0,3
2026-04-17 01:44:25,"0290 - Joplin, MO",Unlead,Joplin,MO,0.0,0,0.0,1
2026-04-17 01:44:25,"0312 - Vidor, TX",Diesel,Vidor,TX,71.3655000000017,0,0.0,3
2026-04-17 01:44:25,"0312 - Vidor, TX",Unlead,Vidor,TX,0.0,0,0.0,1
2026-04-17 01:44:25,"0315 - Laredo, TX",Diesel,Laredo,TX,0.0,0,0.0,3
2026-04-17 01:44:25,"0315 - Laredo, TX",Unlead,Laredo,TX,0.0,0,0.0,1
2026-04-17 01:44:25,"0319 - Milford, TX",Diesel,Milford,TX,48.61499999999978,0,0.0,3
2026-04-17 01:44:25,"0319 - Milford, TX",Unlead,Milford,TX,19.326999999999316,0,0.0,1
2026-04-17 01:44:25,"0323 - Canton, TX",Diesel,Canton,TX,0.0,0,0.0,3
2026-04-17 01:44:25,"0323 - Canton, TX",Unlead,Canton,TX,0.0,0,0.0,1
2026-04-17 01:59:35,"0118 - Springfield, IL",Diesel,Springfield,IL,0.0,0,0.0,3
2026-04-17 01:59:35,"0118 - Springfield, IL",Unlead,Springfield,IL,0.0,0,0.0,1
2026-04-17 01:59:35,"0132 - Champaign, IL",Diesel,Champaign,IL,0.0,1,2410.1304,3
2026-04-17 01:59:35,"0132 - Champaign, IL",Unlead,Champaign,IL,4.731999999999971,0,0.0,1
2026-04-17 01:59:35,"0136 - Cottage Grove, WI",Diesel,Cottage Grove,WI,0.0,0,0.0,2
2026-04-17 01:59:35,"0136 - Cottage Grove, WI",Unlead,Cottage Grove,WI,0.0,0,0.0,1
2026-04-17 01:59:35,"0139 - Tuscola, IL",Diesel,Tuscola,IL,0.0,0,0.0,1
2026-04-17 01:59:35,"0139 - Tuscola, IL",Unlead,Tuscola,IL,0.0,0,0.0,2
2026-04-17 01:59:35,"0140 - Mendota, IL",Diesel,Mendota,IL,0.0,0,0.0,2
2026-04-17 01:59:35,"0140 - Mendota, IL",Unlead,Mendota,IL,0.0,0,0.0,2
2026-04-17 01:59:35,"0141 - Brazil, IN",Diesel,Brazil,IN,0.0,0,0.0,4
2026-04-17 01:59:35,"0141 - Brazil, IN",Unlead,Brazil,IN,0.0,0,0.0,1
2026-04-17 01:59:35,"0144 - Elk Run Height, IA",Diesel,Elk Run Height,IA,0.0,0,0.0,4
2026-04-17 01:59:35,"0144 - Elk Run Height, IA",Unlead,Elk Run Height,IA,11.70759999999973,0,0.0,2
2026-04-17 01:59:35,"0145 - Fenton, MO",Diesel,Fenton,MO,180.0,0,0.0,2
2026-04-17 01:59:35,"0145 - Fenton, MO",Unlead,Fenton,MO,8.0,0,0.0,1
2026-04-17 01:59:35,"0157 - Okawville, IL",Diesel,Okawville,IL,0.0,0,0.0,3
2026-04-17 01:59:35,"0157 - Okawville, IL",Unlead,Okawville,IL,0.0,0,0.0,1
2026-04-17 01:59:35,"0181 - Springfield, IL",Diesel,Springfield,IL,60.988499999999476,0,0.0,3
2026-04-17 01:59:35,"0181 - Springfield, IL",Unlead,Springfield,IL,14.48449999999957,0,0.0,1
2026-04-17 01:59:35,"0185 - McLean, IL",Diesel,McLean,IL,0.0,0,0.0,4
2026-04-17 01:59:35,"0185 - McLean, IL",Unlead,McLean,IL,0.0,0,0.0,1
2026-04-17 01:59:35,"0186 - Minonk, IL",Diesel,Minonk,IL,0.0,0,0.0,3
2026-04-17 01:59:35,"0186 - Minonk, IL",Unlead,Minonk,IL,0.0,0,0.0,1
2026-04-17 01:59:35,"0187 - Chicago, IL",Diesel,Chicago,IL,0.0,0,0.0,3
2026-04-17 01:59:35,"0187 - Chicago, IL",Unlead,Chicago,IL,0.0,0,0.0,1
2026-04-17 01:59:35,"0203 - Rockford, IL",Diesel,Rockford,IL,0.0,0,0.0,1
2026-04-17 01:59:35,"0203 - Rockford, IL",Unlead,Rockford,IL,0.0,0,0.0,1
2026-04-17 01:59:35,"0205 - South Beloit, IL",Diesel,South Beloit,IL,172.0,0,0.0,3
2026-04-17 01:59:35,"0205 - South Beloit, IL",Unlead,South Beloit,IL,0.0,0,0.0,1
2026-04-17 01:59:35,"0206 - Winnebago, IL",Diesel,Winnebago,IL,0.0,0,0.0,1
2026-04-17 01:59:35,"0206 - Winnebago, IL",Unlead,Winnebago,IL,0.0,0,0.0,1
2026-04-17 01:59:35,"0209 - Oakdale, WI",Diesel,Oakdale,WI,0.0,0,0.0,3
2026-04-17 01:59:35,"0209 - Oakdale, WI",Unlead,Oakdale,WI,0.0,0,0.0,1
2026-04-17 01:59:35,"0210 - Rochelle, IL",Diesel,Rochelle,IL,188.0,0,0.0,3
2026-04-17 01:59:35,"0210 - Rochelle, IL",Unlead,Rochelle,IL,9.0,0,0.0,1
2026-04-17 01:59:35,"0211 - Loves Park, IL",Diesel,Loves Park,IL,0.0,0,0.0,1
2026-04-17 01:59:35,"0211 - Loves Park, IL",Unlead,Loves Park,IL,0.0,0,0.0,1
2026-04-17 01:59:35,"0225 - Princeton, IL",Diesel,Princeton,IL,49.0,0,0.0,4
2026-04-17 01:59:35,"0225 - Princeton, IL",Unlead,Princeton,IL,0.0,0,0.0,2
2026-04-17 01:59:35,"0226 - Greenwood, IN",Diesel,Greenwood,IN,0.0,0,0.0,2
2026-04-17 01:59:35,"0226 - Greenwood, IN",Unlead,Greenwood,IN,0.0,0,0.0,2
2026-04-17 01:59:35,"0235 - Hampshire, IL",Diesel,Hampshire,IL,0.0,0,0.0,2
2026-04-17 01:59:35,"0235 - Hampshire, IL",Unlead,Hampshire,IL,0.0,0,0.0,2
2026-04-17 01:59:35,"0236 - East Troy, WI",Diesel,East Troy,WI,0.0,0,0.0,2
2026-04-17 01:59:35,"0236 - East Troy, WI",Unlead,East Troy,WI,0.0,0,0.0,1
2026-04-17 01:59:35,"0240 - Lake Station, IN",Diesel,Lake Station,IN,234.0,0,0.0,5
2026-04-17 01:59:35,"0240 - Lake Station, IN",Unlead,Lake Station,IN,0.0,0,0.0,2
2026-04-17 01:59:35,"0242 - St Robert, MO",Diesel,St Robert,MO,60.150000000000546,0,0.0,4
2026-04-17 01:59:35,"0263 - Ottawa, IL",Diesel,Ottawa,IL,0.0,0,0.0,3
2026-04-17 01:59:35,"0263 - Ottawa, IL",Unlead,Ottawa,IL,0.0,0,0.0,1
2026-04-17 01:59:35,"0265 - Dixon, IL",Diesel,Dixon,IL,0.0,0,0.0,3
2026-04-17 01:59:35,"0265 - Dixon, IL",Unlead,Dixon,IL,5.337999999999738,0,0.0,1
2026-04-17 01:59:35,"0266 - New Berlin, IL",Diesel,New Berlin,IL,0.0,0,0.0,3
2026-04-17 01:59:35,"0266 - New Berlin, IL",Unlead,New Berlin,IL,0.0,0,0.0,1
2026-04-17 01:59:35,"0267 - Pharr, TX",Diesel,Pharr,TX,0.0,0,0.0,4
2026-04-17 01:59:35,"0267 - Pharr, TX",Unlead,Pharr,TX,0.0,0,0.0,1
2026-04-17 01:59:35,"0268 - Grayville, IL",Diesel,Grayville,IL,0.0,0,0.0,3
2026-04-17 01:59:35,"0268 - Grayville, IL",Unlead,Grayville,IL,0.0,0,0.0,1
2026-04-17 01:59:35,"0269 - Marshall, IL",Diesel,Marshall,IL,113.0,0,0.0,3
2026-04-17 01:59:35,"0269 - Marshall, IL",Unlead,Marshall,IL,0.0,0,0.0,1
2026-04-17 01:59:35,"0270 - Moore, TX",Diesel,Moore,TX,474.0,0,0.0,3
2026-04-17 01:59:35,"0270 - Moore, TX",Unlead,Moore,TX,14.0,0,0.0,1
2026-04-17 01:59:35,"0271 - Odessa, TX",Diesel,Odessa,TX,276.6279999999997,0,0.0,3
2026-04-17 01:59:35,"0271 - Odessa, TX",Unlead,Odessa,TX,0.0,0,0.0,1
2026-04-17 01:59:35,"0272 - Encinal, TX",Diesel,Encinal,TX,0.0,0,0.0,3
2026-04-17 01:59:35,"0272 - Encinal, TX",Unlead,Encinal,TX,0.0,0,0.0,1
2026-04-17 01:59:35,"0273 - Combes, TX",Diesel,Combes,TX,50.04649999999856,0,0.0,3
2026-04-17 01:59:35,"0273 - Combes, TX",Unlead,Combes,TX,7.928000000001703,0,0.0,1
2026-04-17 01:59:35,"0275 - Sonora, TX",Diesel,Sonora,TX,162.8080000000009,0,0.0,3
2026-04-17 01:59:35,"0275 - Sonora, TX",Unlead,Sonora,TX,8.109999999999673,0,0.0,1
2026-04-17 01:59:35,"0276 - Waco, TX",Diesel,Waco,TX,78.35699999999997,0,0.0,3
2026-04-17 01:59:35,"0276 - Waco, TX",Unlead,Waco,TX,0.0,0,0.0,1
2026-04-17 01:59:35,"0277 - New Boston, TX",Diesel,New Boston,TX,0.0,0,0.0,3
2026-04-17 01:59:35,"0277 - New Boston, TX",Unlead,New Boston,TX,0.0,0,0.0,1
2026-04-17 01:59:35,"0278 - Brinkley, AR",Diesel,Brinkley,AR,0.0,0,0.0,3
2026-04-17 01:59:35,"0278 - Brinkley, AR",Unlead,Brinkley,AR,0.0,0,0.0,1
2026-04-17 01:59:35,"0279 - Marion, IL",Diesel,Marion,IL,0.0,0,0.0,3
2026-04-17 01:59:35,"0279 - Marion, IL",Unlead,Marion,IL,64.45700000000033,0,0.0,1
2026-04-17 01:59:35,"0280 - Monahans, TX",Diesel,Monahans,TX,0.0,0,0.0,3
2026-04-17 01:59:35,"0280 - Monahans, TX",Unlead,Monahans,TX,0.0,0,0.0,1
2026-04-17 01:59:35,"0281 - Cisco, TX",Diesel,Cisco,TX,0.0,0,0.0,3
2026-04-17 01:59:35,"0281 - Cisco, TX",Unlead,Cisco,TX,0.0,0,0.0,1
2026-04-17 01:59:35,"0282 - Gainesville, TX",Diesel,Gainesville,TX,0.0,0,0.0,3
2026-04-17 01:59:35,"0282 - Gainesville, TX",Unlead,Gainesville,TX,0.0,0,0.0,1
2026-04-17 01:59:35,"0283 - Sealy, TX",Diesel,Sealy,TX,0.0,0,0.0,3
2026-04-17 01:59:35,"0283 - Sealy, TX",Unlead,Sealy,TX,0.0,0,0.0,1
2026-04-17 01:59:35,"0284 - New Deal, TX",Diesel,New Deal,TX,0.0,0,0.0,3
2026-04-17 01:59:35,"0284 - New Deal, TX",Unlead,New Deal,TX,0.0,0,0.0,1
2026-04-17 01:59:35,"0285 - Seguin, TX",Diesel,Seguin,TX,0.0,0,0.0,3
2026-04-17 01:59:35,"0285 - Seguin, TX",Unlead,Seguin,TX,0.0,0,0.0,1
2026-04-17 01:59:35,"0286 - Amarillo, TX",Diesel,Amarillo,TX,7.795000000000073,0,0.0,3
2026-04-17 01:59:35,"0286 - Amarillo, TX",Unlead,Amarillo,TX,0.0,0,0.0,1
2026-04-17 01:59:35,"0287 - Burbonnais, IL",Diesel,Burbonnais,IL,0.0,0,0.0,3
2026-04-17 01:59:35,"0287 - Burbonnais, IL",Unlead,Burbonnais,IL,0.0,0,0.0,1
2026-04-17 01:59:35,"0289 - Teague, TX",Diesel,Teague,TX,167.44900000000052,0,0.0,3
2026-04-17 01:59:35,"0289 - Teague, TX",Unlead,Teague,TX,8.57300000000032,0,0.0,1
2026-04-17 01:59:35,"0290 - Joplin, MO",Diesel,Joplin,MO,0.0,0,0.0,3
2026-04-17 01:59:35,"0290 - Joplin, MO",Unlead,Joplin,MO,0.0,0,0.0,1
2026-04-17 01:59:35,"0312 - Vidor, TX",Diesel,Vidor,TX,56.90400000000045,0,0.0,3
2026-04-17 01:59:35,"0312 - Vidor, TX",Unlead,Vidor,TX,0.0,0,0.0,1
2026-04-17 01:59:35,"0315 - Laredo, TX",Diesel,Laredo,TX,0.0,0,0.0,3
2026-04-17 01:59:35,"0315 - Laredo, TX",Unlead,Laredo,TX,17.752000000000407,0,0.0,1
2026-04-17 01:59:35,"0319 - Milford, TX",Diesel,Milford,TX,81.82900000000154,0,0.0,3
2026-04-17 01:59:35,"0319 - Milford, TX",Unlead,Milford,TX,4.399999999999636,0,0.0,1
2026-04-17 01:59:35,"0323 - Canton, TX",Diesel,Canton,TX,0.0,0,0.0,3
2026-04-17 01:59:35,"0323 - Canton, TX",Unlead,Canton,TX,0.0,0,0.0,1
2026-04-17 02:14:38,"0118 - Springfield, IL",Diesel,Springfield,IL,0.0,0,0.0,3
2026-04-17 02:14:38,"0118 - Springfield, IL",Unlead,Springfield,IL,0.0,0,0.0,1
2026-04-17 02:14:38,"0132 - Champaign, IL",Diesel,Champaign,IL,0.0,2,1951.5130000000008,3
2026-04-17 02:14:38,"0132 - Champaign, IL",Unlead,Champaign,IL,20.108000000000175,0,0.0,1
2026-04-17 02:14:38,"0136 - Cottage Grove, WI",Diesel,Cottage Grove,WI,236.71199999999953,0,0.0,2
2026-04-17 02:14:38,"0136 - Cottage Grove, WI",Unlead,Cottage Grove,WI,0.0,0,0.0,1
2026-04-17 02:14:38,"0139 - Tuscola, IL",Diesel,Tuscola,IL,0.0,0,0.0,1
2026-04-17 02:14:38,"0139 - Tuscola, IL",Unlead,Tuscola,IL,0.0,0,0.0,2
2026-04-17 02:14:38,"0140 - Mendota, IL",Diesel,Mendota,IL,0.0,0,0.0,2
2026-04-17 02:14:38,"0140 - Mendota, IL",Unlead,Mendota,IL,0.0,0,0.0,2
2026-04-17 02:14:38,"0141 - Brazil, IN",Diesel,Brazil,IN,0.0,0,0.0,4
2026-04-17 02:14:38,"0141 - Brazil, IN",Unlead,Brazil,IN,0.0,0,0.0,1
2026-04-17 02:14:38,"0144 - Elk Run Height, IA",Diesel,Elk Run Height,IA,0.0,0,0.0,4
2026-04-17 02:14:38,"0144 - Elk Run Height, IA",Unlead,Elk Run Height,IA,0.0,0,0.0,2
2026-04-17 02:14:38,"0145 - Fenton, MO",Diesel,Fenton,MO,0.0,0,0.0,2
2026-04-17 02:14:38,"0145 - Fenton, MO",Unlead,Fenton,MO,0.0,0,0.0,1
2026-04-17 02:14:38,"0157 - Okawville, IL",Diesel,Okawville,IL,0.0,0,0.0,3
2026-04-17 02:14:38,"0157 - Okawville, IL",Unlead,Okawville,IL,0.0,0,0.0,1
2026-04-17 02:14:38,"0181 - Springfield, IL",Diesel,Springfield,IL,0.0,0,0.0,3
2026-04-17 02:14:38,"0181 - Springfield, IL",Unlead,Springfield,IL,0.0,0,0.0,1
2026-04-17 02:14:38,"0185 - McLean, IL",Diesel,McLean,IL,43.565999999998894,0,0.0,4
2026-04-17 02:14:38,"0185 - McLean, IL",Unlead,McLean,IL,0.0,0,0.0,1
2026-04-17 02:14:38,"0186 - Minonk, IL",Diesel,Minonk,IL,90.99499999999989,0,0.0,3
2026-04-17 02:14:38,"0186 - Minonk, IL",Unlead,Minonk,IL,5.502999999999702,0,0.0,1
2026-04-17 02:14:38,"0187 - Chicago, IL",Diesel,Chicago,IL,0.0,0,0.0,3
2026-04-17 02:14:38,"0187 - Chicago, IL",Unlead,Chicago,IL,0.0,0,0.0,1
2026-04-17 02:14:38,"0203 - Rockford, IL",Diesel,Rockford,IL,0.0,0,0.0,1
2026-04-17 02:14:38,"0203 - Rockford, IL",Unlead,Rockford,IL,14.605000000000473,0,0.0,1
2026-04-17 02:14:38,"0205 - South Beloit, IL",Diesel,South Beloit,IL,0.0,0,0.0,3
2026-04-17 02:14:38,"0205 - South Beloit, IL",Unlead,South Beloit,IL,0.0,0,0.0,1
2026-04-17 02:14:38,"0206 - Winnebago, IL",Diesel,Winnebago,IL,0.0,0,0.0,1
2026-04-17 02:14:38,"0206 - Winnebago, IL",Unlead,Winnebago,IL,0.0,0,0.0,1
2026-04-17 02:14:38,"0209 - Oakdale, WI",Diesel,Oakdale,WI,0.0,0,0.0,3
2026-04-17 02:14:38,"0209 - Oakdale, WI",Unlead,Oakdale,WI,0.0,0,0.0,1
2026-04-17 02:14:38,"0210 - Rochelle, IL",Diesel,Rochelle,IL,0.0,0,0.0,3
2026-04-17 02:14:38,"0210 - Rochelle, IL",Unlead,Rochelle,IL,0.0,0,0.0,1
2026-04-17 02:14:38,"0211 - Loves Park, IL",Diesel,Loves Park,IL,0.0,0,0.0,1
2026-04-17 02:14:38,"0211 - Loves Park, IL",Unlead,Loves Park,IL,0.0,0,0.0,1
2026-04-17 02:14:38,"0225 - Princeton, IL",Diesel,Princeton,IL,37.0,0,0.0,4
2026-04-17 02:14:38,"0225 - Princeton, IL",Unlead,Princeton,IL,0.0,0,0.0,2
2026-04-17 02:14:38,"0226 - Greenwood, IN",Diesel,Greenwood,IN,0.0,0,0.0,2
2026-04-17 02:14:38,"0226 - Greenwood, IN",Unlead,Greenwood,IN,0.0,0,0.0,2
2026-04-17 02:14:38,"0235 - Hampshire, IL",Diesel,Hampshire,IL,0.0,0,0.0,2
2026-04-17 02:14:38,"0235 - Hampshire, IL",Unlead,Hampshire,IL,16.0,0,0.0,2
2026-04-17 02:14:38,"0236 - East Troy, WI",Diesel,East Troy,WI,0.0,0,0.0,2
2026-04-17 02:14:38,"0236 - East Troy, WI",Unlead,East Troy,WI,0.0,0,0.0,1
2026-04-17 02:14:38,"0240 - Lake Station, IN",Diesel,Lake Station,IN,0.0,0,0.0,5
2026-04-17 02:14:38,"0240 - Lake Station, IN",Unlead,Lake Station,IN,0.0,0,0.0,2
2026-04-17 02:14:38,"0242 - St Robert, MO",Diesel,St Robert,MO,27.075000000000728,0,0.0,4
2026-04-17 02:14:38,"0263 - Ottawa, IL",Diesel,Ottawa,IL,0.0,0,0.0,3
2026-04-17 02:14:38,"0263 - Ottawa, IL",Unlead,Ottawa,IL,17.0,0,0.0,1
2026-04-17 02:14:38,"0265 - Dixon, IL",Diesel,Dixon,IL,0.0,0,0.0,3
2026-04-17 02:14:38,"0265 - Dixon, IL",Unlead,Dixon,IL,0.0,0,0.0,1
2026-04-17 02:14:38,"0266 - New Berlin, IL",Diesel,New Berlin,IL,0.0,1,3325.0,3
2026-04-17 02:14:38,"0266 - New Berlin, IL",Unlead,New Berlin,IL,13.398400000000038,0,0.0,1
2026-04-17 02:14:38,"0267 - Pharr, TX",Diesel,Pharr,TX,0.0,0,0.0,4
2026-04-17 02:14:38,"0267 - Pharr, TX",Unlead,Pharr,TX,0.0,0,0.0,1
2026-04-17 02:14:38,"0268 - Grayville, IL",Diesel,Grayville,IL,0.0,0,0.0,3
2026-04-17 02:14:38,"0268 - Grayville, IL",Unlead,Grayville,IL,22.0,0,0.0,1
2026-04-17 02:14:38,"0269 - Marshall, IL",Diesel,Marshall,IL,0.0,0,0.0,3
2026-04-17 02:14:38,"0269 - Marshall, IL",Unlead,Marshall,IL,0.0,0,0.0,1
2026-04-17 02:14:38,"0270 - Moore, TX",Diesel,Moore,TX,143.0,0,0.0,3
2026-04-17 02:14:38,"0270 - Moore, TX",Unlead,Moore,TX,37.0,0,0.0,1
2026-04-17 02:14:38,"0271 - Odessa, TX",Diesel,Odessa,TX,141.1366999999991,0,0.0,3
2026-04-17 02:14:38,"0271 - Odessa, TX",Unlead,Odessa,TX,4.886000000000422,0,0.0,1
2026-04-17 02:14:38,"0272 - Encinal, TX",Diesel,Encinal,TX,342.36899999999696,0,0.0,3
2026-04-17 02:14:38,"0272 - Encinal, TX",Unlead,Encinal,TX,0.0,0,0.0,1
2026-04-17 02:14:38,"0273 - Combes, TX",Diesel,Combes,TX,0.0,0,0.0,3
2026-04-17 02:14:38,"0273 - Combes, TX",Unlead,Combes,TX,26.04199999999946,0,0.0,1
2026-04-17 02:14:38,"0275 - Sonora, TX",Diesel,Sonora,TX,168.92399999999907,0,0.0,3
2026-04-17 02:14:38,"0275 - Sonora, TX",Unlead,Sonora,TX,23.994399999999587,0,0.0,1
2026-04-17 02:14:38,"0276 - Waco, TX",Diesel,Waco,TX,211.0599999999995,0,0.0,3
2026-04-17 02:14:38,"0276 - Waco, TX",Unlead,Waco,TX,0.0,0,0.0,1
2026-04-17 02:14:38,"0277 - New Boston, TX",Diesel,New Boston,TX,0.0,0,0.0,3
2026-04-17 02:14:38,"0277 - New Boston, TX",Unlead,New Boston,TX,0.0,0,0.0,1
2026-04-17 02:14:38,"0278 - Brinkley, AR",Diesel,Brinkley,AR,0.0,0,0.0,3
2026-04-17 02:14:38,"0278 - Brinkley, AR",Unlead,Brinkley,AR,0.0,0,0.0,1
2026-04-17 02:14:38,"0279 - Marion, IL",Diesel,Marion,IL,13.140999999999622,0,0.0,3
2026-04-17 02:14:38,"0279 - Marion, IL",Unlead,Marion,IL,3.5600000000013097,0,0.0,1
2026-04-17 02:14:38,"0280 - Monahans, TX",Diesel,Monahans,TX,0.0,0,0.0,3
2026-04-17 02:14:38,"0280 - Monahans, TX",Unlead,Monahans,TX,0.0,0,0.0,1
2026-04-17 02:14:38,"0281 - Cisco, TX",Diesel,Cisco,TX,74.4409999999989,0,0.0,3
2026-04-17 02:14:38,"0281 - Cisco, TX",Unlead,Cisco,TX,0.0,0,0.0,1
2026-04-17 02:14:38,"0282 - Gainesville, TX",Diesel,Gainesville,TX,0.0,0,0.0,3
2026-04-17 02:14:38,"0282 - Gainesville, TX",Unlead,Gainesville,TX,0.0,0,0.0,1
2026-04-17 02:14:38,"0283 - Sealy, TX",Diesel,Sealy,TX,133.8050000000003,0,0.0,3
2026-04-17 02:14:38,"0283 - Sealy, TX",Unlead,Sealy,TX,0.0,0,0.0,1
2026-04-17 02:14:38,"0284 - New Deal, TX",Diesel,New Deal,TX,0.0,0,0.0,3
2026-04-17 02:14:38,"0284 - New Deal, TX",Unlead,New Deal,TX,0.0,0,0.0,1
2026-04-17 02:14:38,"0285 - Seguin, TX",Diesel,Seguin,TX,0.0,0,0.0,3
2026-04-17 02:14:38,"0285 - Seguin, TX",Unlead,Seguin,TX,10.971000000001368,0,0.0,1
2026-04-17 02:14:38,"0286 - Amarillo, TX",Diesel,Amarillo,TX,0.0,0,0.0,3
2026-04-17 02:14:38,"0286 - Amarillo, TX",Unlead,Amarillo,TX,21.377000000000407,0,0.0,1
2026-04-17 02:14:38,"0287 - Burbonnais, IL",Diesel,Burbonnais,IL,0.0,0,0.0,3
2026-04-17 02:14:38,"0287 - Burbonnais, IL",Unlead,Burbonnais,IL,8.610000000000582,0,0.0,1
2026-04-17 02:14:38,"0289 - Teague, TX",Diesel,Teague,TX,63.34100000000035,0,0.0,3
2026-04-17 02:14:38,"0289 - Teague, TX",Unlead,Teague,TX,6.824999999998909,0,0.0,1
2026-04-17 02:14:38,"0290 - Joplin, MO",Diesel,Joplin,MO,0.0,0,0.0,3
2026-04-17 02:14:38,"0290 - Joplin, MO",Unlead,Joplin,MO,0.0,0,0.0,1
2026-04-17 02:14:38,"0312 - Vidor, TX",Diesel,Vidor,TX,60.030000000002474,0,0.0,3
2026-04-17 02:14:38,"0312 - Vidor, TX",Unlead,Vidor,TX,0.0,0,0.0,1
2026-04-17 02:14:38,"0315 - Laredo, TX",Diesel,Laredo,TX,129.59600000000137,0,0.0,3
2026-04-17 02:14:38,"0315 - Laredo, TX",Unlead,Laredo,TX,0.0,0,0.0,1
2026-04-17 02:14:38,"0319 - Milford, TX",Diesel,Milford,TX,0.0,0,0.0,3
2026-04-17 02:14:38,"0319 - Milford, TX",Unlead,Milford,TX,8.416999999999462,0,0.0,1
2026-04-17 02:14:38,"0323 - Canton, TX",Diesel,Canton,TX,27.918000000001484,0,0.0,3
2026-04-17 02:14:38,"0323 - Canton, TX",Unlead,Canton,TX,0.0,0,0.0,1
2026-04-17 02:29:44,"0118 - Springfield, IL",Diesel,Springfield,IL,0.0,0,0.0,3
2026-04-17 02:29:44,"0118 - Springfield, IL",Unlead,Springfield,IL,4.0,0,0.0,1
2026-04-17 02:29:44,"0132 - Champaign, IL",Diesel,Champaign,IL,36.65299999999843,1,2519.539999999999,3
2026-04-17 02:29:44,"0132 - Champaign, IL",Unlead,Champaign,IL,4.77599999999984,0,0.0,1
2026-04-17 02:29:44,"0136 - Cottage Grove, WI",Diesel,Cottage Grove,WI,23.853000000000065,0,0.0,2
2026-04-17 02:29:44,"0136 - Cottage Grove, WI",Unlead,Cottage Grove,WI,0.0,0,0.0,1
2026-04-17 02:29:44,"0139 - Tuscola, IL",Diesel,Tuscola,IL,141.0,0,0.0,1
2026-04-17 02:29:44,"0139 - Tuscola, IL",Unlead,Tuscola,IL,0.0,0,0.0,2
2026-04-17 02:29:44,"0140 - Mendota, IL",Diesel,Mendota,IL,0.0,0,0.0,2
2026-04-17 02:29:44,"0140 - Mendota, IL",Unlead,Mendota,IL,0.0,0,0.0,2
2026-04-17 02:29:44,"0141 - Brazil, IN",Diesel,Brazil,IN,0.0,0,0.0,4
2026-04-17 02:29:44,"0141 - Brazil, IN",Unlead,Brazil,IN,0.0,0,0.0,1
2026-04-17 02:29:44,"0144 - Elk Run Height, IA",Diesel,Elk Run Height,IA,0.0,0,0.0,4
2026-04-17 02:29:44,"0144 - Elk Run Height, IA",Unlead,Elk Run Height,IA,0.0,0,0.0,2
2026-04-17 02:29:44,"0145 - Fenton, MO",Diesel,Fenton,MO,0.0,0,0.0,2
2026-04-17 02:29:44,"0145 - Fenton, MO",Unlead,Fenton,MO,0.0,0,0.0,1
2026-04-17 02:29:44,"0157 - Okawville, IL",Diesel,Okawville,IL,0.0,0,0.0,3
2026-04-17 02:29:44,"0157 - Okawville, IL",Unlead,Okawville,IL,7.923000000000684,0,0.0,1
2026-04-17 02:29:44,"0181 - Springfield, IL",Diesel,Springfield,IL,0.0,0,0.0,3
2026-04-17 02:29:44,"0181 - Springfield, IL",Unlead,Springfield,IL,3.447700000000623,0,0.0,1
2026-04-17 02:29:44,"0185 - McLean, IL",Diesel,McLean,IL,0.0,0,0.0,4
2026-04-17 02:29:44,"0185 - McLean, IL",Unlead,McLean,IL,7.392399999999725,0,0.0,1
2026-04-17 02:29:44,"0186 - Minonk, IL",Diesel,Minonk,IL,0.0,0,0.0,3
2026-04-17 02:29:44,"0186 - Minonk, IL",Unlead,Minonk,IL,0.0,0,0.0,1
2026-04-17 02:29:44,"0187 - Chicago, IL",Diesel,Chicago,IL,0.0,0,0.0,3
2026-04-17 02:29:44,"0187 - Chicago, IL",Unlead,Chicago,IL,0.0,0,0.0,1
2026-04-17 02:29:44,"0203 - Rockford, IL",Diesel,Rockford,IL,0.0,0,0.0,1
2026-04-17 02:29:44,"0203 - Rockford, IL",Unlead,Rockford,IL,21.55869999999959,0,0.0,1
2026-04-17 02:29:44,"0205 - South Beloit, IL",Diesel,South Beloit,IL,0.0,0,0.0,3
2026-04-17 02:29:44,"0205 - South Beloit, IL",Unlead,South Beloit,IL,0.0,0,0.0,1
2026-04-17 02:29:44,"0206 - Winnebago, IL",Diesel,Winnebago,IL,0.0,0,0.0,1
2026-04-17 02:29:44,"0206 - Winnebago, IL",Unlead,Winnebago,IL,11.0,0,0.0,1
2026-04-17 02:29:44,"0209 - Oakdale, WI",Diesel,Oakdale,WI,0.0,0,0.0,3
2026-04-17 02:29:44,"0209 - Oakdale, WI",Unlead,Oakdale,WI,0.0,0,0.0,1
2026-04-17 02:29:44,"0210 - Rochelle, IL",Diesel,Rochelle,IL,0.0,0,0.0,3
2026-04-17 02:29:44,"0210 - Rochelle, IL",Unlead,Rochelle,IL,9.0,0,0.0,1
2026-04-17 02:29:44,"0211 - Loves Park, IL",Diesel,Loves Park,IL,0.0,0,0.0,1
2026-04-17 02:29:44,"0211 - Loves Park, IL",Unlead,Loves Park,IL,0.0,0,0.0,1
2026-04-17 02:29:44,"0225 - Princeton, IL",Diesel,Princeton,IL,0.0,0,0.0,4
2026-04-17 02:29:44,"0225 - Princeton, IL",Unlead,Princeton,IL,0.0,0,0.0,2
2026-04-17 02:29:44,"0226 - Greenwood, IN",Diesel,Greenwood,IN,0.0,0,0.0,2
2026-04-17 02:29:44,"0226 - Greenwood, IN",Unlead,Greenwood,IN,0.0,0,0.0,2
2026-04-17 02:29:44,"0235 - Hampshire, IL",Diesel,Hampshire,IL,0.0,0,0.0,2
2026-04-17 02:29:44,"0235 - Hampshire, IL",Unlead,Hampshire,IL,0.0,0,0.0,2
2026-04-17 02:29:44,"0236 - East Troy, WI",Diesel,East Troy,WI,0.0,0,0.0,2
2026-04-17 02:29:44,"0236 - East Troy, WI",Unlead,East Troy,WI,0.0,0,0.0,1
2026-04-17 02:29:44,"0240 - Lake Station, IN",Diesel,Lake Station,IN,0.0,0,0.0,5
2026-04-17 02:29:44,"0240 - Lake Station, IN",Unlead,Lake Station,IN,0.0,0,0.0,2
2026-04-17 02:29:44,"0242 - St Robert, MO",Diesel,St Robert,MO,0.0,0,0.0,4
2026-04-17 02:29:44,"0263 - Ottawa, IL",Diesel,Ottawa,IL,0.0,0,0.0,3
2026-04-17 02:29:44,"0263 - Ottawa, IL",Unlead,Ottawa,IL,0.0,0,0.0,1
2026-04-17 02:29:44,"0265 - Dixon, IL",Diesel,Dixon,IL,0.0,0,0.0,3
2026-04-17 02:29:44,"0265 - Dixon, IL",Unlead,Dixon,IL,0.0,0,0.0,1
2026-04-17 02:29:44,"0266 - New Berlin, IL",Diesel,New Berlin,IL,0.0,1,615.0,3
2026-04-17 02:29:44,"0266 - New Berlin, IL",Unlead,New Berlin,IL,0.0,0,0.0,1
2026-04-17 02:29:44,"0267 - Pharr, TX",Diesel,Pharr,TX,0.0,0,0.0,4
2026-04-17 02:29:44,"0267 - Pharr, TX",Unlead,Pharr,TX,0.0,0,0.0,1
2026-04-17 02:29:44,"0268 - Grayville, IL",Diesel,Grayville,IL,0.0,0,0.0,3
2026-04-17 02:29:44,"0268 - Grayville, IL",Unlead,Grayville,IL,37.0,0,0.0,1
2026-04-17 02:29:44,"0269 - Marshall, IL",Diesel,Marshall,IL,0.0,0,0.0,3
2026-04-17 02:29:44,"0269 - Marshall, IL",Unlead,Marshall,IL,0.0,0,0.0,1
2026-04-17 02:29:44,"0270 - Moore, TX",Diesel,Moore,TX,80.0,0,0.0,3
2026-04-17 02:29:44,"0270 - Moore, TX",Unlead,Moore,TX,8.0,0,0.0,1
2026-04-17 02:29:44,"0271 - Odessa, TX",Diesel,Odessa,TX,72.79500000000007,0,0.0,3
2026-04-17 02:29:44,"0271 - Odessa, TX",Unlead,Odessa,TX,0.0,0,0.0,1
2026-04-17 02:29:44,"0272 - Encinal, TX",Diesel,Encinal,TX,102.14200000000346,0,0.0,3
2026-04-17 02:29:44,"0272 - Encinal, TX",Unlead,Encinal,TX,39.52000000000044,0,0.0,1
2026-04-17 02:29:44,"0273 - Combes, TX",Diesel,Combes,TX,0.0,0,0.0,3
2026-04-17 02:29:44,"0273 - Combes, TX",Unlead,Combes,TX,47.314000000000306,0,0.0,1
2026-04-17 02:29:44,"0275 - Sonora, TX",Diesel,Sonora,TX,25.67500000000109,0,0.0,3
2026-04-17 02:29:44,"0275 - Sonora, TX",Unlead,Sonora,TX,0.0,0,0.0,1
2026-04-17 02:29:44,"0276 - Waco, TX",Diesel,Waco,TX,459.38800000000083,0,0.0,3
2026-04-17 02:29:44,"0276 - Waco, TX",Unlead,Waco,TX,0.0,0,0.0,1
2026-04-17 02:29:44,"0277 - New Boston, TX",Diesel,New Boston,TX,0.0,0,0.0,3
2026-04-17 02:29:44,"0277 - New Boston, TX",Unlead,New Boston,TX,0.0,0,0.0,1
2026-04-17 02:29:44,"0278 - Brinkley, AR",Diesel,Brinkley,AR,0.0,0,0.0,3
2026-04-17 02:29:44,"0278 - Brinkley, AR",Unlead,Brinkley,AR,0.0,0,0.0,1
2026-04-17 02:29:44,"0279 - Marion, IL",Diesel,Marion,IL,0.0,0,0.0,3
2026-04-17 02:29:44,"0279 - Marion, IL",Unlead,Marion,IL,6.632999999999811,0,0.0,1
2026-04-17 02:29:44,"0280 - Monahans, TX",Diesel,Monahans,TX,0.0,0,0.0,3
2026-04-17 02:29:44,"0280 - Monahans, TX",Unlead,Monahans,TX,0.0,0,0.0,1
2026-04-17 02:29:44,"0281 - Cisco, TX",Diesel,Cisco,TX,0.0,0,0.0,3
2026-04-17 02:29:44,"0281 - Cisco, TX",Unlead,Cisco,TX,0.0,0,0.0,1
2026-04-17 02:29:44,"0282 - Gainesville, TX",Diesel,Gainesville,TX,0.0,0,0.0,3
2026-04-17 02:29:44,"0282 - Gainesville, TX",Unlead,Gainesville,TX,5.436999999999898,0,0.0,1
2026-04-17 02:29:44,"0283 - Sealy, TX",Diesel,Sealy,TX,0.0,0,0.0,3
2026-04-17 02:29:44,"0283 - Sealy, TX",Unlead,Sealy,TX,0.0,0,0.0,1
2026-04-17 02:29:44,"0284 - New Deal, TX",Diesel,New Deal,TX,0.0,0,0.0,3
2026-04-17 02:29:44,"0284 - New Deal, TX",Unlead,New Deal,TX,0.0,0,0.0,1
2026-04-17 02:29:44,"0285 - Seguin, TX",Diesel,Seguin,TX,255.26100000000224,0,0.0,3
2026-04-17 02:29:44,"0285 - Seguin, TX",Unlead,Seguin,TX,0.0,0,0.0,1
2026-04-17 02:29:44,"0286 - Amarillo, TX",Diesel,Amarillo,TX,0.0,0,0.0,3
2026-04-17 02:29:44,"0286 - Amarillo, TX",Unlead,Amarillo,TX,0.0,0,0.0,1
2026-04-17 02:29:44,"0287 - Burbonnais, IL",Diesel,Burbonnais,IL,91.5010000000002,0,0.0,3
2026-04-17 02:29:44,"0287 - Burbonnais, IL",Unlead,Burbonnais,IL,18.18000000000029,0,0.0,1
2026-04-17 02:29:44,"0289 - Teague, TX",Diesel,Teague,TX,0.0,0,0.0,3
2026-04-17 02:29:44,"0289 - Teague, TX",Unlead,Teague,TX,0.0,0,0.0,1
2026-04-17 02:29:44,"0290 - Joplin, MO",Diesel,Joplin,MO,148.01900000000205,0,0.0,3
2026-04-17 02:29:44,"0290 - Joplin, MO",Unlead,Joplin,MO,16.17200000000048,0,0.0,1
2026-04-17 02:29:44,"0312 - Vidor, TX",Diesel,Vidor,TX,0.0,0,0.0,3
2026-04-17 02:29:44,"0312 - Vidor, TX",Unlead,Vidor,TX,0.0,0,0.0,1
2026-04-17 02:29:44,"0315 - Laredo, TX",Diesel,Laredo,TX,0.0,0,0.0,3
2026-04-17 02:29:44,"0315 - Laredo, TX",Unlead,Laredo,TX,0.0,0,0.0,1
2026-04-17 02:29:44,"0319 - Milford, TX",Diesel,Milford,TX,127.8760000000002,0,0.0,3
2026-04-17 02:29:44,"0319 - Milford, TX",Unlead,Milford,TX,0.0,1,4233.063,1
2026-04-17 02:29:44,"0323 - Canton, TX",Diesel,Canton,TX,0.0,0,0.0,3
2026-04-17 02:29:44,"0323 - Canton, TX",Unlead,Canton,TX,0.0,0,0.0,1
2026-04-17 03:01:02,"0118 - Springfield, IL",Diesel,Springfield,IL,0.0,0,0.0,3
2026-04-17 03:01:02,"0118 - Springfield, IL",Unlead,Springfield,IL,11.0,0,0.0,1
2026-04-17 03:01:02,"0132 - Champaign, IL",Diesel,Champaign,IL,94.09900000000016,0,0.0,3
2026-04-17 03:01:02,"0132 - Champaign, IL",Unlead,Champaign,IL,13.886000000000422,0,0.0,1
2026-04-17 03:01:02,"0136 - Cottage Grove, WI",Diesel,Cottage Grove,WI,0.0,0,0.0,2
2026-04-17 03:01:02,"0136 - Cottage Grove, WI",Unlead,Cottage Grove,WI,0.0,0,0.0,1
2026-04-17 03:01:02,"0139 - Tuscola, IL",Diesel,Tuscola,IL,0.0,0,0.0,1
2026-04-17 03:01:02,"0139 - Tuscola, IL",Unlead,Tuscola,IL,0.0,0,0.0,2
2026-04-17 03:01:02,"0140 - Mendota, IL",Diesel,Mendota,IL,14.0,0,0.0,2
2026-04-17 03:01:02,"0140 - Mendota, IL",Unlead,Mendota,IL,19.0,0,0.0,2
2026-04-17 03:01:02,"0141 - Brazil, IN",Diesel,Brazil,IN,0.0,0,0.0,4
2026-04-17 03:01:02,"0141 - Brazil, IN",Unlead,Brazil,IN,11.0,0,0.0,1
2026-04-17 03:01:02,"0144 - Elk Run Height, IA",Diesel,Elk Run Height,IA,43.0,0,0.0,4
2026-04-17 03:01:02,"0144 - Elk Run Height, IA",Unlead,Elk Run Height,IA,13.061200000000099,0,0.0,2
2026-04-17 03:01:02,"0145 - Fenton, MO",Diesel,Fenton,MO,290.0,0,0.0,2
2026-04-17 03:01:02,"0145 - Fenton, MO",Unlead,Fenton,MO,0.0,0,0.0,1
2026-04-17 03:01:02,"0157 - Okawville, IL",Diesel,Okawville,IL,0.0,0,0.0,3
2026-04-17 03:01:02,"0157 - Okawville, IL",Unlead,Okawville,IL,0.0,0,0.0,1
2026-04-17 03:01:02,"0181 - Springfield, IL",Diesel,Springfield,IL,51.9519999999975,0,0.0,3
2026-04-17 03:01:02,"0181 - Springfield, IL",Unlead,Springfield,IL,0.0,0,0.0,1
2026-04-17 03:01:02,"0185 - McLean, IL",Diesel,McLean,IL,142.34200000000055,0,0.0,4
2026-04-17 03:01:02,"0185 - McLean, IL",Unlead,McLean,IL,0.0,0,0.0,1
2026-04-17 03:01:02,"0186 - Minonk, IL",Diesel,Minonk,IL,0.0,0,0.0,3
2026-04-17 03:01:02,"0186 - Minonk, IL",Unlead,Minonk,IL,0.0,0,0.0,1
2026-04-17 03:01:02,"0187 - Chicago, IL",Diesel,Chicago,IL,0.0,0,0.0,3
2026-04-17 03:01:02,"0187 - Chicago, IL",Unlead,Chicago,IL,16.100000000000364,0,0.0,1
2026-04-17 03:01:02,"0203 - Rockford, IL",Diesel,Rockford,IL,71.85899999999856,0,0.0,1
2026-04-17 03:01:02,"0203 - Rockford, IL",Unlead,Rockford,IL,44.15560000000005,0,0.0,1
2026-04-17 03:01:02,"0205 - South Beloit, IL",Diesel,South Beloit,IL,0.0,0,0.0,3
2026-04-17 03:01:02,"0205 - South Beloit, IL",Unlead,South Beloit,IL,0.0,0,0.0,1
2026-04-17 03:01:02,"0206 - Winnebago, IL",Diesel,Winnebago,IL,0.0,0,0.0,1
2026-04-17 03:01:02,"0206 - Winnebago, IL",Unlead,Winnebago,IL,5.0,0,0.0,1
2026-04-17 03:01:02,"0209 - Oakdale, WI",Diesel,Oakdale,WI,113.0,0,0.0,3
2026-04-17 03:01:02,"0209 - Oakdale, WI",Unlead,Oakdale,WI,0.0,0,0.0,1
2026-04-17 03:01:02,"0210 - Rochelle, IL",Diesel,Rochelle,IL,0.0,0,0.0,3
2026-04-17 03:01:02,"0210 - Rochelle, IL",Unlead,Rochelle,IL,9.0,0,0.0,1
2026-04-17 03:01:02,"0211 - Loves Park, IL",Diesel,Loves Park,IL,0.0,0,0.0,1
2026-04-17 03:01:02,"0211 - Loves Park, IL",Unlead,Loves Park,IL,0.0,0,0.0,1
2026-04-17 03:01:02,"0225 - Princeton, IL",Diesel,Princeton,IL,130.0,0,0.0,4
2026-04-17 03:01:02,"0225 - Princeton, IL",Unlead,Princeton,IL,0.0,0,0.0,2
2026-04-17 03:01:02,"0226 - Greenwood, IN",Diesel,Greenwood,IN,0.0,0,0.0,2
2026-04-17 03:01:02,"0226 - Greenwood, IN",Unlead,Greenwood,IN,22.0,0,0.0,2
2026-04-17 03:01:02,"0235 - Hampshire, IL",Diesel,Hampshire,IL,0.0,0,0.0,2
2026-04-17 03:01:02,"0235 - Hampshire, IL",Unlead,Hampshire,IL,5.0,0,0.0,2
2026-04-17 03:01:02,"0236 - East Troy, WI",Diesel,East Troy,WI,0.0,0,0.0,2
2026-04-17 03:01:02,"0236 - East Troy, WI",Unlead,East Troy,WI,0.0,0,0.0,1
2026-04-17 03:01:02,"0240 - Lake Station, IN",Diesel,Lake Station,IN,0.0,0,0.0,5
2026-04-17 03:01:02,"0240 - Lake Station, IN",Unlead,Lake Station,IN,0.0,0,0.0,2
2026-04-17 03:01:02,"0242 - St Robert, MO",Diesel,St Robert,MO,0.0,0,0.0,4
2026-04-17 03:01:02,"0263 - Ottawa, IL",Diesel,Ottawa,IL,62.0,0,0.0,3
2026-04-17 03:01:02,"0263 - Ottawa, IL",Unlead,Ottawa,IL,32.0,0,0.0,1
2026-04-17 03:01:02,"0265 - Dixon, IL",Diesel,Dixon,IL,0.0,0,0.0,3
2026-04-17 03:01:02,"0265 - Dixon, IL",Unlead,Dixon,IL,5.722999999999956,0,0.0,1
2026-04-17 03:01:02,"0266 - New Berlin, IL",Diesel,New Berlin,IL,0.0,1,3831.0,3
2026-04-17 03:01:02,"0266 - New Berlin, IL",Unlead,New Berlin,IL,10.192600000000311,0,0.0,1
2026-04-17 03:01:02,"0267 - Pharr, TX",Diesel,Pharr,TX,43.0,0,0.0,4
2026-04-17 03:01:02,"0267 - Pharr, TX",Unlead,Pharr,TX,0.0,0,0.0,1
2026-04-17 03:01:02,"0268 - Grayville, IL",Diesel,Grayville,IL,0.0,0,0.0,3
2026-04-17 03:01:02,"0268 - Grayville, IL",Unlead,Grayville,IL,12.0,0,0.0,1
2026-04-17 03:01:02,"0269 - Marshall, IL",Diesel,Marshall,IL,82.0,0,0.0,3
2026-04-17 03:01:02,"0269 - Marshall, IL",Unlead,Marshall,IL,18.0,0,0.0,1
2026-04-17 03:01:02,"0270 - Moore, TX",Diesel,Moore,TX,73.0,2,7723.0,3
2026-04-17 03:01:02,"0270 - Moore, TX",Unlead,Moore,TX,0.0,0,0.0,1
2026-04-17 03:01:02,"0271 - Odessa, TX",Diesel,Odessa,TX,0.0,0,0.0,3
2026-04-17 03:01:02,"0271 - Odessa, TX",Unlead,Odessa,TX,19.1825000000008,0,0.0,1
2026-04-17 03:01:02,"0272 - Encinal, TX",Diesel,Encinal,TX,0.0,0,0.0,3
2026-04-17 03:01:02,"0272 - Encinal, TX",Unlead,Encinal,TX,0.0,0,0.0,1
2026-04-17 03:01:02,"0273 - Combes, TX",Diesel,Combes,TX,46.71100000000115,0,0.0,3
2026-04-17 03:01:02,"0273 - Combes, TX",Unlead,Combes,TX,22.088999999999942,0,0.0,1
2026-04-17 03:01:02,"0275 - Sonora, TX",Diesel,Sonora,TX,167.66400000000067,0,0.0,3
2026-04-17 03:01:02,"0275 - Sonora, TX",Unlead,Sonora,TX,56.507799999999406,0,0.0,1
2026-04-17 03:01:02,"0276 - Waco, TX",Diesel,Waco,TX,65.0560000000005,0,0.0,3
2026-04-17 03:01:02,"0276 - Waco, TX",Unlead,Waco,TX,0.0,0,0.0,1
2026-04-17 03:01:02,"0277 - New Boston, TX",Diesel,New Boston,TX,0.0,0,0.0,3
2026-04-17 03:01:02,"0277 - New Boston, TX",Unlead,New Boston,TX,0.0,0,0.0,1
2026-04-17 03:01:02,"0278 - Brinkley, AR",Diesel,Brinkley,AR,293.2540000000008,0,0.0,3
2026-04-17 03:01:02,"0278 - Brinkley, AR",Unlead,Brinkley,AR,6.425999999999476,0,0.0,1
2026-04-17 03:01:02,"0279 - Marion, IL",Diesel,Marion,IL,0.0,0,0.0,3
2026-04-17 03:01:02,"0279 - Marion, IL",Unlead,Marion,IL,0.0,0,0.0,1
2026-04-17 03:01:02,"0280 - Monahans, TX",Diesel,Monahans,TX,0.0,0,0.0,3
2026-04-17 03:01:02,"0280 - Monahans, TX",Unlead,Monahans,TX,0.0,0,0.0,1
2026-04-17 03:01:02,"0281 - Cisco, TX",Diesel,Cisco,TX,0.0,0,0.0,3
2026-04-17 03:01:02,"0281 - Cisco, TX",Unlead,Cisco,TX,0.0,1,1405.0990000000002,1
2026-04-17 03:01:02,"0282 - Gainesville, TX",Diesel,Gainesville,TX,72.4380000000001,0,0.0,3
2026-04-17 03:01:02,"0282 - Gainesville, TX",Unlead,Gainesville,TX,0.0,0,0.0,1
2026-04-17 03:01:02,"0283 - Sealy, TX",Diesel,Sealy,TX,297.46299999999974,0,0.0,3
2026-04-17 03:01:02,"0283 - Sealy, TX",Unlead,Sealy,TX,0.0,0,0.0,1
2026-04-17 03:01:02,"0284 - New Deal, TX",Diesel,New Deal,TX,0.0,0,0.0,3
2026-04-17 03:01:02,"0284 - New Deal, TX",Unlead,New Deal,TX,0.0,0,0.0,1
2026-04-17 03:01:02,"0285 - Seguin, TX",Diesel,Seguin,TX,387.3259999999991,0,0.0,3
2026-04-17 03:01:02,"0285 - Seguin, TX",Unlead,Seguin,TX,0.0,0,0.0,1
2026-04-17 03:01:02,"0286 - Amarillo, TX",Diesel,Amarillo,TX,404.4360000000015,0,0.0,3
2026-04-17 03:01:02,"0286 - Amarillo, TX",Unlead,Amarillo,TX,0.0,0,0.0,1
2026-04-17 03:01:02,"0287 - Burbonnais, IL",Diesel,Burbonnais,IL,0.0,0,0.0,3
2026-04-17 03:01:02,"0287 - Burbonnais, IL",Unlead,Burbonnais,IL,28.485999999998967,0,0.0,1
2026-04-17 03:01:02,"0289 - Teague, TX",Diesel,Teague,TX,156.3204999999998,0,0.0,3
2026-04-17 03:01:02,"0289 - Teague, TX",Unlead,Teague,TX,0.0,0,0.0,1
2026-04-17 03:01:02,"0290 - Joplin, MO",Diesel,Joplin,MO,0.0,0,0.0,3
2026-04-17 03:01:02,"0290 - Joplin, MO",Unlead,Joplin,MO,14.049999999999272,0,0.0,1
2026-04-17 03:01:02,"0312 - Vidor, TX",Diesel,Vidor,TX,105.21399999999994,0,0.0,3
2026-04-17 03:01:02,"0312 - Vidor, TX",Unlead,Vidor,TX,16.943499999999403,0,0.0,1
2026-04-17 03:01:02,"0315 - Laredo, TX",Diesel,Laredo,TX,51.8690000000006,0,0.0,3
2026-04-17 03:01:02,"0315 - Laredo, TX",Unlead,Laredo,TX,0.0,0,0.0,1
2026-04-17 03:01:02,"0319 - Milford, TX",Diesel,Milford,TX,201.04700000000048,0,0.0,3
2026-04-17 03:01:02,"0319 - Milford, TX",Unlead,Milford,TX,0.0,1,3707.1439999999984,1
2026-04-17 03:01:02,"0323 - Canton, TX",Diesel,Canton,TX,0.0,0,0.0,3
2026-04-17 03:01:02,"0323 - Canton, TX",Unlead,Canton,TX,0.0,0,0.0,1
2026-04-17 03:16:21,"0118 - Springfield, IL",Diesel,Springfield,IL,0.0,0,0.0,3
2026-04-17 03:16:21,"0118 - Springfield, IL",Unlead,Springfield,IL,0.0,0,0.0,1
2026-04-17 03:16:21,"0132 - Champaign, IL",Diesel,Champaign,IL,48.95099999999911,0,0.0,3
2026-04-17 03:16:21,"0132 - Champaign, IL",Unlead,Champaign,IL,0.0,0,0.0,1
2026-04-17 03:16:21,"0136 - Cottage Grove, WI",Diesel,Cottage Grove,WI,0.0,0,0.0,2
2026-04-17 03:16:21,"0136 - Cottage Grove, WI",Unlead,Cottage Grove,WI,0.0,0,0.0,1
2026-04-17 03:16:21,"0139 - Tuscola, IL",Diesel,Tuscola,IL,0.0,0,0.0,1
2026-04-17 03:16:21,"0139 - Tuscola, IL",Unlead,Tuscola,IL,0.0,0,0.0,2
2026-04-17 03:16:21,"0140 - Mendota, IL",Diesel,Mendota,IL,0.0,0,0.0,2
2026-04-17 03:16:21,"0140 - Mendota, IL",Unlead,Mendota,IL,0.0,0,0.0,2
2026-04-17 03:16:21,"0141 - Brazil, IN",Diesel,Brazil,IN,0.0,0,0.0,4
2026-04-17 03:16:21,"0141 - Brazil, IN",Unlead,Brazil,IN,0.0,0,0.0,1
2026-04-17 03:16:21,"0144 - Elk Run Height, IA",Diesel,Elk Run Height,IA,120.0,0,0.0,4
2026-04-17 03:16:21,"0144 - Elk Run Height, IA",Unlead,Elk Run Height,IA,0.0,0,0.0,2
2026-04-17 03:16:21,"0145 - Fenton, MO",Diesel,Fenton,MO,0.0,0,0.0,2
2026-04-17 03:16:21,"0145 - Fenton, MO",Unlead,Fenton,MO,0.0,0,0.0,1
2026-04-17 03:16:21,"0157 - Okawville, IL",Diesel,Okawville,IL,0.0,0,0.0,3
2026-04-17 03:16:21,"0157 - Okawville, IL",Unlead,Okawville,IL,13.208000000000538,0,0.0,1
2026-04-17 03:16:21,"0181 - Springfield, IL",Diesel,Springfield,IL,126.82950000000164,0,0.0,3
2026-04-17 03:16:21,"0181 - Springfield, IL",Unlead,Springfield,IL,16.11040000000048,0,0.0,1
2026-04-17 03:16:21,"0185 - McLean, IL",Diesel,McLean,IL,0.0,0,0.0,4
2026-04-17 03:16:21,"0185 - McLean, IL",Unlead,McLean,IL,0.0,0,0.0,1
2026-04-17 03:16:21,"0186 - Minonk, IL",Diesel,Minonk,IL,0.0,0,0.0,3
2026-04-17 03:16:21,"0186 - Minonk, IL",Unlead,Minonk,IL,0.0,0,0.0,1
2026-04-17 03:16:21,"0187 - Chicago, IL",Diesel,Chicago,IL,0.0,0,0.0,3
2026-04-17 03:16:21,"0187 - Chicago, IL",Unlead,Chicago,IL,5.145999999999731,0,0.0,1
2026-04-17 03:16:21,"0203 - Rockford, IL",Diesel,Rockford,IL,0.0,0,0.0,1
2026-04-17 03:16:21,"0203 - Rockford, IL",Unlead,Rockford,IL,8.73490000000038,0,0.0,1
2026-04-17 03:16:21,"0205 - South Beloit, IL",Diesel,South Beloit,IL,0.0,0,0.0,3
2026-04-17 03:16:21,"0205 - South Beloit, IL",Unlead,South Beloit,IL,0.0,0,0.0,1
2026-04-17 03:16:21,"0206 - Winnebago, IL",Diesel,Winnebago,IL,0.0,0,0.0,1
2026-04-17 03:16:21,"0206 - Winnebago, IL",Unlead,Winnebago,IL,0.0,0,0.0,1
2026-04-17 03:16:21,"0209 - Oakdale, WI",Diesel,Oakdale,WI,0.0,0,0.0,3
2026-04-17 03:16:21,"0209 - Oakdale, WI",Unlead,Oakdale,WI,0.0,0,0.0,1
2026-04-17 03:16:21,"0210 - Rochelle, IL",Diesel,Rochelle,IL,149.0,0,0.0,3
2026-04-17 03:16:21,"0210 - Rochelle, IL",Unlead,Rochelle,IL,25.0,0,0.0,1
2026-04-17 03:16:21,"0211 - Loves Park, IL",Diesel,Loves Park,IL,0.0,0,0.0,1
2026-04-17 03:16:21,"0211 - Loves Park, IL",Unlead,Loves Park,IL,21.0,0,0.0,1
2026-04-17 03:16:21,"0225 - Princeton, IL",Diesel,Princeton,IL,20.0,0,0.0,4
2026-04-17 03:16:21,"0225 - Princeton, IL",Unlead,Princeton,IL,0.0,0,0.0,2
2026-04-17 03:16:21,"0226 - Greenwood, IN",Diesel,Greenwood,IN,0.0,0,0.0,2
2026-04-17 03:16:21,"0226 - Greenwood, IN",Unlead,Greenwood,IN,13.0,0,0.0,2
2026-04-17 03:16:21,"0235 - Hampshire, IL",Diesel,Hampshire,IL,0.0,0,0.0,2
2026-04-17 03:16:21,"0235 - Hampshire, IL",Unlead,Hampshire,IL,0.0,0,0.0,2
2026-04-17 03:16:21,"0236 - East Troy, WI",Diesel,East Troy,WI,0.0,0,0.0,2
2026-04-17 03:16:21,"0236 - East Troy, WI",Unlead,East Troy,WI,0.0,0,0.0,1
2026-04-17 03:16:21,"0240 - Lake Station, IN",Diesel,Lake Station,IN,22.0,0,0.0,5
2026-04-17 03:16:21,"0240 - Lake Station, IN",Unlead,Lake Station,IN,5.0,0,0.0,2
2026-04-17 03:16:21,"0242 - St Robert, MO",Diesel,St Robert,MO,0.0,0,0.0,4
2026-04-17 03:16:21,"0263 - Ottawa, IL",Diesel,Ottawa,IL,0.0,0,0.0,3
2026-04-17 03:16:21,"0263 - Ottawa, IL",Unlead,Ottawa,IL,0.0,0,0.0,1
2026-04-17 03:16:21,"0265 - Dixon, IL",Diesel,Dixon,IL,0.0,0,0.0,3
2026-04-17 03:16:21,"0265 - Dixon, IL",Unlead,Dixon,IL,0.0,0,0.0,1
2026-04-17 03:16:21,"0266 - New Berlin, IL",Diesel,New Berlin,IL,0.0,0,0.0,3
2026-04-17 03:16:21,"0266 - New Berlin, IL",Unlead,New Berlin,IL,0.0,0,0.0,1
2026-04-17 03:16:21,"0267 - Pharr, TX",Diesel,Pharr,TX,0.0,0,0.0,4
2026-04-17 03:16:21,"0267 - Pharr, TX",Unlead,Pharr,TX,0.0,0,0.0,1
2026-04-17 03:16:21,"0268 - Grayville, IL",Diesel,Grayville,IL,0.0,0,0.0,3
2026-04-17 03:16:21,"0268 - Grayville, IL",Unlead,Grayville,IL,8.0,0,0.0,1
2026-04-17 03:16:21,"0269 - Marshall, IL",Diesel,Marshall,IL,0.0,0,0.0,3
2026-04-17 03:16:21,"0269 - Marshall, IL",Unlead,Marshall,IL,9.0,0,0.0,1
2026-04-17 03:16:21,"0270 - Moore, TX",Diesel,Moore,TX,313.0,1,307.0,3
2026-04-17 03:16:21,"0270 - Moore, TX",Unlead,Moore,TX,10.0,0,0.0,1
2026-04-17 03:16:21,"0271 - Odessa, TX",Diesel,Odessa,TX,149.6324999999997,0,0.0,3
2026-04-17 03:16:21,"0271 - Odessa, TX",Unlead,Odessa,TX,8.995499999999083,0,0.0,1
2026-04-17 03:16:21,"0272 - Encinal, TX",Diesel,Encinal,TX,0.0,0,0.0,3
2026-04-17 03:16:21,"0272 - Encinal, TX",Unlead,Encinal,TX,0.0,0,0.0,1
2026-04-17 03:16:21,"0273 - Combes, TX",Diesel,Combes,TX,0.0,0,0.0,3
2026-04-17 03:16:21,"0273 - Combes, TX",Unlead,Combes,TX,0.0,0,0.0,1
2026-04-17 03:16:21,"0275 - Sonora, TX",Diesel,Sonora,TX,98.04899999999907,0,0.0,3
2026-04-17 03:16:21,"0275 - Sonora, TX",Unlead,Sonora,TX,33.83989999999994,0,0.0,1
2026-04-17 03:16:21,"0276 - Waco, TX",Diesel,Waco,TX,154.72600000000057,0,0.0,3
2026-04-17 03:16:21,"0276 - Waco, TX",Unlead,Waco,TX,0.0,0,0.0,1
2026-04-17 03:16:21,"0277 - New Boston, TX",Diesel,New Boston,TX,0.0,0,0.0,3
2026-04-17 03:16:21,"0277 - New Boston, TX",Unlead,New Boston,TX,12.505999999999403,0,0.0,1
2026-04-17 03:16:21,"0278 - Brinkley, AR",Diesel,Brinkley,AR,31.549000000000888,0,0.0,3
2026-04-17 03:16:21,"0278 - Brinkley, AR",Unlead,Brinkley,AR,0.0,0,0.0,1
2026-04-17 03:16:21,"0279 - Marion, IL",Diesel,Marion,IL,0.0,0,0.0,3
2026-04-17 03:16:21,"0279 - Marion, IL",Unlead,Marion,IL,21.13799999999901,0,0.0,1
2026-04-17 03:16:21,"0280 - Monahans, TX",Diesel,Monahans,TX,0.0,0,0.0,3
2026-04-17 03:16:21,"0280 - Monahans, TX",Unlead,Monahans,TX,0.0,0,0.0,1
2026-04-17 03:16:21,"0281 - Cisco, TX",Diesel,Cisco,TX,0.0,0,0.0,3
2026-04-17 03:16:21,"0281 - Cisco, TX",Unlead,Cisco,TX,0.0,1,4526.469000000001,1
2026-04-17 03:16:21,"0282 - Gainesville, TX",Diesel,Gainesville,TX,0.0,0,0.0,3
2026-04-17 03:16:21,"0282 - Gainesville, TX",Unlead,Gainesville,TX,0.0,0,0.0,1
2026-04-17 03:16:21,"0283 - Sealy, TX",Diesel,Sealy,TX,5.021999999999025,0,0.0,3
2026-04-17 03:16:21,"0283 - Sealy, TX",Unlead,Sealy,TX,0.0,0,0.0,1
2026-04-17 03:16:21,"0284 - New Deal, TX",Diesel,New Deal,TX,0.0,0,0.0,3
2026-04-17 03:16:21,"0284 - New Deal, TX",Unlead,New Deal,TX,0.0,0,0.0,1
2026-04-17 03:16:21,"0285 - Seguin, TX",Diesel,Seguin,TX,330.126000000002,0,0.0,3
2026-04-17 03:16:21,"0285 - Seguin, TX",Unlead,Seguin,TX,0.0,0,0.0,1
2026-04-17 03:16:21,"0286 - Amarillo, TX",Diesel,Amarillo,TX,0.0,0,0.0,3
2026-04-17 03:16:21,"0286 - Amarillo, TX",Unlead,Amarillo,TX,12.979000000001179,0,0.0,1
2026-04-17 03:16:21,"0287 - Burbonnais, IL",Diesel,Burbonnais,IL,0.0,0,0.0,3
2026-04-17 03:16:21,"0287 - Burbonnais, IL",Unlead,Burbonnais,IL,0.0,0,0.0,1
2026-04-17 03:16:21,"0289 - Teague, TX",Diesel,Teague,TX,16.389499999999316,0,0.0,3
2026-04-17 03:16:21,"0289 - Teague, TX",Unlead,Teague,TX,0.0,0,0.0,1
2026-04-17 03:16:21,"0290 - Joplin, MO",Diesel,Joplin,MO,0.0,0,0.0,3
2026-04-17 03:16:21,"0290 - Joplin, MO",Unlead,Joplin,MO,0.0,0,0.0,1
2026-04-17 03:16:21,"0312 - Vidor, TX",Diesel,Vidor,TX,0.0,0,0.0,3
2026-04-17 03:16:21,"0312 - Vidor, TX",Unlead,Vidor,TX,0.0,0,0.0,1
2026-04-17 03:16:21,"0315 - Laredo, TX",Diesel,Laredo,TX,86.40499999999884,0,0.0,3
2026-04-17 03:16:21,"0315 - Laredo, TX",Unlead,Laredo,TX,0.0,0,0.0,1
2026-04-17 03:16:21,"0319 - Milford, TX",Diesel,Milford,TX,0.0,0,0.0,3
2026-04-17 03:16:21,"0319 - Milford, TX",Unlead,Milford,TX,27.172999999998865,0,0.0,1
2026-04-17 03:16:21,"0323 - Canton, TX",Diesel,Canton,TX,55.20900000000074,0,0.0,3
2026-04-17 03:16:21,"0323 - Canton, TX",Unlead,Canton,TX,16.223500000000058,0,0.0,1
2026-04-17 03:31:25,"0118 - Springfield, IL",Diesel,Springfield,IL,0.0,0,0.0,3
2026-04-17 03:31:25,"0118 - Springfield, IL",Unlead,Springfield,IL,0.0,0,0.0,1
2026-04-17 03:31:25,"0132 - Champaign, IL",Diesel,Champaign,IL,99.1939999999995,0,0.0,3
2026-04-17 03:31:25,"0132 - Champaign, IL",Unlead,Champaign,IL,5.77599999999984,0,0.0,1
2026-04-17 03:31:25,"0136 - Cottage Grove, WI",Diesel,Cottage Grove,WI,12.560999999999694,0,0.0,2
2026-04-17 03:31:25,"0136 - Cottage Grove, WI",Unlead,Cottage Grove,WI,0.0,0,0.0,1
2026-04-17 03:31:25,"0139 - Tuscola, IL",Diesel,Tuscola,IL,0.0,0,0.0,1
2026-04-17 03:31:25,"0139 - Tuscola, IL",Unlead,Tuscola,IL,5.0,0,0.0,2
2026-04-17 03:31:25,"0140 - Mendota, IL",Diesel,Mendota,IL,0.0,0,0.0,2
2026-04-17 03:31:25,"0140 - Mendota, IL",Unlead,Mendota,IL,0.0,0,0.0,2
2026-04-17 03:31:25,"0141 - Brazil, IN",Diesel,Brazil,IN,0.0,0,0.0,4
2026-04-17 03:31:25,"0141 - Brazil, IN",Unlead,Brazil,IN,3.0,0,0.0,1
2026-04-17 03:31:25,"0144 - Elk Run Height, IA",Diesel,Elk Run Height,IA,8.0,0,0.0,4
2026-04-17 03:31:25,"0144 - Elk Run Height, IA",Unlead,Elk Run Height,IA,0.0,0,0.0,2
2026-04-17 03:31:25,"0145 - Fenton, MO",Diesel,Fenton,MO,77.0,0,0.0,2
2026-04-17 03:31:25,"0145 - Fenton, MO",Unlead,Fenton,MO,8.0,0,0.0,1
2026-04-17 03:31:25,"0157 - Okawville, IL",Diesel,Okawville,IL,0.0,0,0.0,3
2026-04-17 03:31:25,"0157 - Okawville, IL",Unlead,Okawville,IL,9.252999999998792,0,0.0,1
2026-04-17 03:31:25,"0181 - Springfield, IL",Diesel,Springfield,IL,0.0,0,0.0,3
2026-04-17 03:31:25,"0181 - Springfield, IL",Unlead,Springfield,IL,0.0,0,0.0,1
2026-04-17 03:31:25,"0185 - McLean, IL",Diesel,McLean,IL,0.0,0,0.0,4
2026-04-17 03:31:25,"0185 - McLean, IL",Unlead,McLean,IL,28.031299999999646,0,0.0,1
2026-04-17 03:31:25,"0186 - Minonk, IL",Diesel,Minonk,IL,0.0,0,0.0,3
2026-04-17 03:31:25,"0186 - Minonk, IL",Unlead,Minonk,IL,35.89270000000033,0,0.0,1
2026-04-17 03:31:25,"0187 - Chicago, IL",Diesel,Chicago,IL,0.0,0,0.0,3
2026-04-17 03:31:25,"0187 - Chicago, IL",Unlead,Chicago,IL,0.0,0,0.0,1
2026-04-17 03:31:25,"0203 - Rockford, IL",Diesel,Rockford,IL,0.0,0,0.0,1
2026-04-17 03:31:25,"0203 - Rockford, IL",Unlead,Rockford,IL,8.779499999999643,0,0.0,1
2026-04-17 03:31:25,"0205 - South Beloit, IL",Diesel,South Beloit,IL,0.0,0,0.0,3
2026-04-17 03:31:25,"0205 - South Beloit, IL",Unlead,South Beloit,IL,0.0,0,0.0,1
2026-04-17 03:31:25,"0206 - Winnebago, IL",Diesel,Winnebago,IL,0.0,0,0.0,1
2026-04-17 03:31:25,"0206 - Winnebago, IL",Unlead,Winnebago,IL,0.0,0,0.0,1
2026-04-17 03:31:25,"0209 - Oakdale, WI",Diesel,Oakdale,WI,0.0,0,0.0,3
2026-04-17 03:31:25,"0209 - Oakdale, WI",Unlead,Oakdale,WI,0.0,0,0.0,1
2026-04-17 03:31:25,"0210 - Rochelle, IL",Diesel,Rochelle,IL,0.0,0,0.0,3
2026-04-17 03:31:25,"0210 - Rochelle, IL",Unlead,Rochelle,IL,0.0,0,0.0,1
2026-04-17 03:31:25,"0211 - Loves Park, IL",Diesel,Loves Park,IL,0.0,0,0.0,1
2026-04-17 03:31:25,"0211 - Loves Park, IL",Unlead,Loves Park,IL,0.0,0,0.0,1
2026-04-17 03:31:25,"0225 - Princeton, IL",Diesel,Princeton,IL,0.0,0,0.0,4
2026-04-17 03:31:25,"0225 - Princeton, IL",Unlead,Princeton,IL,0.0,0,0.0,2
2026-04-17 03:31:25,"0226 - Greenwood, IN",Diesel,Greenwood,IN,90.0,0,0.0,2
2026-04-17 03:31:25,"0226 - Greenwood, IN",Unlead,Greenwood,IN,49.0,0,0.0,2
2026-04-17 03:31:25,"0235 - Hampshire, IL",Diesel,Hampshire,IL,73.0,0,0.0,2
2026-04-17 03:31:25,"0235 - Hampshire, IL",Unlead,Hampshire,IL,0.0,0,0.0,2
2026-04-17 03:31:25,"0236 - East Troy, WI",Diesel,East Troy,WI,0.0,0,0.0,2
2026-04-17 03:31:25,"0236 - East Troy, WI",Unlead,East Troy,WI,0.0,0,0.0,1
2026-04-17 03:31:25,"0240 - Lake Station, IN",Diesel,Lake Station,IN,141.0,0,0.0,5
2026-04-17 03:31:25,"0240 - Lake Station, IN",Unlead,Lake Station,IN,13.0,0,0.0,2
2026-04-17 03:31:25,"0242 - St Robert, MO",Diesel,St Robert,MO,0.0,0,0.0,4
2026-04-17 03:31:25,"0263 - Ottawa, IL",Diesel,Ottawa,IL,175.0,0,0.0,3
2026-04-17 03:31:25,"0263 - Ottawa, IL",Unlead,Ottawa,IL,0.0,0,0.0,1
2026-04-17 03:31:25,"0265 - Dixon, IL",Diesel,Dixon,IL,0.0,0,0.0,3
2026-04-17 03:31:25,"0265 - Dixon, IL",Unlead,Dixon,IL,0.0,0,0.0,1
2026-04-17 03:31:25,"0266 - New Berlin, IL",Diesel,New Berlin,IL,0.0,0,0.0,3
2026-04-17 03:31:25,"0266 - New Berlin, IL",Unlead,New Berlin,IL,7.341100000000097,0,0.0,1
2026-04-17 03:31:25,"0267 - Pharr, TX",Diesel,Pharr,TX,0.0,0,0.0,4
2026-04-17 03:31:25,"0267 - Pharr, TX",Unlead,Pharr,TX,0.0,0,0.0,1
2026-04-17 03:31:25,"0268 - Grayville, IL",Diesel,Grayville,IL,0.0,0,0.0,3
2026-04-17 03:31:25,"0268 - Grayville, IL",Unlead,Grayville,IL,11.0,0,0.0,1
2026-04-17 03:31:25,"0269 - Marshall, IL",Diesel,Marshall,IL,0.0,0,0.0,3
2026-04-17 03:31:25,"0269 - Marshall, IL",Unlead,Marshall,IL,11.0,0,0.0,1
2026-04-17 03:31:25,"0270 - Moore, TX",Diesel,Moore,TX,294.0,1,285.0,3
2026-04-17 03:31:25,"0270 - Moore, TX",Unlead,Moore,TX,52.0,0,0.0,1
2026-04-17 03:31:25,"0271 - Odessa, TX",Diesel,Odessa,TX,114.51299999999901,0,0.0,3
2026-04-17 03:31:25,"0271 - Odessa, TX",Unlead,Odessa,TX,0.0,0,0.0,1
2026-04-17 03:31:25,"0272 - Encinal, TX",Diesel,Encinal,TX,0.0,0,0.0,3
2026-04-17 03:31:25,"0272 - Encinal, TX",Unlead,Encinal,TX,0.0,0,0.0,1
2026-04-17 03:31:25,"0273 - Combes, TX",Diesel,Combes,TX,0.0,0,0.0,3
2026-04-17 03:31:25,"0273 - Combes, TX",Unlead,Combes,TX,0.0,0,0.0,1
2026-04-17 03:31:25,"0275 - Sonora, TX",Diesel,Sonora,TX,0.0,0,0.0,3
2026-04-17 03:31:25,"0275 - Sonora, TX",Unlead,Sonora,TX,8.784599999999955,0,0.0,1
2026-04-17 03:31:25,"0276 - Waco, TX",Diesel,Waco,TX,260.257999999998,0,0.0,3
2026-04-17 03:31:25,"0276 - Waco, TX",Unlead,Waco,TX,0.0,0,0.0,1
2026-04-17 03:31:25,"0277 - New Boston, TX",Diesel,New Boston,TX,51.272000000000844,0,0.0,3
2026-04-17 03:31:25,"0277 - New Boston, TX",Unlead,New Boston,TX,0.0,0,0.0,1
2026-04-17 03:31:25,"0278 - Brinkley, AR",Diesel,Brinkley,AR,0.0,0,0.0,3
2026-04-17 03:31:25,"0278 - Brinkley, AR",Unlead,Brinkley,AR,3.2919999999994616,0,0.0,1
2026-04-17 03:31:25,"0279 - Marion, IL",Diesel,Marion,IL,0.0,0,0.0,3
2026-04-17 03:31:25,"0279 - Marion, IL",Unlead,Marion,IL,8.780000000000655,0,0.0,1
2026-04-17 03:31:25,"0280 - Monahans, TX",Diesel,Monahans,TX,0.0,0,0.0,3
2026-04-17 03:31:25,"0280 - Monahans, TX",Unlead,Monahans,TX,0.0,0,0.0,1
2026-04-17 03:31:25,"0281 - Cisco, TX",Diesel,Cisco,TX,151.77800000000207,0,0.0,3
2026-04-17 03:31:25,"0281 - Cisco, TX",Unlead,Cisco,TX,0.0,1,1644.6990000000005,1
2026-04-17 03:31:25,"0282 - Gainesville, TX",Diesel,Gainesville,TX,0.0,0,0.0,3
2026-04-17 03:31:25,"0282 - Gainesville, TX",Unlead,Gainesville,TX,0.0,0,0.0,1
2026-04-17 03:31:25,"0283 - Sealy, TX",Diesel,Sealy,TX,162.64999999999964,0,0.0,3
2026-04-17 03:31:25,"0283 - Sealy, TX",Unlead,Sealy,TX,0.0,0,0.0,1
2026-04-17 03:31:25,"0284 - New Deal, TX",Diesel,New Deal,TX,0.0,0,0.0,3
2026-04-17 03:31:25,"0284 - New Deal, TX",Unlead,New Deal,TX,0.0,0,0.0,1
2026-04-17 03:31:25,"0285 - Seguin, TX",Diesel,Seguin,TX,133.23099999999977,0,0.0,3
2026-04-17 03:31:25,"0285 - Seguin, TX",Unlead,Seguin,TX,5.2994999999991705,0,0.0,1
2026-04-17 03:31:25,"0286 - Amarillo, TX",Diesel,Amarillo,TX,27.826999999999316,0,0.0,3
2026-04-17 03:31:25,"0286 - Amarillo, TX",Unlead,Amarillo,TX,15.5,0,0.0,1
2026-04-17 03:31:25,"0287 - Burbonnais, IL",Diesel,Burbonnais,IL,0.0,0,0.0,3
2026-04-17 03:31:25,"0287 - Burbonnais, IL",Unlead,Burbonnais,IL,0.0,0,0.0,1
2026-04-17 03:31:25,"0289 - Teague, TX",Diesel,Teague,TX,241.72099999999955,0,0.0,3
2026-04-17 03:31:25,"0289 - Teague, TX",Unlead,Teague,TX,0.0,0,0.0,1
2026-04-17 03:31:25,"0290 - Joplin, MO",Diesel,Joplin,MO,18.613999999999578,0,0.0,3
2026-04-17 03:31:25,"0290 - Joplin, MO",Unlead,Joplin,MO,11.954999999999927,0,0.0,1
2026-04-17 03:31:25,"0312 - Vidor, TX",Diesel,Vidor,TX,0.0,0,0.0,3
2026-04-17 03:31:25,"0312 - Vidor, TX",Unlead,Vidor,TX,19.752000000000407,0,0.0,1
2026-04-17 03:31:25,"0315 - Laredo, TX",Diesel,Laredo,TX,0.0,0,0.0,3
2026-04-17 03:31:25,"0315 - Laredo, TX",Unlead,Laredo,TX,0.0,0,0.0,1
2026-04-17 03:31:25,"0319 - Milford, TX",Diesel,Milford,TX,0.0,0,0.0,3
2026-04-17 03:31:25,"0319 - Milford, TX",Unlead,Milford,TX,8.104999999999563,0,0.0,1
2026-04-17 03:31:25,"0323 - Canton, TX",Diesel,Canton,TX,15.162999999998647,0,0.0,3
2026-04-17 03:31:25,"0323 - Canton, TX",Unlead,Canton,TX,0.0,0,0.0,1
2026-04-17 03:46:30,"0118 - Springfield, IL",Diesel,Springfield,IL,0.0,0,0.0,3
2026-04-17 03:46:30,"0118 - Springfield, IL",Unlead,Springfield,IL,31.0,0,0.0,1
2026-04-17 03:46:30,"0132 - Champaign, IL",Diesel,Champaign,IL,49.82500000000073,0,0.0,3
2026-04-17 03:46:30,"0132 - Champaign, IL",Unlead,Champaign,IL,0.0,0,0.0,1
2026-04-17 03:46:30,"0136 - Cottage Grove, WI",Diesel,Cottage Grove,WI,317.317,0,0.0,2
2026-04-17 03:46:30,"0136 - Cottage Grove, WI",Unlead,Cottage Grove,WI,0.0,0,0.0,1
2026-04-17 03:46:30,"0139 - Tuscola, IL",Diesel,Tuscola,IL,0.0,0,0.0,1
2026-04-17 03:46:30,"0139 - Tuscola, IL",Unlead,Tuscola,IL,0.0,0,0.0,2
2026-04-17 03:46:30,"0140 - Mendota, IL",Diesel,Mendota,IL,0.0,0,0.0,2
2026-04-17 03:46:30,"0140 - Mendota, IL",Unlead,Mendota,IL,0.0,0,0.0,2
2026-04-17 03:46:30,"0141 - Brazil, IN",Diesel,Brazil,IN,0.0,0,0.0,4
2026-04-17 03:46:30,"0141 - Brazil, IN",Unlead,Brazil,IN,0.0,0,0.0,1
2026-04-17 03:46:30,"0144 - Elk Run Height, IA",Diesel,Elk Run Height,IA,0.0,0,0.0,4
2026-04-17 03:46:30,"0144 - Elk Run Height, IA",Unlead,Elk Run Height,IA,0.0,0,0.0,2
2026-04-17 03:46:30,"0145 - Fenton, MO",Diesel,Fenton,MO,0.0,0,0.0,2
2026-04-17 03:46:30,"0145 - Fenton, MO",Unlead,Fenton,MO,8.0,0,0.0,1
2026-04-17 03:46:30,"0157 - Okawville, IL",Diesel,Okawville,IL,0.0,0,0.0,3
2026-04-17 03:46:30,"0157 - Okawville, IL",Unlead,Okawville,IL,9.761000000000422,0,0.0,1
2026-04-17 03:46:30,"0181 - Springfield, IL",Diesel,Springfield,IL,29.19800000000032,0,0.0,3
2026-04-17 03:46:30,"0181 - Springfield, IL",Unlead,Springfield,IL,0.0,0,0.0,1
2026-04-17 03:46:30,"0185 - McLean, IL",Diesel,McLean,IL,0.0,0,0.0,4
2026-04-17 03:46:30,"0185 - McLean, IL",Unlead,McLean,IL,0.0,0,0.0,1
2026-04-17 03:46:30,"0186 - Minonk, IL",Diesel,Minonk,IL,0.0,0,0.0,3
2026-04-17 03:46:30,"0186 - Minonk, IL",Unlead,Minonk,IL,0.0,0,0.0,1
2026-04-17 03:46:30,"0187 - Chicago, IL",Diesel,Chicago,IL,0.0,0,0.0,3
2026-04-17 03:46:30,"0187 - Chicago, IL",Unlead,Chicago,IL,0.0,0,0.0,1
2026-04-17 03:46:30,"0203 - Rockford, IL",Diesel,Rockford,IL,0.0,0,0.0,1
2026-04-17 03:46:30,"0203 - Rockford, IL",Unlead,Rockford,IL,12.173600000000079,0,0.0,1
2026-04-17 03:46:30,"0205 - South Beloit, IL",Diesel,South Beloit,IL,0.0,0,0.0,3
2026-04-17 03:46:30,"0205 - South Beloit, IL",Unlead,South Beloit,IL,5.0,0,0.0,1
2026-04-17 03:46:30,"0206 - Winnebago, IL",Diesel,Winnebago,IL,0.0,0,0.0,1
2026-04-17 03:46:30,"0206 - Winnebago, IL",Unlead,Winnebago,IL,0.0,0,0.0,1
2026-04-17 03:46:30,"0209 - Oakdale, WI",Diesel,Oakdale,WI,0.0,0,0.0,3
2026-04-17 03:46:30,"0209 - Oakdale, WI",Unlead,Oakdale,WI,15.0,0,0.0,1
2026-04-17 03:46:30,"0210 - Rochelle, IL",Diesel,Rochelle,IL,0.0,0,0.0,3
2026-04-17 03:46:30,"0210 - Rochelle, IL",Unlead,Rochelle,IL,8.0,0,0.0,1
2026-04-17 03:46:30,"0211 - Loves Park, IL",Diesel,Loves Park,IL,0.0,0,0.0,1
2026-04-17 03:46:30,"0211 - Loves Park, IL",Unlead,Loves Park,IL,0.0,0,0.0,1
2026-04-17 03:46:30,"0225 - Princeton, IL",Diesel,Princeton,IL,0.0,0,0.0,4
2026-04-17 03:46:30,"0225 - Princeton, IL",Unlead,Princeton,IL,0.0,0,0.0,2
2026-04-17 03:46:30,"0226 - Greenwood, IN",Diesel,Greenwood,IN,0.0,0,0.0,2
2026-04-17 03:46:30,"0226 - Greenwood, IN",Unlead,Greenwood,IN,2.0,0,0.0,2
2026-04-17 03:46:30,"0235 - Hampshire, IL",Diesel,Hampshire,IL,0.0,0,0.0,2
2026-04-17 03:46:30,"0235 - Hampshire, IL",Unlead,Hampshire,IL,0.0,0,0.0,2
2026-04-17 03:46:30,"0236 - East Troy, WI",Diesel,East Troy,WI,0.0,0,0.0,2
2026-04-17 03:46:30,"0236 - East Troy, WI",Unlead,East Troy,WI,0.0,0,0.0,1
2026-04-17 03:46:30,"0240 - Lake Station, IN",Diesel,Lake Station,IN,0.0,0,0.0,5
2026-04-17 03:46:30,"0240 - Lake Station, IN",Unlead,Lake Station,IN,0.0,0,0.0,2
2026-04-17 03:46:30,"0242 - St Robert, MO",Diesel,St Robert,MO,151.82400000000143,0,0.0,4
2026-04-17 03:46:30,"0263 - Ottawa, IL",Diesel,Ottawa,IL,0.0,0,0.0,3
2026-04-17 03:46:30,"0263 - Ottawa, IL",Unlead,Ottawa,IL,0.0,0,0.0,1
2026-04-17 03:46:30,"0265 - Dixon, IL",Diesel,Dixon,IL,0.0,0,0.0,3
2026-04-17 03:46:30,"0265 - Dixon, IL",Unlead,Dixon,IL,0.0,0,0.0,1
2026-04-17 03:46:30,"0266 - New Berlin, IL",Diesel,New Berlin,IL,0.0,0,0.0,3
2026-04-17 03:46:30,"0266 - New Berlin, IL",Unlead,New Berlin,IL,0.0,0,0.0,1
2026-04-17 03:46:30,"0267 - Pharr, TX",Diesel,Pharr,TX,0.0,0,0.0,4
2026-04-17 03:46:30,"0267 - Pharr, TX",Unlead,Pharr,TX,0.0,0,0.0,1
2026-04-17 03:46:30,"0268 - Grayville, IL",Diesel,Grayville,IL,0.0,0,0.0,3
2026-04-17 03:46:30,"0268 - Grayville, IL",Unlead,Grayville,IL,0.0,0,0.0,1
2026-04-17 03:46:30,"0269 - Marshall, IL",Diesel,Marshall,IL,108.0,0,0.0,3
2026-04-17 03:46:30,"0269 - Marshall, IL",Unlead,Marshall,IL,13.0,0,0.0,1
2026-04-17 03:46:30,"0270 - Moore, TX",Diesel,Moore,TX,208.0,1,206.0,3
2026-04-17 03:46:30,"0270 - Moore, TX",Unlead,Moore,TX,19.0,0,0.0,1
2026-04-17 03:46:30,"0271 - Odessa, TX",Diesel,Odessa,TX,0.0,0,0.0,3
2026-04-17 03:46:30,"0271 - Odessa, TX",Unlead,Odessa,TX,9.53399999999965,0,0.0,1
2026-04-17 03:46:30,"0272 - Encinal, TX",Diesel,Encinal,TX,0.0,0,0.0,3
2026-04-17 03:46:30,"0272 - Encinal, TX",Unlead,Encinal,TX,19.65400000000045,0,0.0,1
2026-04-17 03:46:30,"0273 - Combes, TX",Diesel,Combes,TX,0.0,0,0.0,3
2026-04-17 03:46:30,"0273 - Combes, TX",Unlead,Combes,TX,0.0,0,0.0,1
2026-04-17 03:46:30,"0275 - Sonora, TX",Diesel,Sonora,TX,118.76200000000063,0,0.0,3
2026-04-17 03:46:30,"0275 - Sonora, TX",Unlead,Sonora,TX,0.0,0,0.0,1
2026-04-17 03:46:30,"0276 - Waco, TX",Diesel,Waco,TX,376.65099999999984,0,0.0,3
2026-04-17 03:46:30,"0276 - Waco, TX",Unlead,Waco,TX,0.0,0,0.0,1
2026-04-17 03:46:30,"0277 - New Boston, TX",Diesel,New Boston,TX,96.50299999999879,0,0.0,3
2026-04-17 03:46:30,"0277 - New Boston, TX",Unlead,New Boston,TX,0.0,0,0.0,1
2026-04-17 03:46:30,"0278 - Brinkley, AR",Diesel,Brinkley,AR,0.0,0,0.0,3
2026-04-17 03:46:30,"0278 - Brinkley, AR",Unlead,Brinkley,AR,0.0,0,0.0,1
2026-04-17 03:46:30,"0279 - Marion, IL",Diesel,Marion,IL,13.421999999998661,0,0.0,3
2026-04-17 03:46:30,"0279 - Marion, IL",Unlead,Marion,IL,20.735000000000582,0,0.0,1
2026-04-17 03:46:30,"0280 - Monahans, TX",Diesel,Monahans,TX,0.0,0,0.0,3
2026-04-17 03:46:30,"0280 - Monahans, TX",Unlead,Monahans,TX,0.0,0,0.0,1
2026-04-17 03:46:30,"0281 - Cisco, TX",Diesel,Cisco,TX,0.0,0,0.0,3
2026-04-17 03:46:30,"0281 - Cisco, TX",Unlead,Cisco,TX,9.694999999999709,0,0.0,1
2026-04-17 03:46:30,"0282 - Gainesville, TX",Diesel,Gainesville,TX,0.0,0,0.0,3
2026-04-17 03:46:30,"0282 - Gainesville, TX",Unlead,Gainesville,TX,0.0,0,0.0,1
2026-04-17 03:46:30,"0283 - Sealy, TX",Diesel,Sealy,TX,281.96349999999984,0,0.0,3
2026-04-17 03:46:30,"0283 - Sealy, TX",Unlead,Sealy,TX,0.0,0,0.0,1
2026-04-17 03:46:30,"0284 - New Deal, TX",Diesel,New Deal,TX,0.0,0,0.0,3
2026-04-17 03:46:30,"0284 - New Deal, TX",Unlead,New Deal,TX,0.0,0,0.0,1
2026-04-17 03:46:30,"0285 - Seguin, TX",Diesel,Seguin,TX,135.9499999999989,0,0.0,3
2026-04-17 03:46:30,"0285 - Seguin, TX",Unlead,Seguin,TX,0.0,0,0.0,1
2026-04-17 03:46:30,"0286 - Amarillo, TX",Diesel,Amarillo,TX,164.03499999999985,0,0.0,3
2026-04-17 03:46:30,"0286 - Amarillo, TX",Unlead,Amarillo,TX,7.125999999998385,0,0.0,1
2026-04-17 03:46:30,"0287 - Burbonnais, IL",Diesel,Burbonnais,IL,0.0,0,0.0,3
2026-04-17 03:46:30,"0287 - Burbonnais, IL",Unlead,Burbonnais,IL,30.85400000000118,0,0.0,1
2026-04-17 03:46:30,"0289 - Teague, TX",Diesel,Teague,TX,0.0,0,0.0,3
2026-04-17 03:46:30,"0289 - Teague, TX",Unlead,Teague,TX,0.0,0,0.0,1
2026-04-17 03:46:30,"0290 - Joplin, MO",Diesel,Joplin,MO,143.79399999999987,0,0.0,3
2026-04-17 03:46:30,"0290 - Joplin, MO",Unlead,Joplin,MO,0.0,0,0.0,1
2026-04-17 03:46:30,"0312 - Vidor, TX",Diesel,Vidor,TX,158.33600000000297,0,0.0,3
2026-04-17 03:46:30,"0312 - Vidor, TX",Unlead,Vidor,TX,15.801000000001295,0,0.0,1
2026-04-17 03:46:30,"0315 - Laredo, TX",Diesel,Laredo,TX,64.7350000000024,0,0.0,3
2026-04-17 03:46:30,"0315 - Laredo, TX",Unlead,Laredo,TX,0.0,0,0.0,1
2026-04-17 03:46:30,"0319 - Milford, TX",Diesel,Milford,TX,0.0,0,0.0,3
2026-04-17 03:46:30,"0319 - Milford, TX",Unlead,Milford,TX,0.0,0,0.0,1
2026-04-17 03:46:30,"0323 - Canton, TX",Diesel,Canton,TX,0.0,0,0.0,3
2026-04-17 03:46:30,"0323 - Canton, TX",Unlead,Canton,TX,26.052999999999884,0,0.0,1
2026-04-17 04:17:44,"0118 - Springfield, IL",Diesel,Springfield,IL,145.0,0,0.0,3
2026-04-17 04:17:44,"0118 - Springfield, IL",Unlead,Springfield,IL,21.0,0,0.0,1
2026-04-17 04:17:44,"0132 - Champaign, IL",Diesel,Champaign,IL,0.0,0,0.0,3
2026-04-17 04:17:44,"0132 - Champaign, IL",Unlead,Champaign,IL,12.979999999999563,0,0.0,1
2026-04-17 04:17:44,"0136 - Cottage Grove, WI",Diesel,Cottage Grove,WI,307.20600000000013,0,0.0,2
2026-04-17 04:17:44,"0136 - Cottage Grove, WI",Unlead,Cottage Grove,WI,0.0,0,0.0,1
2026-04-17 04:17:44,"0139 - Tuscola, IL",Diesel,Tuscola,IL,91.0,0,0.0,1
2026-04-17 04:17:44,"0139 - Tuscola, IL",Unlead,Tuscola,IL,0.0,0,0.0,2
2026-04-17 04:17:44,"0140 - Mendota, IL",Diesel,Mendota,IL,0.0,0,0.0,2
2026-04-17 04:17:44,"0140 - Mendota, IL",Unlead,Mendota,IL,0.0,0,0.0,2
2026-04-17 04:17:44,"0141 - Brazil, IN",Diesel,Brazil,IN,0.0,0,0.0,4
2026-04-17 04:17:44,"0141 - Brazil, IN",Unlead,Brazil,IN,6.0,0,0.0,1
2026-04-17 04:17:44,"0144 - Elk Run Height, IA",Diesel,Elk Run Height,IA,0.0,0,0.0,4
2026-04-17 04:17:44,"0144 - Elk Run Height, IA",Unlead,Elk Run Height,IA,0.0,0,0.0,2
2026-04-17 04:17:44,"0145 - Fenton, MO",Diesel,Fenton,MO,0.0,0,0.0,2
2026-04-17 04:17:44,"0145 - Fenton, MO",Unlead,Fenton,MO,0.0,0,0.0,1
2026-04-17 04:17:44,"0157 - Okawville, IL",Diesel,Okawville,IL,0.0,0,0.0,3
2026-04-17 04:17:44,"0157 - Okawville, IL",Unlead,Okawville,IL,6.2630000000008295,0,0.0,1
2026-04-17 04:17:44,"0181 - Springfield, IL",Diesel,Springfield,IL,161.39199999999983,0,0.0,3
2026-04-17 04:17:44,"0181 - Springfield, IL",Unlead,Springfield,IL,0.0,0,0.0,1
2026-04-17 04:17:44,"0185 - McLean, IL",Diesel,McLean,IL,126.70000000000073,0,0.0,4
2026-04-17 04:17:44,"0185 - McLean, IL",Unlead,McLean,IL,12.259299999999712,0,0.0,1
2026-04-17 04:17:44,"0186 - Minonk, IL",Diesel,Minonk,IL,0.0,0,0.0,3
2026-04-17 04:17:44,"0186 - Minonk, IL",Unlead,Minonk,IL,0.0,0,0.0,1
2026-04-17 04:17:44,"0187 - Chicago, IL",Diesel,Chicago,IL,172.0,0,0.0,3
2026-04-17 04:17:44,"0187 - Chicago, IL",Unlead,Chicago,IL,2.6240000000007058,0,0.0,1
2026-04-17 04:17:44,"0203 - Rockford, IL",Diesel,Rockford,IL,0.0,0,0.0,1
2026-04-17 04:17:44,"0203 - Rockford, IL",Unlead,Rockford,IL,8.926800000000185,0,0.0,1
2026-04-17 04:17:44,"0205 - South Beloit, IL",Diesel,South Beloit,IL,67.0,0,0.0,3
2026-04-17 04:17:44,"0205 - South Beloit, IL",Unlead,South Beloit,IL,41.0,0,0.0,1
2026-04-17 04:17:44,"0206 - Winnebago, IL",Diesel,Winnebago,IL,0.0,0,0.0,1
2026-04-17 04:17:44,"0206 - Winnebago, IL",Unlead,Winnebago,IL,5.0,0,0.0,1
2026-04-17 04:17:44,"0209 - Oakdale, WI",Diesel,Oakdale,WI,0.0,0,0.0,3
2026-04-17 04:17:44,"0209 - Oakdale, WI",Unlead,Oakdale,WI,0.0,0,0.0,1
2026-04-17 04:17:44,"0210 - Rochelle, IL",Diesel,Rochelle,IL,0.0,0,0.0,3
2026-04-17 04:17:44,"0210 - Rochelle, IL",Unlead,Rochelle,IL,0.0,0,0.0,1
2026-04-17 04:17:44,"0211 - Loves Park, IL",Diesel,Loves Park,IL,0.0,0,0.0,1
2026-04-17 04:17:44,"0211 - Loves Park, IL",Unlead,Loves Park,IL,8.0,0,0.0,1
2026-04-17 04:17:44,"0225 - Princeton, IL",Diesel,Princeton,IL,69.0,0,0.0,4
2026-04-17 04:17:44,"0225 - Princeton, IL",Unlead,Princeton,IL,0.0,0,0.0,2
2026-04-17 04:17:44,"0226 - Greenwood, IN",Diesel,Greenwood,IN,53.0,0,0.0,2
2026-04-17 04:17:44,"0226 - Greenwood, IN",Unlead,Greenwood,IN,28.0,0,0.0,2
2026-04-17 04:17:44,"0235 - Hampshire, IL",Diesel,Hampshire,IL,318.0,0,0.0,2
2026-04-17 04:17:44,"0235 - Hampshire, IL",Unlead,Hampshire,IL,3.0,0,0.0,2
2026-04-17 04:17:44,"0236 - East Troy, WI",Diesel,East Troy,WI,0.0,0,0.0,2
2026-04-17 04:17:44,"0236 - East Troy, WI",Unlead,East Troy,WI,0.0,0,0.0,1
2026-04-17 04:17:44,"0240 - Lake Station, IN",Diesel,Lake Station,IN,0.0,0,0.0,5
2026-04-17 04:17:44,"0240 - Lake Station, IN",Unlead,Lake Station,IN,33.0,0,0.0,2
2026-04-17 04:17:44,"0242 - St Robert, MO",Diesel,St Robert,MO,24.728000000000065,0,0.0,4
2026-04-17 04:17:44,"0263 - Ottawa, IL",Diesel,Ottawa,IL,0.0,0,0.0,3
2026-04-17 04:17:44,"0263 - Ottawa, IL",Unlead,Ottawa,IL,22.0,0,0.0,1
2026-04-17 04:17:44,"0265 - Dixon, IL",Diesel,Dixon,IL,0.0,0,0.0,3
2026-04-17 04:17:44,"0265 - Dixon, IL",Unlead,Dixon,IL,7.3880000000008295,0,0.0,1
2026-04-17 04:17:44,"0266 - New Berlin, IL",Diesel,New Berlin,IL,28.0,0,0.0,3
2026-04-17 04:17:44,"0266 - New Berlin, IL",Unlead,New Berlin,IL,21.062799999999697,0,0.0,1
2026-04-17 04:17:44,"0267 - Pharr, TX",Diesel,Pharr,TX,0.0,0,0.0,4
2026-04-17 04:17:44,"0267 - Pharr, TX",Unlead,Pharr,TX,2.0,0,0.0,1
2026-04-17 04:17:44,"0268 - Grayville, IL",Diesel,Grayville,IL,0.0,0,0.0,3
2026-04-17 04:17:44,"0268 - Grayville, IL",Unlead,Grayville,IL,25.0,0,0.0,1
2026-04-17 04:17:44,"0269 - Marshall, IL",Diesel,Marshall,IL,63.0,0,0.0,3
2026-04-17 04:17:44,"0269 - Marshall, IL",Unlead,Marshall,IL,3.0,0,0.0,1
2026-04-17 04:17:44,"0270 - Moore, TX",Diesel,Moore,TX,397.0,1,171.0,3
2026-04-17 04:17:44,"0270 - Moore, TX",Unlead,Moore,TX,69.0,0,0.0,1
2026-04-17 04:17:44,"0271 - Odessa, TX",Diesel,Odessa,TX,272.1914000000006,0,0.0,3
2026-04-17 04:17:44,"0271 - Odessa, TX",Unlead,Odessa,TX,55.802999999999884,0,0.0,1
2026-04-17 04:17:44,"0272 - Encinal, TX",Diesel,Encinal,TX,97.60800000000381,0,0.0,3
2026-04-17 04:17:44,"0272 - Encinal, TX",Unlead,Encinal,TX,0.0,0,0.0,1
2026-04-17 04:17:44,"0273 - Combes, TX",Diesel,Combes,TX,0.0,0,0.0,3
2026-04-17 04:17:44,"0273 - Combes, TX",Unlead,Combes,TX,0.0,0,0.0,1
2026-04-17 04:17:44,"0275 - Sonora, TX",Diesel,Sonora,TX,315.72699999999895,0,0.0,3
2026-04-17 04:17:44,"0275 - Sonora, TX",Unlead,Sonora,TX,0.0,0,0.0,1
2026-04-17 04:17:44,"0276 - Waco, TX",Diesel,Waco,TX,181.45700000000033,0,0.0,3
2026-04-17 04:17:44,"0276 - Waco, TX",Unlead,Waco,TX,15.470999999999549,0,0.0,1
2026-04-17 04:17:44,"0277 - New Boston, TX",Diesel,New Boston,TX,0.0,0,0.0,3
2026-04-17 04:17:44,"0277 - New Boston, TX",Unlead,New Boston,TX,0.0,0,0.0,1
2026-04-17 04:17:44,"0278 - Brinkley, AR",Diesel,Brinkley,AR,0.0,0,0.0,3
2026-04-17 04:17:44,"0278 - Brinkley, AR",Unlead,Brinkley,AR,13.358000000000175,0,0.0,1
2026-04-17 04:17:44,"0279 - Marion, IL",Diesel,Marion,IL,73.84300000000258,0,0.0,3
2026-04-17 04:17:44,"0279 - Marion, IL",Unlead,Marion,IL,35.30899999999929,0,0.0,1
2026-04-17 04:17:44,"0280 - Monahans, TX",Diesel,Monahans,TX,0.0,0,0.0,3
2026-04-17 04:17:44,"0280 - Monahans, TX",Unlead,Monahans,TX,0.0,0,0.0,1
2026-04-17 04:17:44,"0281 - Cisco, TX",Diesel,Cisco,TX,69.21700000000055,0,0.0,3
2026-04-17 04:17:44,"0281 - Cisco, TX",Unlead,Cisco,TX,0.0,0,0.0,1
2026-04-17 04:17:44,"0282 - Gainesville, TX",Diesel,Gainesville,TX,118.44600000000355,0,0.0,3
2026-04-17 04:17:44,"0282 - Gainesville, TX",Unlead,Gainesville,TX,7.570999999999913,0,0.0,1
2026-04-17 04:17:44,"0283 - Sealy, TX",Diesel,Sealy,TX,279.9945000000007,0,0.0,3
2026-04-17 04:17:44,"0283 - Sealy, TX",Unlead,Sealy,TX,0.0,0,0.0,1
2026-04-17 04:17:44,"0284 - New Deal, TX",Diesel,New Deal,TX,0.0,0,0.0,3
2026-04-17 04:17:44,"0284 - New Deal, TX",Unlead,New Deal,TX,44.5630000000001,0,0.0,1
2026-04-17 04:17:44,"0285 - Seguin, TX",Diesel,Seguin,TX,68.18399999999929,0,0.0,3
2026-04-17 04:17:44,"0285 - Seguin, TX",Unlead,Seguin,TX,2.7710000000006403,0,0.0,1
2026-04-17 04:17:44,"0286 - Amarillo, TX",Diesel,Amarillo,TX,16.38800000000083,0,0.0,3
2026-04-17 04:17:44,"0286 - Amarillo, TX",Unlead,Amarillo,TX,17.537000000000262,0,0.0,1
2026-04-17 04:17:44,"0287 - Burbonnais, IL",Diesel,Burbonnais,IL,0.0,0,0.0,3
2026-04-17 04:17:44,"0287 - Burbonnais, IL",Unlead,Burbonnais,IL,24.878999999998996,0,0.0,1
2026-04-17 04:17:44,"0289 - Teague, TX",Diesel,Teague,TX,211.94300000000112,0,0.0,3
2026-04-17 04:17:44,"0289 - Teague, TX",Unlead,Teague,TX,0.0,0,0.0,1
2026-04-17 04:17:44,"0290 - Joplin, MO",Diesel,Joplin,MO,306.33899999999994,0,0.0,3
2026-04-17 04:17:44,"0290 - Joplin, MO",Unlead,Joplin,MO,9.537000000000262,0,0.0,1
2026-04-17 04:17:44,"0312 - Vidor, TX",Diesel,Vidor,TX,24.120999999999185,0,0.0,3
2026-04-17 04:17:44,"0312 - Vidor, TX",Unlead,Vidor,TX,40.65599999999904,0,0.0,1
2026-04-17 04:17:44,"0315 - Laredo, TX",Diesel,Laredo,TX,70.22199999999793,0,0.0,3
2026-04-17 04:17:44,"0315 - Laredo, TX",Unlead,Laredo,TX,0.0,0,0.0,1
2026-04-17 04:17:44,"0319 - Milford, TX",Diesel,Milford,TX,259.5079999999998,0,0.0,3
2026-04-17 04:17:44,"0319 - Milford, TX",Unlead,Milford,TX,3.2890000000006694,0,0.0,1
2026-04-17 04:17:44,"0323 - Canton, TX",Diesel,Canton,TX,0.0,0,0.0,3
2026-04-17 04:17:44,"0323 - Canton, TX",Unlead,Canton,TX,11.906000000000859,0,0.0,1
2026-04-17 04:33:24,"0118 - Springfield, IL",Diesel,Springfield,IL,0.0,0,0.0,3
2026-04-17 04:33:24,"0118 - Springfield, IL",Unlead,Springfield,IL,0.0,0,0.0,1
2026-04-17 04:33:24,"0132 - Champaign, IL",Diesel,Champaign,IL,0.0,0,0.0,3
2026-04-17 04:33:24,"0132 - Champaign, IL",Unlead,Champaign,IL,10.284999999999854,0,0.0,1
2026-04-17 04:33:24,"0136 - Cottage Grove, WI",Diesel,Cottage Grove,WI,145.38400000000001,0,0.0,2
2026-04-17 04:33:24,"0136 - Cottage Grove, WI",Unlead,Cottage Grove,WI,0.0,0,0.0,1
2026-04-17 04:33:24,"0139 - Tuscola, IL",Diesel,Tuscola,IL,0.0,0,0.0,1
2026-04-17 04:33:24,"0139 - Tuscola, IL",Unlead,Tuscola,IL,0.0,0,0.0,2
2026-04-17 04:33:24,"0140 - Mendota, IL",Diesel,Mendota,IL,0.0,0,0.0,2
2026-04-17 04:33:24,"0140 - Mendota, IL",Unlead,Mendota,IL,10.0,0,0.0,2
2026-04-17 04:33:24,"0141 - Brazil, IN",Diesel,Brazil,IN,0.0,0,0.0,4
2026-04-17 04:33:24,"0141 - Brazil, IN",Unlead,Brazil,IN,3.0,0,0.0,1
2026-04-17 04:33:24,"0144 - Elk Run Height, IA",Diesel,Elk Run Height,IA,0.0,0,0.0,4
2026-04-17 04:33:24,"0144 - Elk Run Height, IA",Unlead,Elk Run Height,IA,15.156500000000051,0,0.0,2
2026-04-17 04:33:24,"0145 - Fenton, MO",Diesel,Fenton,MO,148.0,0,0.0,2
2026-04-17 04:33:24,"0145 - Fenton, MO",Unlead,Fenton,MO,6.0,0,0.0,1
2026-04-17 04:33:24,"0157 - Okawville, IL",Diesel,Okawville,IL,0.0,0,0.0,3
2026-04-17 04:33:24,"0157 - Okawville, IL",Unlead,Okawville,IL,0.0,0,0.0,1
2026-04-17 04:33:24,"0181 - Springfield, IL",Diesel,Springfield,IL,0.0,0,0.0,3
2026-04-17 04:33:24,"0181 - Springfield, IL",Unlead,Springfield,IL,0.0,0,0.0,1
2026-04-17 04:33:24,"0185 - McLean, IL",Diesel,McLean,IL,0.0,0,0.0,4
2026-04-17 04:33:24,"0185 - McLean, IL",Unlead,McLean,IL,0.0,0,0.0,1
2026-04-17 04:33:24,"0186 - Minonk, IL",Diesel,Minonk,IL,0.0,0,0.0,3
2026-04-17 04:33:24,"0186 - Minonk, IL",Unlead,Minonk,IL,0.0,0,0.0,1
2026-04-17 04:33:24,"0187 - Chicago, IL",Diesel,Chicago,IL,175.0,0,0.0,3
2026-04-17 04:33:24,"0187 - Chicago, IL",Unlead,Chicago,IL,5.749299999999494,0,0.0,1
2026-04-17 04:33:24,"0203 - Rockford, IL",Diesel,Rockford,IL,0.0,0,0.0,1
2026-04-17 04:33:24,"0203 - Rockford, IL",Unlead,Rockford,IL,27.766099999999824,0,0.0,1
2026-04-17 04:33:24,"0205 - South Beloit, IL",Diesel,South Beloit,IL,0.0,0,0.0,3
2026-04-17 04:33:24,"0205 - South Beloit, IL",Unlead,South Beloit,IL,0.0,0,0.0,1
2026-04-17 04:33:24,"0206 - Winnebago, IL",Diesel,Winnebago,IL,0.0,0,0.0,1
2026-04-17 04:33:24,"0206 - Winnebago, IL",Unlead,Winnebago,IL,0.0,0,0.0,1
2026-04-17 04:33:24,"0209 - Oakdale, WI",Diesel,Oakdale,WI,0.0,0,0.0,3
2026-04-17 04:33:24,"0209 - Oakdale, WI",Unlead,Oakdale,WI,0.0,0,0.0,1
2026-04-17 04:33:24,"0210 - Rochelle, IL",Diesel,Rochelle,IL,0.0,0,0.0,3
2026-04-17 04:33:24,"0210 - Rochelle, IL",Unlead,Rochelle,IL,11.0,0,0.0,1
2026-04-17 04:33:24,"0211 - Loves Park, IL",Diesel,Loves Park,IL,70.0,0,0.0,1
2026-04-17 04:33:24,"0211 - Loves Park, IL",Unlead,Loves Park,IL,26.0,0,0.0,1
2026-04-17 04:33:24,"0225 - Princeton, IL",Diesel,Princeton,IL,144.0,0,0.0,4
2026-04-17 04:33:24,"0225 - Princeton, IL",Unlead,Princeton,IL,13.0,0,0.0,2
2026-04-17 04:33:24,"0226 - Greenwood, IN",Diesel,Greenwood,IN,32.0,0,0.0,2
2026-04-17 04:33:24,"0226 - Greenwood, IN",Unlead,Greenwood,IN,21.0,0,0.0,2
2026-04-17 04:33:24,"0235 - Hampshire, IL",Diesel,Hampshire,IL,0.0,0,0.0,2
2026-04-17 04:33:24,"0235 - Hampshire, IL",Unlead,Hampshire,IL,0.0,0,0.0,2
2026-04-17 04:33:24,"0236 - East Troy, WI",Diesel,East Troy,WI,0.0,0,0.0,2
2026-04-17 04:33:24,"0236 - East Troy, WI",Unlead,East Troy,WI,0.0,0,0.0,1
2026-04-17 04:33:24,"0240 - Lake Station, IN",Diesel,Lake Station,IN,346.0,0,0.0,5
2026-04-17 04:33:24,"0240 - Lake Station, IN",Unlead,Lake Station,IN,20.0,0,0.0,2
2026-04-17 04:33:24,"0242 - St Robert, MO",Diesel,St Robert,MO,5.641000000000531,0,0.0,4
2026-04-17 04:33:24,"0263 - Ottawa, IL",Diesel,Ottawa,IL,88.0,0,0.0,3
2026-04-17 04:33:24,"0263 - Ottawa, IL",Unlead,Ottawa,IL,24.0,0,0.0,1
2026-04-17 04:33:24,"0265 - Dixon, IL",Diesel,Dixon,IL,0.0,0,0.0,3
2026-04-17 04:33:24,"0265 - Dixon, IL",Unlead,Dixon,IL,0.0,0,0.0,1
2026-04-17 04:33:24,"0266 - New Berlin, IL",Diesel,New Berlin,IL,0.0,0,0.0,3
2026-04-17 04:33:24,"0266 - New Berlin, IL",Unlead,New Berlin,IL,8.04150000000027,0,0.0,1
2026-04-17 04:33:24,"0267 - Pharr, TX",Diesel,Pharr,TX,0.0,0,0.0,4
2026-04-17 04:33:24,"0267 - Pharr, TX",Unlead,Pharr,TX,0.0,0,0.0,1
2026-04-17 04:33:24,"0268 - Grayville, IL",Diesel,Grayville,IL,0.0,0,0.0,3
2026-04-17 04:33:24,"0268 - Grayville, IL",Unlead,Grayville,IL,0.0,0,0.0,1
2026-04-17 04:33:24,"0269 - Marshall, IL",Diesel,Marshall,IL,0.0,0,0.0,3
2026-04-17 04:33:24,"0269 - Marshall, IL",Unlead,Marshall,IL,0.0,0,0.0,1
2026-04-17 04:33:24,"0270 - Moore, TX",Diesel,Moore,TX,252.0,0,0.0,3
2026-04-17 04:33:24,"0270 - Moore, TX",Unlead,Moore,TX,5.0,0,0.0,1
2026-04-17 04:33:24,"0271 - Odessa, TX",Diesel,Odessa,TX,274.549,0,0.0,3
2026-04-17 04:33:24,"0271 - Odessa, TX",Unlead,Odessa,TX,0.0,0,0.0,1
2026-04-17 04:33:24,"0272 - Encinal, TX",Diesel,Encinal,TX,35.42200000000048,0,0.0,3
2026-04-17 04:33:24,"0272 - Encinal, TX",Unlead,Encinal,TX,14.697000000000116,0,0.0,1
2026-04-17 04:33:24,"0273 - Combes, TX",Diesel,Combes,TX,0.0,0,0.0,3
2026-04-17 04:33:24,"0273 - Combes, TX",Unlead,Combes,TX,15.907999999999447,0,0.0,1
2026-04-17 04:33:24,"0275 - Sonora, TX",Diesel,Sonora,TX,0.0,0,0.0,3
2026-04-17 04:33:24,"0275 - Sonora, TX",Unlead,Sonora,TX,0.0,0,0.0,1
2026-04-17 04:33:24,"0276 - Waco, TX",Diesel,Waco,TX,491.40499999999884,0,0.0,3
2026-04-17 04:33:24,"0276 - Waco, TX",Unlead,Waco,TX,0.0,0,0.0,1
2026-04-17 04:33:24,"0277 - New Boston, TX",Diesel,New Boston,TX,0.0,0,0.0,3
2026-04-17 04:33:24,"0277 - New Boston, TX",Unlead,New Boston,TX,0.0,0,0.0,1
2026-04-17 04:33:24,"0278 - Brinkley, AR",Diesel,Brinkley,AR,0.0,0,0.0,3
2026-04-17 04:33:24,"0278 - Brinkley, AR",Unlead,Brinkley,AR,45.340000000000146,0,0.0,1
2026-04-17 04:33:24,"0279 - Marion, IL",Diesel,Marion,IL,160.1229999999996,0,0.0,3
2026-04-17 04:33:24,"0279 - Marion, IL",Unlead,Marion,IL,0.0,0,0.0,1
2026-04-17 04:33:24,"0280 - Monahans, TX",Diesel,Monahans,TX,0.0,0,0.0,3
2026-04-17 04:33:24,"0280 - Monahans, TX",Unlead,Monahans,TX,0.0,0,0.0,1
2026-04-17 04:33:24,"0281 - Cisco, TX",Diesel,Cisco,TX,26.014999999999418,0,0.0,3
2026-04-17 04:33:24,"0281 - Cisco, TX",Unlead,Cisco,TX,0.0,0,0.0,1
2026-04-17 04:33:24,"0282 - Gainesville, TX",Diesel,Gainesville,TX,0.0,0,0.0,3
2026-04-17 04:33:24,"0282 - Gainesville, TX",Unlead,Gainesville,TX,5.612999999999374,0,0.0,1
2026-04-17 04:33:24,"0283 - Sealy, TX",Diesel,Sealy,TX,0.0,0,0.0,3
2026-04-17 04:33:24,"0283 - Sealy, TX",Unlead,Sealy,TX,0.0,0,0.0,1
2026-04-17 04:33:24,"0284 - New Deal, TX",Diesel,New Deal,TX,0.0,0,0.0,3
2026-04-17 04:33:24,"0284 - New Deal, TX",Unlead,New Deal,TX,0.0,0,0.0,1
2026-04-17 04:33:24,"0285 - Seguin, TX",Diesel,Seguin,TX,220.97200000000157,0,0.0,3
2026-04-17 04:33:24,"0285 - Seguin, TX",Unlead,Seguin,TX,10.69000000000051,0,0.0,1
2026-04-17 04:33:24,"0286 - Amarillo, TX",Diesel,Amarillo,TX,0.0,0,0.0,3
2026-04-17 04:33:24,"0286 - Amarillo, TX",Unlead,Amarillo,TX,5.781000000000859,0,0.0,1
2026-04-17 04:33:24,"0287 - Burbonnais, IL",Diesel,Burbonnais,IL,0.0,0,0.0,3
2026-04-17 04:33:24,"0287 - Burbonnais, IL",Unlead,Burbonnais,IL,0.0,0,0.0,1
2026-04-17 04:33:24,"0289 - Teague, TX",Diesel,Teague,TX,364.2499999999982,0,0.0,3
2026-04-17 04:33:24,"0289 - Teague, TX",Unlead,Teague,TX,7.743000000000393,0,0.0,1
2026-04-17 04:33:24,"0290 - Joplin, MO",Diesel,Joplin,MO,54.17100000000028,0,0.0,3
2026-04-17 04:33:24,"0290 - Joplin, MO",Unlead,Joplin,MO,0.0,0,0.0,1
2026-04-17 04:33:24,"0312 - Vidor, TX",Diesel,Vidor,TX,88.62900000000081,0,0.0,3
2026-04-17 04:33:24,"0312 - Vidor, TX",Unlead,Vidor,TX,0.0,0,0.0,1
2026-04-17 04:33:24,"0315 - Laredo, TX",Diesel,Laredo,TX,0.0,0,0.0,3
2026-04-17 04:33:24,"0315 - Laredo, TX",Unlead,Laredo,TX,0.0,0,0.0,1
2026-04-17 04:33:24,"0319 - Milford, TX",Diesel,Milford,TX,29.34100000000035,0,0.0,3
2026-04-17 04:33:24,"0319 - Milford, TX",Unlead,Milford,TX,44.402000000000044,0,0.0,1
2026-04-17 04:33:24,"0323 - Canton, TX",Diesel,Canton,TX,0.0,0,0.0,3
2026-04-17 04:33:24,"0323 - Canton, TX",Unlead,Canton,TX,12.805000000000291,0,0.0,1
2026-04-17 05:19:55,"0118 - Springfield, IL",Diesel,Springfield,IL,48.0,0,0.0,3
2026-04-17 05:19:55,"0118 - Springfield, IL",Unlead,Springfield,IL,14.0,0,0.0,1
2026-04-17 05:19:55,"0132 - Champaign, IL",Diesel,Champaign,IL,0.0,0,0.0,3
2026-04-17 05:19:55,"0132 - Champaign, IL",Unlead,Champaign,IL,66.32899999999972,0,0.0,1
2026-04-17 05:19:55,"0136 - Cottage Grove, WI",Diesel,Cottage Grove,WI,473.3059999999996,0,0.0,2
2026-04-17 05:19:55,"0136 - Cottage Grove, WI",Unlead,Cottage Grove,WI,0.0,0,0.0,1
2026-04-17 05:19:55,"0139 - Tuscola, IL",Diesel,Tuscola,IL,0.0,0,0.0,1
2026-04-17 05:19:55,"0139 - Tuscola, IL",Unlead,Tuscola,IL,32.0,0,0.0,2
2026-04-17 05:19:55,"0140 - Mendota, IL",Diesel,Mendota,IL,172.0,0,0.0,2
2026-04-17 05:19:55,"0140 - Mendota, IL",Unlead,Mendota,IL,18.0,0,0.0,2
2026-04-17 05:19:55,"0141 - Brazil, IN",Diesel,Brazil,IN,0.0,0,0.0,4
2026-04-17 05:19:55,"0141 - Brazil, IN",Unlead,Brazil,IN,0.0,1,3021.0,1
2026-04-17 05:19:55,"0144 - Elk Run Height, IA",Diesel,Elk Run Height,IA,0.0,0,0.0,4
2026-04-17 05:19:55,"0144 - Elk Run Height, IA",Unlead,Elk Run Height,IA,0.0,0,0.0,2
2026-04-17 05:19:55,"0145 - Fenton, MO",Diesel,Fenton,MO,147.0,0,0.0,2
2026-04-17 05:19:55,"0145 - Fenton, MO",Unlead,Fenton,MO,47.0,0,0.0,1
2026-04-17 05:19:55,"0157 - Okawville, IL",Diesel,Okawville,IL,0.0,0,0.0,3
2026-04-17 05:19:55,"0157 - Okawville, IL",Unlead,Okawville,IL,0.0,0,0.0,1
2026-04-17 05:19:55,"0181 - Springfield, IL",Diesel,Springfield,IL,0.0,0,0.0,3
2026-04-17 05:19:55,"0181 - Springfield, IL",Unlead,Springfield,IL,30.929399999999987,0,0.0,1
2026-04-17 05:19:55,"0185 - McLean, IL",Diesel,McLean,IL,140.2479999999996,0,0.0,4
2026-04-17 05:19:55,"0185 - McLean, IL",Unlead,McLean,IL,95.35990000000038,0,0.0,1
2026-04-17 05:19:55,"0186 - Minonk, IL",Diesel,Minonk,IL,128.2390000000014,0,0.0,3
2026-04-17 05:19:55,"0186 - Minonk, IL",Unlead,Minonk,IL,33.52229999999963,0,0.0,1
2026-04-17 05:19:55,"0187 - Chicago, IL",Diesel,Chicago,IL,171.0,0,0.0,3
2026-04-17 05:19:55,"0187 - Chicago, IL",Unlead,Chicago,IL,17.381000000000313,0,0.0,1
2026-04-17 05:19:55,"0203 - Rockford, IL",Diesel,Rockford,IL,54.95099999999911,0,0.0,1
2026-04-17 05:19:55,"0203 - Rockford, IL",Unlead,Rockford,IL,28.01850000000013,0,0.0,1
2026-04-17 05:19:55,"0205 - South Beloit, IL",Diesel,South Beloit,IL,108.0,0,0.0,3
2026-04-17 05:19:55,"0205 - South Beloit, IL",Unlead,South Beloit,IL,11.0,0,0.0,1
2026-04-17 05:19:55,"0206 - Winnebago, IL",Diesel,Winnebago,IL,0.0,0,0.0,1
2026-04-17 05:19:55,"0206 - Winnebago, IL",Unlead,Winnebago,IL,61.0,0,0.0,1
2026-04-17 05:19:55,"0209 - Oakdale, WI",Diesel,Oakdale,WI,0.0,0,0.0,3
2026-04-17 05:19:55,"0209 - Oakdale, WI",Unlead,Oakdale,WI,0.0,0,0.0,1
2026-04-17 05:19:55,"0210 - Rochelle, IL",Diesel,Rochelle,IL,100.0,0,0.0,3
2026-04-17 05:19:55,"0210 - Rochelle, IL",Unlead,Rochelle,IL,34.0,0,0.0,1
2026-04-17 05:19:55,"0211 - Loves Park, IL",Diesel,Loves Park,IL,0.0,0,0.0,1
2026-04-17 05:19:55,"0211 - Loves Park, IL",Unlead,Loves Park,IL,54.0,0,0.0,1
2026-04-17 05:19:55,"0225 - Princeton, IL",Diesel,Princeton,IL,508.0,0,0.0,4
2026-04-17 05:19:55,"0225 - Princeton, IL",Unlead,Princeton,IL,0.0,0,0.0,2
2026-04-17 05:19:55,"0226 - Greenwood, IN",Diesel,Greenwood,IN,216.0,0,0.0,2
2026-04-17 05:19:55,"0226 - Greenwood, IN",Unlead,Greenwood,IN,6.0,0,0.0,2
2026-04-17 05:19:55,"0235 - Hampshire, IL",Diesel,Hampshire,IL,32.0,0,0.0,2
2026-04-17 05:19:55,"0235 - Hampshire, IL",Unlead,Hampshire,IL,89.0,0,0.0,2
2026-04-17 05:19:55,"0236 - East Troy, WI",Diesel,East Troy,WI,0.0,0,0.0,2
2026-04-17 05:19:55,"0236 - East Troy, WI",Unlead,East Troy,WI,0.0,0,0.0,1
2026-04-17 05:19:55,"0240 - Lake Station, IN",Diesel,Lake Station,IN,341.0,0,0.0,5
2026-04-17 05:19:55,"0240 - Lake Station, IN",Unlead,Lake Station,IN,146.0,0,0.0,2
2026-04-17 05:19:55,"0242 - St Robert, MO",Diesel,St Robert,MO,0.0,4,893.9749999999995,4
2026-04-17 05:19:55,"0263 - Ottawa, IL",Diesel,Ottawa,IL,631.0,0,0.0,3
2026-04-17 05:19:55,"0263 - Ottawa, IL",Unlead,Ottawa,IL,122.0,0,0.0,1
2026-04-17 05:19:55,"0265 - Dixon, IL",Diesel,Dixon,IL,201.90499999999702,0,0.0,3
2026-04-17 05:19:55,"0265 - Dixon, IL",Unlead,Dixon,IL,9.186000000001513,0,0.0,1
2026-04-17 05:19:55,"0266 - New Berlin, IL",Diesel,New Berlin,IL,133.0,0,0.0,3
2026-04-17 05:19:55,"0266 - New Berlin, IL",Unlead,New Berlin,IL,23.39370000000008,0,0.0,1
2026-04-17 05:19:55,"0267 - Pharr, TX",Diesel,Pharr,TX,0.0,0,0.0,4
2026-04-17 05:19:55,"0267 - Pharr, TX",Unlead,Pharr,TX,3.0,0,0.0,1
2026-04-17 05:19:55,"0268 - Grayville, IL",Diesel,Grayville,IL,0.0,0,0.0,3
2026-04-17 05:19:55,"0268 - Grayville, IL",Unlead,Grayville,IL,48.0,0,0.0,1
2026-04-17 05:19:55,"0269 - Marshall, IL",Diesel,Marshall,IL,172.0,0,0.0,3
2026-04-17 05:19:55,"0269 - Marshall, IL",Unlead,Marshall,IL,13.0,0,0.0,1
2026-04-17 05:19:55,"0270 - Moore, TX",Diesel,Moore,TX,377.0,0,0.0,3
2026-04-17 05:19:55,"0270 - Moore, TX",Unlead,Moore,TX,108.0,0,0.0,1
2026-04-17 05:19:55,"0271 - Odessa, TX",Diesel,Odessa,TX,690.2570000000005,0,0.0,3
2026-04-17 05:19:55,"0271 - Odessa, TX",Unlead,Odessa,TX,107.33999999999833,0,0.0,1
2026-04-17 05:19:55,"0272 - Encinal, TX",Diesel,Encinal,TX,215.24199999999837,0,0.0,3
2026-04-17 05:19:55,"0272 - Encinal, TX",Unlead,Encinal,TX,47.556000000000495,0,0.0,1
2026-04-17 05:19:55,"0273 - Combes, TX",Diesel,Combes,TX,152.4429999999993,0,0.0,3
2026-04-17 05:19:55,"0273 - Combes, TX",Unlead,Combes,TX,32.397000000000844,0,0.0,1
2026-04-17 05:19:55,"0275 - Sonora, TX",Diesel,Sonora,TX,424.1880000000001,0,0.0,3
2026-04-17 05:19:55,"0275 - Sonora, TX",Unlead,Sonora,TX,94.82160000000022,0,0.0,1
2026-04-17 05:19:55,"0276 - Waco, TX",Diesel,Waco,TX,359.2220000000016,0,0.0,3
2026-04-17 05:19:55,"0276 - Waco, TX",Unlead,Waco,TX,14.429000000000087,0,0.0,1
2026-04-17 05:19:55,"0277 - New Boston, TX",Diesel,New Boston,TX,146.98399999999856,0,0.0,3
2026-04-17 05:19:55,"0277 - New Boston, TX",Unlead,New Boston,TX,0.0,0,0.0,1
2026-04-17 05:19:55,"0278 - Brinkley, AR",Diesel,Brinkley,AR,244.94700000000012,0,0.0,3
2026-04-17 05:19:55,"0278 - Brinkley, AR",Unlead,Brinkley,AR,0.0,0,0.0,1
2026-04-17 05:19:55,"0279 - Marion, IL",Diesel,Marion,IL,230.71299999999974,0,0.0,3
2026-04-17 05:19:55,"0279 - Marion, IL",Unlead,Marion,IL,75.48300000000017,0,0.0,1
2026-04-17 05:19:55,"0280 - Monahans, TX",Diesel,Monahans,TX,0.0,0,0.0,3
2026-04-17 05:19:55,"0280 - Monahans, TX",Unlead,Monahans,TX,0.0,0,0.0,1
2026-04-17 05:19:55,"0281 - Cisco, TX",Diesel,Cisco,TX,166.10599999999977,0,0.0,3
2026-04-17 05:19:55,"0281 - Cisco, TX",Unlead,Cisco,TX,72.0689999999995,0,0.0,1
2026-04-17 05:19:55,"0282 - Gainesville, TX",Diesel,Gainesville,TX,72.95700000000033,0,0.0,3
2026-04-17 05:19:55,"0282 - Gainesville, TX",Unlead,Gainesville,TX,9.506000000001222,0,0.0,1
2026-04-17 05:19:55,"0283 - Sealy, TX",Diesel,Sealy,TX,424.2610000000004,0,0.0,3
2026-04-17 05:19:55,"0283 - Sealy, TX",Unlead,Sealy,TX,20.375,0,0.0,1
2026-04-17 05:19:55,"0284 - New Deal, TX",Diesel,New Deal,TX,7.195999999999913,0,0.0,3
2026-04-17 05:19:55,"0284 - New Deal, TX",Unlead,New Deal,TX,28.38539999999921,0,0.0,1
2026-04-17 05:19:55,"0285 - Seguin, TX",Diesel,Seguin,TX,622.3819999999996,0,0.0,3
2026-04-17 05:19:55,"0285 - Seguin, TX",Unlead,Seguin,TX,11.885999999998603,0,0.0,1
2026-04-17 05:19:55,"0286 - Amarillo, TX",Diesel,Amarillo,TX,59.14400000000205,0,0.0,3
2026-04-17 05:19:55,"0286 - Amarillo, TX",Unlead,Amarillo,TX,22.247999999999593,0,0.0,1
2026-04-17 05:19:55,"0287 - Burbonnais, IL",Diesel,Burbonnais,IL,48.91699999999946,0,0.0,3
2026-04-17 05:19:55,"0287 - Burbonnais, IL",Unlead,Burbonnais,IL,106.97299999999996,0,0.0,1
2026-04-17 05:19:55,"0289 - Teague, TX",Diesel,Teague,TX,345.21000000000095,0,0.0,3
2026-04-17 05:19:55,"0289 - Teague, TX",Unlead,Teague,TX,89.35800000000017,0,0.0,1
2026-04-17 05:19:55,"0290 - Joplin, MO",Diesel,Joplin,MO,81.375,0,0.0,3
2026-04-17 05:19:55,"0290 - Joplin, MO",Unlead,Joplin,MO,21.36700000000019,0,0.0,1
2026-04-17 05:19:55,"0312 - Vidor, TX",Diesel,Vidor,TX,32.8119999999999,0,0.0,3
2026-04-17 05:19:55,"0312 - Vidor, TX",Unlead,Vidor,TX,33.76800000000003,0,0.0,1
2026-04-17 05:19:55,"0315 - Laredo, TX",Diesel,Laredo,TX,39.86800000000039,0,0.0,3
2026-04-17 05:19:55,"0315 - Laredo, TX",Unlead,Laredo,TX,0.0,0,0.0,1
2026-04-17 05:19:55,"0319 - Milford, TX",Diesel,Milford,TX,102.90799999999945,0,0.0,3
2026-04-17 05:19:55,"0319 - Milford, TX",Unlead,Milford,TX,39.92699999999968,0,0.0,1
2026-04-17 05:19:55,"0323 - Canton, TX",Diesel,Canton,TX,0.0,0,0.0,3
2026-04-17 05:19:55,"0323 - Canton, TX",Unlead,Canton,TX,16.216999999998734,0,0.0,1
2026-04-17 06:05:46,"0118 - Springfield, IL",Diesel,Springfield,IL,336.0,0,0.0,3
2026-04-17 06:05:46,"0118 - Springfield, IL",Unlead,Springfield,IL,14.0,0,0.0,1
2026-04-17 06:05:46,"0132 - Champaign, IL",Diesel,Champaign,IL,199.60900000000038,0,0.0,3
2026-04-17 06:05:46,"0132 - Champaign, IL",Unlead,Champaign,IL,71.99200000000019,0,0.0,1
2026-04-17 06:05:46,"0136 - Cottage Grove, WI",Diesel,Cottage Grove,WI,427.8299999999999,0,0.0,2
2026-04-17 06:05:46,"0136 - Cottage Grove, WI",Unlead,Cottage Grove,WI,22.92399999999907,0,0.0,1
2026-04-17 06:05:46,"0139 - Tuscola, IL",Diesel,Tuscola,IL,515.0,0,0.0,1
2026-04-17 06:05:46,"0139 - Tuscola, IL",Unlead,Tuscola,IL,17.0,0,0.0,2
2026-04-17 06:05:46,"0140 - Mendota, IL",Diesel,Mendota,IL,59.0,0,0.0,2
2026-04-17 06:05:46,"0140 - Mendota, IL",Unlead,Mendota,IL,31.0,0,0.0,2
2026-04-17 06:05:46,"0141 - Brazil, IN",Diesel,Brazil,IN,0.0,4,1977.6652999999997,4
2026-04-17 06:05:46,"0141 - Brazil, IN",Unlead,Brazil,IN,0.0,1,2960.0,1
2026-04-17 06:05:46,"0144 - Elk Run Height, IA",Diesel,Elk Run Height,IA,40.0,0,0.0,4
2026-04-17 06:05:46,"0144 - Elk Run Height, IA",Unlead,Elk Run Height,IA,11.20869999999968,0,0.0,2
2026-04-17 06:05:46,"0145 - Fenton, MO",Diesel,Fenton,MO,142.0,0,0.0,2
2026-04-17 06:05:46,"0145 - Fenton, MO",Unlead,Fenton,MO,62.0,0,0.0,1
2026-04-17 06:05:46,"0157 - Okawville, IL",Diesel,Okawville,IL,0.0,0,0.0,3
2026-04-17 06:05:46,"0157 - Okawville, IL",Unlead,Okawville,IL,73.30400000000009,0,0.0,1
2026-04-17 06:05:46,"0181 - Springfield, IL",Diesel,Springfield,IL,150.9499999999989,0,0.0,3
2026-04-17 06:05:46,"0181 - Springfield, IL",Unlead,Springfield,IL,40.01000000000022,0,0.0,1
2026-04-17 06:05:46,"0185 - McLean, IL",Diesel,McLean,IL,174.33200000000033,0,0.0,4
2026-04-17 06:05:46,"0185 - McLean, IL",Unlead,McLean,IL,32.95799999999963,0,0.0,1
2026-04-17 06:05:46,"0186 - Minonk, IL",Diesel,Minonk,IL,55.81800000000021,0,0.0,3
2026-04-17 06:05:46,"0186 - Minonk, IL",Unlead,Minonk,IL,29.5,0,0.0,1
2026-04-17 06:05:46,"0187 - Chicago, IL",Diesel,Chicago,IL,358.0,0,0.0,3
2026-04-17 06:05:46,"0187 - Chicago, IL",Unlead,Chicago,IL,53.28899999999976,0,0.0,1
2026-04-17 06:05:46,"0203 - Rockford, IL",Diesel,Rockford,IL,0.0,0,0.0,1
2026-04-17 06:05:46,"0203 - Rockford, IL",Unlead,Rockford,IL,37.6220000000003,0,0.0,1
2026-04-17 06:05:46,"0205 - South Beloit, IL",Diesel,South Beloit,IL,235.0,0,0.0,3
2026-04-17 06:05:46,"0205 - South Beloit, IL",Unlead,South Beloit,IL,101.0,0,0.0,1
2026-04-17 06:05:46,"0206 - Winnebago, IL",Diesel,Winnebago,IL,0.0,0,0.0,1
2026-04-17 06:05:46,"0206 - Winnebago, IL",Unlead,Winnebago,IL,161.0,0,0.0,1
2026-04-17 06:05:46,"0209 - Oakdale, WI",Diesel,Oakdale,WI,0.0,0,0.0,3
2026-04-17 06:05:46,"0209 - Oakdale, WI",Unlead,Oakdale,WI,29.0,0,0.0,1
2026-04-17 06:05:46,"0210 - Rochelle, IL",Diesel,Rochelle,IL,145.0,0,0.0,3
2026-04-17 06:05:46,"0210 - Rochelle, IL",Unlead,Rochelle,IL,45.0,0,0.0,1
2026-04-17 06:05:46,"0211 - Loves Park, IL",Diesel,Loves Park,IL,73.0,0,0.0,1
2026-04-17 06:05:46,"0211 - Loves Park, IL",Unlead,Loves Park,IL,61.0,0,0.0,1
2026-04-17 06:05:46,"0225 - Princeton, IL",Diesel,Princeton,IL,187.0,0,0.0,4
2026-04-17 06:05:46,"0225 - Princeton, IL",Unlead,Princeton,IL,21.0,0,0.0,2
2026-04-17 06:05:46,"0226 - Greenwood, IN",Diesel,Greenwood,IN,442.0,0,0.0,2
2026-04-17 06:05:46,"0226 - Greenwood, IN",Unlead,Greenwood,IN,39.0,0,0.0,2
2026-04-17 06:05:46,"0235 - Hampshire, IL",Diesel,Hampshire,IL,197.0,0,0.0,2
2026-04-17 06:05:46,"0235 - Hampshire, IL",Unlead,Hampshire,IL,110.0,0,0.0,2
2026-04-17 06:05:46,"0236 - East Troy, WI",Diesel,East Troy,WI,0.0,0,0.0,2
2026-04-17 06:05:46,"0236 - East Troy, WI",Unlead,East Troy,WI,0.0,0,0.0,1
2026-04-17 06:05:46,"0240 - Lake Station, IN",Diesel,Lake Station,IN,114.0,0,0.0,5
2026-04-17 06:05:46,"0240 - Lake Station, IN",Unlead,Lake Station,IN,55.0,0,0.0,2
2026-04-17 06:05:46,"0242 - St Robert, MO",Diesel,St Robert,MO,0.0,4,2557.956,4
2026-04-17 06:05:46,"0263 - Ottawa, IL",Diesel,Ottawa,IL,274.0,0,0.0,3
2026-04-17 06:05:46,"0263 - Ottawa, IL",Unlead,Ottawa,IL,30.0,0,0.0,1
2026-04-17 06:05:46,"0265 - Dixon, IL",Diesel,Dixon,IL,24.8179999999993,0,0.0,3
2026-04-17 06:05:46,"0265 - Dixon, IL",Unlead,Dixon,IL,0.0,0,0.0,1
2026-04-17 06:05:46,"0266 - New Berlin, IL",Diesel,New Berlin,IL,25.0,0,0.0,3
2026-04-17 06:05:46,"0266 - New Berlin, IL",Unlead,New Berlin,IL,53.03139999999985,0,0.0,1
2026-04-17 06:05:46,"0267 - Pharr, TX",Diesel,Pharr,TX,338.0,0,0.0,4
2026-04-17 06:05:46,"0267 - Pharr, TX",Unlead,Pharr,TX,36.0,0,0.0,1
2026-04-17 06:05:46,"0268 - Grayville, IL",Diesel,Grayville,IL,311.0,0,0.0,3
2026-04-17 06:05:46,"0268 - Grayville, IL",Unlead,Grayville,IL,52.0,0,0.0,1
2026-04-17 06:05:46,"0269 - Marshall, IL",Diesel,Marshall,IL,216.0,0,0.0,3
2026-04-17 06:05:46,"0269 - Marshall, IL",Unlead,Marshall,IL,39.0,0,0.0,1
2026-04-17 06:05:46,"0270 - Moore, TX",Diesel,Moore,TX,305.0,0,0.0,3
2026-04-17 06:05:46,"0270 - Moore, TX",Unlead,Moore,TX,101.0,0,0.0,1
2026-04-17 06:05:46,"0271 - Odessa, TX",Diesel,Odessa,TX,329.5074999999997,0,0.0,3
2026-04-17 06:05:46,"0271 - Odessa, TX",Unlead,Odessa,TX,218.7430000000004,0,0.0,1
2026-04-17 06:05:46,"0272 - Encinal, TX",Diesel,Encinal,TX,140.3000000000011,0,0.0,3
2026-04-17 06:05:46,"0272 - Encinal, TX",Unlead,Encinal,TX,42.11399999999958,0,0.0,1
2026-04-17 06:05:46,"0273 - Combes, TX",Diesel,Combes,TX,513.9220000000005,0,0.0,3
2026-04-17 06:05:46,"0273 - Combes, TX",Unlead,Combes,TX,118.73799999999937,0,0.0,1
2026-04-17 06:05:46,"0275 - Sonora, TX",Diesel,Sonora,TX,121.47500000000036,0,0.0,3
2026-04-17 06:05:46,"0275 - Sonora, TX",Unlead,Sonora,TX,47.60039999999981,0,0.0,1
2026-04-17 06:05:46,"0276 - Waco, TX",Diesel,Waco,TX,912.7179999999989,0,0.0,3
2026-04-17 06:05:46,"0276 - Waco, TX",Unlead,Waco,TX,27.76299999999901,0,0.0,1
2026-04-17 06:05:46,"0277 - New Boston, TX",Diesel,New Boston,TX,273.720000000003,0,0.0,3
2026-04-17 06:05:46,"0277 - New Boston, TX",Unlead,New Boston,TX,8.041000000001077,0,0.0,1
2026-04-17 06:05:46,"0278 - Brinkley, AR",Diesel,Brinkley,AR,307.7459999999992,0,0.0,3
2026-04-17 06:05:46,"0278 - Brinkley, AR",Unlead,Brinkley,AR,14.386000000000422,0,0.0,1
2026-04-17 06:05:46,"0279 - Marion, IL",Diesel,Marion,IL,207.8010000000013,0,0.0,3
2026-04-17 06:05:46,"0279 - Marion, IL",Unlead,Marion,IL,105.53499999999985,0,0.0,1
2026-04-17 06:05:46,"0280 - Monahans, TX",Diesel,Monahans,TX,0.0,0,0.0,3
2026-04-17 06:05:46,"0280 - Monahans, TX",Unlead,Monahans,TX,0.0,0,0.0,1
2026-04-17 06:05:46,"0281 - Cisco, TX",Diesel,Cisco,TX,158.50400000000081,0,0.0,3
2026-04-17 06:05:46,"0281 - Cisco, TX",Unlead,Cisco,TX,30.63799999999901,0,0.0,1
2026-04-17 06:05:46,"0282 - Gainesville, TX",Diesel,Gainesville,TX,0.0,0,0.0,3
2026-04-17 06:05:46,"0282 - Gainesville, TX",Unlead,Gainesville,TX,9.546000000000276,0,0.0,1
2026-04-17 06:05:46,"0283 - Sealy, TX",Diesel,Sealy,TX,615.601999999999,0,0.0,3
2026-04-17 06:05:46,"0283 - Sealy, TX",Unlead,Sealy,TX,0.0,0,0.0,1
2026-04-17 06:05:46,"0284 - New Deal, TX",Diesel,New Deal,TX,0.0,0,0.0,3
2026-04-17 06:05:46,"0284 - New Deal, TX",Unlead,New Deal,TX,21.787599999999657,0,0.0,1
2026-04-17 06:05:46,"0285 - Seguin, TX",Diesel,Seguin,TX,404.27000000000044,0,0.0,3
2026-04-17 06:05:46,"0285 - Seguin, TX",Unlead,Seguin,TX,119.19800000000032,0,0.0,1
2026-04-17 06:05:46,"0286 - Amarillo, TX",Diesel,Amarillo,TX,212.07899999999972,0,0.0,3
2026-04-17 06:05:46,"0286 - Amarillo, TX",Unlead,Amarillo,TX,26.01800000000003,0,0.0,1
2026-04-17 06:05:46,"0287 - Burbonnais, IL",Diesel,Burbonnais,IL,98.77400000000125,0,0.0,3
2026-04-17 06:05:46,"0287 - Burbonnais, IL",Unlead,Burbonnais,IL,92.90600000000086,0,0.0,1
2026-04-17 06:05:46,"0289 - Teague, TX",Diesel,Teague,TX,1299.1530000000002,0,0.0,3
2026-04-17 06:05:46,"0289 - Teague, TX",Unlead,Teague,TX,77.09400000000096,0,0.0,1
2026-04-17 06:05:46,"0290 - Joplin, MO",Diesel,Joplin,MO,85.64899999999943,0,0.0,3
2026-04-17 06:05:46,"0290 - Joplin, MO",Unlead,Joplin,MO,3.0720000000001164,0,0.0,1
2026-04-17 06:05:46,"0312 - Vidor, TX",Diesel,Vidor,TX,245.68200000000252,0,0.0,3
2026-04-17 06:05:46,"0312 - Vidor, TX",Unlead,Vidor,TX,74.69200000000092,0,0.0,1
2026-04-17 06:05:46,"0315 - Laredo, TX",Diesel,Laredo,TX,149.80199999999968,0,0.0,3
2026-04-17 06:05:46,"0315 - Laredo, TX",Unlead,Laredo,TX,0.0,0,0.0,1
2026-04-17 06:05:46,"0319 - Milford, TX",Diesel,Milford,TX,384.27000000000044,0,0.0,3
2026-04-17 06:05:46,"0319 - Milford, TX",Unlead,Milford,TX,53.09200000000055,0,0.0,1
2026-04-17 06:05:46,"0323 - Canton, TX",Diesel,Canton,TX,0.0,0,0.0,3
2026-04-17 06:05:46,"0323 - Canton, TX",Unlead,Canton,TX,99.9390000000003,0,0.0,1
2026-04-17 06:20:51,"0118 - Springfield, IL",Diesel,Springfield,IL,0.0,0,0.0,3
2026-04-17 06:20:51,"0118 - Springfield, IL",Unlead,Springfield,IL,14.0,0,0.0,1
2026-04-17 06:20:51,"0132 - Champaign, IL",Diesel,Champaign,IL,0.0,0,0.0,3
2026-04-17 06:20:51,"0132 - Champaign, IL",Unlead,Champaign,IL,21.548000000000684,0,0.0,1
2026-04-17 06:20:51,"0136 - Cottage Grove, WI",Diesel,Cottage Grove,WI,166.9960000000001,0,0.0,2
2026-04-17 06:20:51,"0136 - Cottage Grove, WI",Unlead,Cottage Grove,WI,21.709000000000742,0,0.0,1
2026-04-17 06:20:51,"0139 - Tuscola, IL",Diesel,Tuscola,IL,0.0,0,0.0,1
2026-04-17 06:20:51,"0139 - Tuscola, IL",Unlead,Tuscola,IL,24.0,0,0.0,2
2026-04-17 06:20:51,"0140 - Mendota, IL",Diesel,Mendota,IL,0.0,0,0.0,2
2026-04-17 06:20:51,"0140 - Mendota, IL",Unlead,Mendota,IL,0.0,0,0.0,2
2026-04-17 06:20:51,"0141 - Brazil, IN",Diesel,Brazil,IN,424.9273000000003,1,133.16900000000078,4
2026-04-17 06:20:51,"0141 - Brazil, IN",Unlead,Brazil,IN,0.0,0,0.0,1
2026-04-17 06:20:51,"0144 - Elk Run Height, IA",Diesel,Elk Run Height,IA,0.0,0,0.0,4
2026-04-17 06:20:51,"0144 - Elk Run Height, IA",Unlead,Elk Run Height,IA,9.040500000000065,0,0.0,2
2026-04-17 06:20:51,"0145 - Fenton, MO",Diesel,Fenton,MO,0.0,0,0.0,2
2026-04-17 06:20:51,"0145 - Fenton, MO",Unlead,Fenton,MO,35.0,0,0.0,1
2026-04-17 06:20:51,"0157 - Okawville, IL",Diesel,Okawville,IL,0.0,0,0.0,3
2026-04-17 06:20:51,"0157 - Okawville, IL",Unlead,Okawville,IL,0.0,0,0.0,1
2026-04-17 06:20:51,"0181 - Springfield, IL",Diesel,Springfield,IL,0.0,0,0.0,3
2026-04-17 06:20:51,"0181 - Springfield, IL",Unlead,Springfield,IL,21.658300000000054,0,0.0,1
2026-04-17 06:20:51,"0185 - McLean, IL",Diesel,McLean,IL,77.41849999999795,0,0.0,4
2026-04-17 06:20:51,"0185 - McLean, IL",Unlead,McLean,IL,0.0,0,0.0,1
2026-04-17 06:20:51,"0186 - Minonk, IL",Diesel,Minonk,IL,53.63960000000043,0,0.0,3
2026-04-17 06:20:51,"0186 - Minonk, IL",Unlead,Minonk,IL,3.6544000000003507,0,0.0,1
2026-04-17 06:20:51,"0187 - Chicago, IL",Diesel,Chicago,IL,0.0,0,0.0,3
2026-04-17 06:20:51,"0187 - Chicago, IL",Unlead,Chicago,IL,7.065599999999904,0,0.0,1
2026-04-17 06:20:51,"0203 - Rockford, IL",Diesel,Rockford,IL,0.0,0,0.0,1
2026-04-17 06:20:51,"0203 - Rockford, IL",Unlead,Rockford,IL,18.672499999999673,0,0.0,1
2026-04-17 06:20:51,"0205 - South Beloit, IL",Diesel,South Beloit,IL,0.0,0,0.0,3
2026-04-17 06:20:51,"0205 - South Beloit, IL",Unlead,South Beloit,IL,28.0,0,0.0,1
2026-04-17 06:20:51,"0206 - Winnebago, IL",Diesel,Winnebago,IL,0.0,0,0.0,1
2026-04-17 06:20:51,"0206 - Winnebago, IL",Unlead,Winnebago,IL,48.0,0,0.0,1
2026-04-17 06:20:51,"0209 - Oakdale, WI",Diesel,Oakdale,WI,0.0,0,0.0,3
2026-04-17 06:20:51,"0209 - Oakdale, WI",Unlead,Oakdale,WI,11.0,0,0.0,1
2026-04-17 06:20:51,"0210 - Rochelle, IL",Diesel,Rochelle,IL,37.0,0,0.0,3
2026-04-17 06:20:51,"0210 - Rochelle, IL",Unlead,Rochelle,IL,21.0,0,0.0,1
2026-04-17 06:20:51,"0211 - Loves Park, IL",Diesel,Loves Park,IL,84.0,0,0.0,1
2026-04-17 06:20:51,"0211 - Loves Park, IL",Unlead,Loves Park,IL,73.0,0,0.0,1
2026-04-17 06:20:51,"0225 - Princeton, IL",Diesel,Princeton,IL,0.0,0,0.0,4
2026-04-17 06:20:51,"0225 - Princeton, IL",Unlead,Princeton,IL,16.0,0,0.0,2
2026-04-17 06:20:51,"0226 - Greenwood, IN",Diesel,Greenwood,IN,69.0,0,0.0,2
2026-04-17 06:20:51,"0226 - Greenwood, IN",Unlead,Greenwood,IN,46.0,0,0.0,2
2026-04-17 06:20:51,"0235 - Hampshire, IL",Diesel,Hampshire,IL,45.0,0,0.0,2
2026-04-17 06:20:51,"0235 - Hampshire, IL",Unlead,Hampshire,IL,23.0,0,0.0,2
2026-04-17 06:20:51,"0236 - East Troy, WI",Diesel,East Troy,WI,29.0,0,0.0,2
2026-04-17 06:20:51,"0236 - East Troy, WI",Unlead,East Troy,WI,0.0,0,0.0,1
2026-04-17 06:20:51,"0240 - Lake Station, IN",Diesel,Lake Station,IN,0.0,0,0.0,5
2026-04-17 06:20:51,"0240 - Lake Station, IN",Unlead,Lake Station,IN,9.0,0,0.0,2
2026-04-17 06:20:51,"0242 - St Robert, MO",Diesel,St Robert,MO,6.3289999999997235,0,0.0,4
2026-04-17 06:20:51,"0263 - Ottawa, IL",Diesel,Ottawa,IL,155.0,0,0.0,3
2026-04-17 06:20:51,"0263 - Ottawa, IL",Unlead,Ottawa,IL,21.0,0,0.0,1
2026-04-17 06:20:51,"0265 - Dixon, IL",Diesel,Dixon,IL,0.0,0,0.0,3
2026-04-17 06:20:51,"0265 - Dixon, IL",Unlead,Dixon,IL,0.0,0,0.0,1
2026-04-17 06:20:51,"0266 - New Berlin, IL",Diesel,New Berlin,IL,46.0,0,0.0,3
2026-04-17 06:20:51,"0266 - New Berlin, IL",Unlead,New Berlin,IL,11.671600000000126,0,0.0,1
2026-04-17 06:20:51,"0267 - Pharr, TX",Diesel,Pharr,TX,0.0,0,0.0,4
2026-04-17 06:20:51,"0267 - Pharr, TX",Unlead,Pharr,TX,2.0,0,0.0,1
2026-04-17 06:20:51,"0268 - Grayville, IL",Diesel,Grayville,IL,28.0,0,0.0,3
2026-04-17 06:20:51,"0268 - Grayville, IL",Unlead,Grayville,IL,0.0,0,0.0,1
2026-04-17 06:20:51,"0269 - Marshall, IL",Diesel,Marshall,IL,116.0,0,0.0,3
2026-04-17 06:20:51,"0269 - Marshall, IL",Unlead,Marshall,IL,25.0,0,0.0,1
2026-04-17 06:20:51,"0270 - Moore, TX",Diesel,Moore,TX,37.0,0,0.0,3
2026-04-17 06:20:51,"0270 - Moore, TX",Unlead,Moore,TX,48.0,0,0.0,1
2026-04-17 06:20:51,"0271 - Odessa, TX",Diesel,Odessa,TX,0.0,2,2231.1409000000012,3
2026-04-17 06:20:51,"0271 - Odessa, TX",Unlead,Odessa,TX,91.63000000000102,0,0.0,1
2026-04-17 06:20:51,"0272 - Encinal, TX",Diesel,Encinal,TX,34.02599999999984,0,0.0,3
2026-04-17 06:20:51,"0272 - Encinal, TX",Unlead,Encinal,TX,53.48800000000119,0,0.0,1
2026-04-17 06:20:51,"0273 - Combes, TX",Diesel,Combes,TX,100.20699999999852,0,0.0,3
2026-04-17 06:20:51,"0273 - Combes, TX",Unlead,Combes,TX,0.0,0,0.0,1
2026-04-17 06:20:51,"0275 - Sonora, TX",Diesel,Sonora,TX,163.08599999999842,0,0.0,3
2026-04-17 06:20:51,"0275 - Sonora, TX",Unlead,Sonora,TX,12.76339999999982,0,0.0,1
2026-04-17 06:20:51,"0276 - Waco, TX",Diesel,Waco,TX,242.9989999999998,0,0.0,3
2026-04-17 06:20:51,"0276 - Waco, TX",Unlead,Waco,TX,44.18000000000029,0,0.0,1
2026-04-17 06:20:51,"0277 - New Boston, TX",Diesel,New Boston,TX,116.33499999999731,0,0.0,3
2026-04-17 06:20:51,"0277 - New Boston, TX",Unlead,New Boston,TX,13.503999999998996,0,0.0,1
2026-04-17 06:20:51,"0278 - Brinkley, AR",Diesel,Brinkley,AR,38.1140000000014,0,0.0,3
2026-04-17 06:20:51,"0278 - Brinkley, AR",Unlead,Brinkley,AR,24.22400000000016,0,0.0,1
2026-04-17 06:20:51,"0279 - Marion, IL",Diesel,Marion,IL,172.77850000000035,0,0.0,3
2026-04-17 06:20:51,"0279 - Marion, IL",Unlead,Marion,IL,88.73700000000099,0,0.0,1
2026-04-17 06:20:51,"0280 - Monahans, TX",Diesel,Monahans,TX,0.0,0,0.0,3
2026-04-17 06:20:51,"0280 - Monahans, TX",Unlead,Monahans,TX,0.0,0,0.0,1
2026-04-17 06:20:51,"0281 - Cisco, TX",Diesel,Cisco,TX,62.147000000000844,0,0.0,3
2026-04-17 06:20:51,"0281 - Cisco, TX",Unlead,Cisco,TX,0.0,0,0.0,1
2026-04-17 06:20:51,"0282 - Gainesville, TX",Diesel,Gainesville,TX,0.0,0,0.0,3
2026-04-17 06:20:51,"0282 - Gainesville, TX",Unlead,Gainesville,TX,0.0,0,0.0,1
2026-04-17 06:20:51,"0283 - Sealy, TX",Diesel,Sealy,TX,203.41100000000006,0,0.0,3
2026-04-17 06:20:51,"0283 - Sealy, TX",Unlead,Sealy,TX,0.0,0,0.0,1
2026-04-17 06:20:51,"0284 - New Deal, TX",Diesel,New Deal,TX,0.0,0,0.0,3
2026-04-17 06:20:51,"0284 - New Deal, TX",Unlead,New Deal,TX,27.97400000000016,0,0.0,1
2026-04-17 06:20:51,"0285 - Seguin, TX",Diesel,Seguin,TX,89.14599999999882,0,0.0,3
2026-04-17 06:20:51,"0285 - Seguin, TX",Unlead,Seguin,TX,15.893000000000029,0,0.0,1
2026-04-17 06:20:51,"0286 - Amarillo, TX",Diesel,Amarillo,TX,0.0,0,0.0,3
2026-04-17 06:20:51,"0286 - Amarillo, TX",Unlead,Amarillo,TX,5.742000000000189,0,0.0,1
2026-04-17 06:20:51,"0287 - Burbonnais, IL",Diesel,Burbonnais,IL,159.78100000000086,0,0.0,3
2026-04-17 06:20:51,"0287 - Burbonnais, IL",Unlead,Burbonnais,IL,100.41899999999987,0,0.0,1
2026-04-17 06:20:51,"0289 - Teague, TX",Diesel,Teague,TX,279.7529999999988,0,0.0,3
2026-04-17 06:20:51,"0289 - Teague, TX",Unlead,Teague,TX,94.43899999999849,0,0.0,1
2026-04-17 06:20:51,"0290 - Joplin, MO",Diesel,Joplin,MO,16.71099999999933,0,0.0,3
2026-04-17 06:20:51,"0290 - Joplin, MO",Unlead,Joplin,MO,0.0,0,0.0,1
2026-04-17 06:20:51,"0312 - Vidor, TX",Diesel,Vidor,TX,35.43299999999908,0,0.0,3
2026-04-17 06:20:51,"0312 - Vidor, TX",Unlead,Vidor,TX,2.605999999999767,0,0.0,1
2026-04-17 06:20:51,"0315 - Laredo, TX",Diesel,Laredo,TX,0.0,0,0.0,3
2026-04-17 06:20:51,"0315 - Laredo, TX",Unlead,Laredo,TX,0.0,0,0.0,1
2026-04-17 06:20:51,"0319 - Milford, TX",Diesel,Milford,TX,41.314000000000306,0,0.0,3
2026-04-17 06:20:51,"0319 - Milford, TX",Unlead,Milford,TX,27.439000000000306,0,0.0,1
2026-04-17 06:20:51,"0323 - Canton, TX",Diesel,Canton,TX,105.15999999999985,0,0.0,3
2026-04-17 06:20:51,"0323 - Canton, TX",Unlead,Canton,TX,67.09900000000016,0,0.0,1
2026-04-17 06:35:55,"0118 - Springfield, IL",Diesel,Springfield,IL,0.0,0,0.0,3
2026-04-17 06:35:55,"0118 - Springfield, IL",Unlead,Springfield,IL,12.0,0,0.0,1
2026-04-17 06:35:55,"0132 - Champaign, IL",Diesel,Champaign,IL,0.0,0,0.0,3
2026-04-17 06:35:55,"0132 - Champaign, IL",Unlead,Champaign,IL,113.73099999999977,0,0.0,1
2026-04-17 06:35:55,"0136 - Cottage Grove, WI",Diesel,Cottage Grove,WI,201.46299999999974,0,0.0,2
2026-04-17 06:35:55,"0136 - Cottage Grove, WI",Unlead,Cottage Grove,WI,0.0,0,0.0,1
2026-04-17 06:35:55,"0139 - Tuscola, IL",Diesel,Tuscola,IL,41.0,0,0.0,1
2026-04-17 06:35:55,"0139 - Tuscola, IL",Unlead,Tuscola,IL,32.0,0,0.0,2
2026-04-17 06:35:55,"0140 - Mendota, IL",Diesel,Mendota,IL,0.0,0,0.0,2
2026-04-17 06:35:55,"0140 - Mendota, IL",Unlead,Mendota,IL,0.0,0,0.0,2
2026-04-17 06:35:55,"0141 - Brazil, IN",Diesel,Brazil,IN,158.1255000000001,0,0.0,4
2026-04-17 06:35:55,"0141 - Brazil, IN",Unlead,Brazil,IN,33.0,0,0.0,1
2026-04-17 06:35:55,"0144 - Elk Run Height, IA",Diesel,Elk Run Height,IA,69.0,0,0.0,4
2026-04-17 06:35:55,"0144 - Elk Run Height, IA",Unlead,Elk Run Height,IA,0.0,0,0.0,2
2026-04-17 06:35:55,"0145 - Fenton, MO",Diesel,Fenton,MO,0.0,0,0.0,2
2026-04-17 06:35:55,"0145 - Fenton, MO",Unlead,Fenton,MO,33.0,0,0.0,1
2026-04-17 06:35:55,"0157 - Okawville, IL",Diesel,Okawville,IL,0.0,0,0.0,3
2026-04-17 06:35:55,"0157 - Okawville, IL",Unlead,Okawville,IL,0.0,0,0.0,1
2026-04-17 06:35:55,"0181 - Springfield, IL",Diesel,Springfield,IL,40.96700000000055,0,0.0,3
2026-04-17 06:35:55,"0181 - Springfield, IL",Unlead,Springfield,IL,23.847099999999955,0,0.0,1
2026-04-17 06:35:55,"0185 - McLean, IL",Diesel,McLean,IL,0.0,0,0.0,4
2026-04-17 06:35:55,"0185 - McLean, IL",Unlead,McLean,IL,53.52739999999994,0,0.0,1
2026-04-17 06:35:55,"0186 - Minonk, IL",Diesel,Minonk,IL,0.0,0,0.0,3
2026-04-17 06:35:55,"0186 - Minonk, IL",Unlead,Minonk,IL,0.0,0,0.0,1
2026-04-17 06:35:55,"0187 - Chicago, IL",Diesel,Chicago,IL,72.0,0,0.0,3
2026-04-17 06:35:55,"0187 - Chicago, IL",Unlead,Chicago,IL,22.43239999999969,0,0.0,1
2026-04-17 06:35:55,"0203 - Rockford, IL",Diesel,Rockford,IL,0.0,0,0.0,1
2026-04-17 06:35:55,"0203 - Rockford, IL",Unlead,Rockford,IL,12.577500000000327,0,0.0,1
2026-04-17 06:35:55,"0205 - South Beloit, IL",Diesel,South Beloit,IL,0.0,0,0.0,3
2026-04-17 06:35:55,"0205 - South Beloit, IL",Unlead,South Beloit,IL,31.0,0,0.0,1
2026-04-17 06:35:55,"0206 - Winnebago, IL",Diesel,Winnebago,IL,0.0,0,0.0,1
2026-04-17 06:35:55,"0206 - Winnebago, IL",Unlead,Winnebago,IL,69.0,0,0.0,1
2026-04-17 06:35:55,"0209 - Oakdale, WI",Diesel,Oakdale,WI,29.0,0,0.0,3
2026-04-17 06:35:55,"0209 - Oakdale, WI",Unlead,Oakdale,WI,27.0,0,0.0,1
2026-04-17 06:35:55,"0210 - Rochelle, IL",Diesel,Rochelle,IL,18.0,0,0.0,3
2026-04-17 06:35:55,"0210 - Rochelle, IL",Unlead,Rochelle,IL,47.0,0,0.0,1
2026-04-17 06:35:55,"0211 - Loves Park, IL",Diesel,Loves Park,IL,17.0,0,0.0,1
2026-04-17 06:35:55,"0211 - Loves Park, IL",Unlead,Loves Park,IL,16.0,0,0.0,1
2026-04-17 06:35:55,"0225 - Princeton, IL",Diesel,Princeton,IL,43.0,0,0.0,4
2026-04-17 06:35:55,"0225 - Princeton, IL",Unlead,Princeton,IL,13.0,0,0.0,2
2026-04-17 06:35:55,"0226 - Greenwood, IN",Diesel,Greenwood,IN,69.0,0,0.0,2
2026-04-17 06:35:55,"0226 - Greenwood, IN",Unlead,Greenwood,IN,20.0,0,0.0,2
2026-04-17 06:35:55,"0235 - Hampshire, IL",Diesel,Hampshire,IL,125.0,0,0.0,2
2026-04-17 06:35:55,"0235 - Hampshire, IL",Unlead,Hampshire,IL,92.0,0,0.0,2
2026-04-17 06:35:55,"0236 - East Troy, WI",Diesel,East Troy,WI,0.0,0,0.0,2
2026-04-17 06:35:55,"0236 - East Troy, WI",Unlead,East Troy,WI,0.0,0,0.0,1
2026-04-17 06:35:55,"0240 - Lake Station, IN",Diesel,Lake Station,IN,64.0,0,0.0,5
2026-04-17 06:35:55,"0240 - Lake Station, IN",Unlead,Lake Station,IN,24.0,0,0.0,2
2026-04-17 06:35:55,"0242 - St Robert, MO",Diesel,St Robert,MO,34.01100000000042,0,0.0,4
2026-04-17 06:35:55,"0263 - Ottawa, IL",Diesel,Ottawa,IL,0.0,0,0.0,3
2026-04-17 06:35:55,"0263 - Ottawa, IL",Unlead,Ottawa,IL,8.0,0,0.0,1
2026-04-17 06:35:55,"0265 - Dixon, IL",Diesel,Dixon,IL,0.0,0,0.0,3
2026-04-17 06:35:55,"0265 - Dixon, IL",Unlead,Dixon,IL,0.0,0,0.0,1
2026-04-17 06:35:55,"0266 - New Berlin, IL",Diesel,New Berlin,IL,0.0,0,0.0,3
2026-04-17 06:35:55,"0266 - New Berlin, IL",Unlead,New Berlin,IL,13.652999999999793,0,0.0,1
2026-04-17 06:35:55,"0267 - Pharr, TX",Diesel,Pharr,TX,0.0,0,0.0,4
2026-04-17 06:35:55,"0267 - Pharr, TX",Unlead,Pharr,TX,40.0,0,0.0,1
2026-04-17 06:35:55,"0268 - Grayville, IL",Diesel,Grayville,IL,90.0,0,0.0,3
2026-04-17 06:35:55,"0268 - Grayville, IL",Unlead,Grayville,IL,23.0,0,0.0,1
2026-04-17 06:35:55,"0269 - Marshall, IL",Diesel,Marshall,IL,52.0,0,0.0,3
2026-04-17 06:35:55,"0269 - Marshall, IL",Unlead,Marshall,IL,0.0,0,0.0,1
2026-04-17 06:35:55,"0270 - Moore, TX",Diesel,Moore,TX,68.0,0,0.0,3
2026-04-17 06:35:55,"0270 - Moore, TX",Unlead,Moore,TX,18.0,0,0.0,1
2026-04-17 06:35:55,"0271 - Odessa, TX",Diesel,Odessa,TX,0.0,2,5187.0366,3
2026-04-17 06:35:55,"0271 - Odessa, TX",Unlead,Odessa,TX,38.698999999998705,0,0.0,1
2026-04-17 06:35:55,"0272 - Encinal, TX",Diesel,Encinal,TX,152.27350000000297,0,0.0,3
2026-04-17 06:35:55,"0272 - Encinal, TX",Unlead,Encinal,TX,85.90099999999984,0,0.0,1
2026-04-17 06:35:55,"0273 - Combes, TX",Diesel,Combes,TX,81.97500000000218,0,0.0,3
2026-04-17 06:35:55,"0273 - Combes, TX",Unlead,Combes,TX,13.204999999999927,0,0.0,1
2026-04-17 06:35:55,"0275 - Sonora, TX",Diesel,Sonora,TX,125.03100000000177,0,0.0,3
2026-04-17 06:35:55,"0275 - Sonora, TX",Unlead,Sonora,TX,23.715300000000298,0,0.0,1
2026-04-17 06:35:55,"0276 - Waco, TX",Diesel,Waco,TX,0.0,0,0.0,3
2026-04-17 06:35:55,"0276 - Waco, TX",Unlead,Waco,TX,0.0,0,0.0,1
2026-04-17 06:35:55,"0277 - New Boston, TX",Diesel,New Boston,TX,0.0,0,0.0,3
2026-04-17 06:35:55,"0277 - New Boston, TX",Unlead,New Boston,TX,23.855999999999767,0,0.0,1
2026-04-17 06:35:55,"0278 - Brinkley, AR",Diesel,Brinkley,AR,85.05299999999806,0,0.0,3
2026-04-17 06:35:55,"0278 - Brinkley, AR",Unlead,Brinkley,AR,0.0,0,0.0,1
2026-04-17 06:35:55,"0279 - Marion, IL",Diesel,Marion,IL,26.26549999999952,0,0.0,3
2026-04-17 06:35:55,"0279 - Marion, IL",Unlead,Marion,IL,105.1239999999998,0,0.0,1
2026-04-17 06:35:55,"0280 - Monahans, TX",Diesel,Monahans,TX,0.0,0,0.0,3
2026-04-17 06:35:55,"0280 - Monahans, TX",Unlead,Monahans,TX,0.0,0,0.0,1
2026-04-17 06:35:55,"0281 - Cisco, TX",Diesel,Cisco,TX,64.57900000000154,0,0.0,3
2026-04-17 06:35:55,"0281 - Cisco, TX",Unlead,Cisco,TX,0.0,0,0.0,1
2026-04-17 06:35:55,"0282 - Gainesville, TX",Diesel,Gainesville,TX,0.0,0,0.0,3
2026-04-17 06:35:55,"0282 - Gainesville, TX",Unlead,Gainesville,TX,43.85499999999956,0,0.0,1
2026-04-17 06:35:55,"0283 - Sealy, TX",Diesel,Sealy,TX,136.76499999999942,0,0.0,3
2026-04-17 06:35:55,"0283 - Sealy, TX",Unlead,Sealy,TX,34.26299999999901,0,0.0,1
2026-04-17 06:35:55,"0284 - New Deal, TX",Diesel,New Deal,TX,80.62300000000141,0,0.0,3
2026-04-17 06:35:55,"0284 - New Deal, TX",Unlead,New Deal,TX,68.57240000000002,0,0.0,1
2026-04-17 06:35:55,"0285 - Seguin, TX",Diesel,Seguin,TX,110.8060000000005,0,0.0,3
2026-04-17 06:35:55,"0285 - Seguin, TX",Unlead,Seguin,TX,23.80199999999968,0,0.0,1
2026-04-17 06:35:55,"0286 - Amarillo, TX",Diesel,Amarillo,TX,0.0,0,0.0,3
2026-04-17 06:35:55,"0286 - Amarillo, TX",Unlead,Amarillo,TX,19.971999999999753,0,0.0,1
2026-04-17 06:35:55,"0287 - Burbonnais, IL",Diesel,Burbonnais,IL,247.72600000000057,0,0.0,3
2026-04-17 06:35:55,"0287 - Burbonnais, IL",Unlead,Burbonnais,IL,57.02900000000045,0,0.0,1
2026-04-17 06:35:55,"0289 - Teague, TX",Diesel,Teague,TX,251.3680000000004,0,0.0,3
2026-04-17 06:35:55,"0289 - Teague, TX",Unlead,Teague,TX,85.3010000000013,0,0.0,1
2026-04-17 06:35:55,"0290 - Joplin, MO",Diesel,Joplin,MO,0.0,0,0.0,3
2026-04-17 06:35:55,"0290 - Joplin, MO",Unlead,Joplin,MO,18.047500000000582,0,0.0,1
2026-04-17 06:35:55,"0312 - Vidor, TX",Diesel,Vidor,TX,40.23599999999897,0,0.0,3
2026-04-17 06:35:55,"0312 - Vidor, TX",Unlead,Vidor,TX,0.0,0,0.0,1
2026-04-17 06:35:55,"0315 - Laredo, TX",Diesel,Laredo,TX,0.0,0,0.0,3
2026-04-17 06:35:55,"0315 - Laredo, TX",Unlead,Laredo,TX,70.51699999999983,0,0.0,1
2026-04-17 06:35:55,"0319 - Milford, TX",Diesel,Milford,TX,79.4940000000006,0,0.0,3
2026-04-17 06:35:55,"0319 - Milford, TX",Unlead,Milford,TX,85.59199999999873,0,0.0,1
2026-04-17 06:35:55,"0323 - Canton, TX",Diesel,Canton,TX,0.0,0,0.0,3
2026-04-17 06:35:55,"0323 - Canton, TX",Unlead,Canton,TX,13.063000000000102,0,0.0,1
2026-04-17 06:50:57,"0118 - Springfield, IL",Diesel,Springfield,IL,0.0,0,0.0,3
2026-04-17 06:50:57,"0118 - Springfield, IL",Unlead,Springfield,IL,29.0,0,0.0,1
2026-04-17 06:50:57,"0132 - Champaign, IL",Diesel,Champaign,IL,114.50400000000081,0,0.0,3
2026-04-17 06:50:57,"0132 - Champaign, IL",Unlead,Champaign,IL,59.34399999999914,0,0.0,1
2026-04-17 06:50:57,"0136 - Cottage Grove, WI",Diesel,Cottage Grove,WI,0.0,0,0.0,2
2026-04-17 06:50:57,"0136 - Cottage Grove, WI",Unlead,Cottage Grove,WI,0.0,0,0.0,1
2026-04-17 06:50:57,"0139 - Tuscola, IL",Diesel,Tuscola,IL,185.0,0,0.0,1
2026-04-17 06:50:57,"0139 - Tuscola, IL",Unlead,Tuscola,IL,2.0,0,0.0,2
2026-04-17 06:50:57,"0140 - Mendota, IL",Diesel,Mendota,IL,0.0,0,0.0,2
2026-04-17 06:50:57,"0140 - Mendota, IL",Unlead,Mendota,IL,7.0,0,0.0,2
2026-04-17 06:50:57,"0141 - Brazil, IN",Diesel,Brazil,IN,119.25,0,0.0,4
2026-04-17 06:50:57,"0141 - Brazil, IN",Unlead,Brazil,IN,21.0,0,0.0,1
2026-04-17 06:50:57,"0144 - Elk Run Height, IA",Diesel,Elk Run Height,IA,108.0,0,0.0,4
2026-04-17 06:50:57,"0144 - Elk Run Height, IA",Unlead,Elk Run Height,IA,0.0,0,0.0,2
2026-04-17 06:50:57,"0145 - Fenton, MO",Diesel,Fenton,MO,0.0,0,0.0,2
2026-04-17 06:50:57,"0145 - Fenton, MO",Unlead,Fenton,MO,29.0,0,0.0,1
2026-04-17 06:50:57,"0157 - Okawville, IL",Diesel,Okawville,IL,0.0,0,0.0,3
2026-04-17 06:50:57,"0157 - Okawville, IL",Unlead,Okawville,IL,7.711999999999534,0,0.0,1
2026-04-17 06:50:57,"0181 - Springfield, IL",Diesel,Springfield,IL,67.01800000000185,0,0.0,3
2026-04-17 06:50:57,"0181 - Springfield, IL",Unlead,Springfield,IL,52.19539999999961,0,0.0,1
2026-04-17 06:50:57,"0185 - McLean, IL",Diesel,McLean,IL,146.7475000000013,0,0.0,4
2026-04-17 06:50:57,"0185 - McLean, IL",Unlead,McLean,IL,69.06830000000082,0,0.0,1
2026-04-17 06:50:57,"0186 - Minonk, IL",Diesel,Minonk,IL,9.682700000000295,0,0.0,3
2026-04-17 06:50:57,"0186 - Minonk, IL",Unlead,Minonk,IL,35.92860000000019,0,0.0,1
2026-04-17 06:50:57,"0187 - Chicago, IL",Diesel,Chicago,IL,66.0,0,0.0,3
2026-04-17 06:50:57,"0187 - Chicago, IL",Unlead,Chicago,IL,10.49040000000059,0,0.0,1
2026-04-17 06:50:57,"0203 - Rockford, IL",Diesel,Rockford,IL,101.29749999999876,0,0.0,1
2026-04-17 06:50:57,"0203 - Rockford, IL",Unlead,Rockford,IL,45.73499999999967,0,0.0,1
2026-04-17 06:50:57,"0205 - South Beloit, IL",Diesel,South Beloit,IL,0.0,0,0.0,3
2026-04-17 06:50:57,"0205 - South Beloit, IL",Unlead,South Beloit,IL,11.0,0,0.0,1
2026-04-17 06:50:57,"0206 - Winnebago, IL",Diesel,Winnebago,IL,81.0,0,0.0,1
2026-04-17 06:50:57,"0206 - Winnebago, IL",Unlead,Winnebago,IL,42.0,0,0.0,1
2026-04-17 06:50:57,"0209 - Oakdale, WI",Diesel,Oakdale,WI,180.0,0,0.0,3
2026-04-17 06:50:57,"0209 - Oakdale, WI",Unlead,Oakdale,WI,0.0,0,0.0,1
2026-04-17 06:50:57,"0210 - Rochelle, IL",Diesel,Rochelle,IL,6.0,0,0.0,3
2026-04-17 06:50:57,"0210 - Rochelle, IL",Unlead,Rochelle,IL,35.0,0,0.0,1
2026-04-17 06:50:57,"0211 - Loves Park, IL",Diesel,Loves Park,IL,49.0,0,0.0,1
2026-04-17 06:50:57,"0211 - Loves Park, IL",Unlead,Loves Park,IL,9.0,0,0.0,1
2026-04-17 06:50:57,"0225 - Princeton, IL",Diesel,Princeton,IL,176.0,0,0.0,4
2026-04-17 06:50:57,"0225 - Princeton, IL",Unlead,Princeton,IL,0.0,0,0.0,2
2026-04-17 06:50:57,"0226 - Greenwood, IN",Diesel,Greenwood,IN,43.0,0,0.0,2
2026-04-17 06:50:57,"0226 - Greenwood, IN",Unlead,Greenwood,IN,78.0,0,0.0,2
2026-04-17 06:50:57,"0235 - Hampshire, IL",Diesel,Hampshire,IL,0.0,0,0.0,2
2026-04-17 06:50:57,"0235 - Hampshire, IL",Unlead,Hampshire,IL,75.0,0,0.0,2
2026-04-17 06:50:57,"0236 - East Troy, WI",Diesel,East Troy,WI,0.0,0,0.0,2
2026-04-17 06:50:57,"0236 - East Troy, WI",Unlead,East Troy,WI,0.0,0,0.0,1
2026-04-17 06:50:57,"0240 - Lake Station, IN",Diesel,Lake Station,IN,0.0,0,0.0,5
2026-04-17 06:50:57,"0240 - Lake Station, IN",Unlead,Lake Station,IN,18.0,0,0.0,2
2026-04-17 06:50:57,"0242 - St Robert, MO",Diesel,St Robert,MO,71.6859999999997,0,0.0,4
2026-04-17 06:50:57,"0263 - Ottawa, IL",Diesel,Ottawa,IL,0.0,0,0.0,3
2026-04-17 06:50:57,"0263 - Ottawa, IL",Unlead,Ottawa,IL,69.0,0,0.0,1
2026-04-17 06:50:57,"0265 - Dixon, IL",Diesel,Dixon,IL,0.0,0,0.0,3
2026-04-17 06:50:57,"0265 - Dixon, IL",Unlead,Dixon,IL,0.0,0,0.0,1
2026-04-17 06:50:57,"0266 - New Berlin, IL",Diesel,New Berlin,IL,41.0,0,0.0,3
2026-04-17 06:50:57,"0266 - New Berlin, IL",Unlead,New Berlin,IL,8.39850000000024,0,0.0,1
2026-04-17 06:50:57,"0267 - Pharr, TX",Diesel,Pharr,TX,0.0,0,0.0,4
2026-04-17 06:50:57,"0267 - Pharr, TX",Unlead,Pharr,TX,22.0,0,0.0,1
2026-04-17 06:50:57,"0268 - Grayville, IL",Diesel,Grayville,IL,198.0,0,0.0,3
2026-04-17 06:50:57,"0268 - Grayville, IL",Unlead,Grayville,IL,9.0,0,0.0,1
2026-04-17 06:50:57,"0269 - Marshall, IL",Diesel,Marshall,IL,0.0,0,0.0,3
2026-04-17 06:50:57,"0269 - Marshall, IL",Unlead,Marshall,IL,25.0,0,0.0,1
2026-04-17 06:50:57,"0270 - Moore, TX",Diesel,Moore,TX,141.0,0,0.0,3
2026-04-17 06:50:57,"0270 - Moore, TX",Unlead,Moore,TX,22.0,0,0.0,1
2026-04-17 06:50:57,"0271 - Odessa, TX",Diesel,Odessa,TX,0.0,0,0.0,3
2026-04-17 06:50:57,"0271 - Odessa, TX",Unlead,Odessa,TX,117.14199999999983,0,0.0,1
2026-04-17 06:50:57,"0272 - Encinal, TX",Diesel,Encinal,TX,71.94749999999658,0,0.0,3
2026-04-17 06:50:57,"0272 - Encinal, TX",Unlead,Encinal,TX,22.35900000000038,0,0.0,1
2026-04-17 06:50:57,"0273 - Combes, TX",Diesel,Combes,TX,94.5779999999977,0,0.0,3
2026-04-17 06:50:57,"0273 - Combes, TX",Unlead,Combes,TX,29.034999999999854,0,0.0,1
2026-04-17 06:50:57,"0275 - Sonora, TX",Diesel,Sonora,TX,109.47999999999956,0,0.0,3
2026-04-17 06:50:57,"0275 - Sonora, TX",Unlead,Sonora,TX,12.13130000000001,0,0.0,1
2026-04-17 06:50:57,"0276 - Waco, TX",Diesel,Waco,TX,380.4319999999989,0,0.0,3
2026-04-17 06:50:57,"0276 - Waco, TX",Unlead,Waco,TX,0.0,0,0.0,1
2026-04-17 06:50:57,"0277 - New Boston, TX",Diesel,New Boston,TX,14.543000000001484,0,0.0,3
2026-04-17 06:50:57,"0277 - New Boston, TX",Unlead,New Boston,TX,0.0,0,0.0,1
2026-04-17 06:50:57,"0278 - Brinkley, AR",Diesel,Brinkley,AR,0.0,0,0.0,3
2026-04-17 06:50:57,"0278 - Brinkley, AR",Unlead,Brinkley,AR,36.43899999999849,0,0.0,1
2026-04-17 06:50:57,"0279 - Marion, IL",Diesel,Marion,IL,25.217999999998938,0,0.0,3
2026-04-17 06:50:57,"0279 - Marion, IL",Unlead,Marion,IL,46.04899999999907,0,0.0,1
2026-04-17 06:50:57,"0280 - Monahans, TX",Diesel,Monahans,TX,0.0,0,0.0,3
2026-04-17 06:50:57,"0280 - Monahans, TX",Unlead,Monahans,TX,0.0,0,0.0,1
2026-04-17 06:50:57,"0281 - Cisco, TX",Diesel,Cisco,TX,477.9649999999983,0,0.0,3
2026-04-17 06:50:57,"0281 - Cisco, TX",Unlead,Cisco,TX,22.542999999997846,0,0.0,1
2026-04-17 06:50:57,"0282 - Gainesville, TX",Diesel,Gainesville,TX,0.0,0,0.0,3
2026-04-17 06:50:57,"0282 - Gainesville, TX",Unlead,Gainesville,TX,37.49200000000019,0,0.0,1
2026-04-17 06:50:57,"0283 - Sealy, TX",Diesel,Sealy,TX,337.58900000000176,0,0.0,3
2026-04-17 06:50:57,"0283 - Sealy, TX",Unlead,Sealy,TX,5.582000000000335,0,0.0,1
2026-04-17 06:50:57,"0284 - New Deal, TX",Diesel,New Deal,TX,28.55000000000109,0,0.0,3
2026-04-17 06:50:57,"0284 - New Deal, TX",Unlead,New Deal,TX,42.97119999999995,0,0.0,1
2026-04-17 06:50:57,"0285 - Seguin, TX",Diesel,Seguin,TX,142.14000000000124,0,0.0,3
2026-04-17 06:50:57,"0285 - Seguin, TX",Unlead,Seguin,TX,19.262000000000626,0,0.0,1
2026-04-17 06:50:57,"0286 - Amarillo, TX",Diesel,Amarillo,TX,67.51900000000205,0,0.0,3
2026-04-17 06:50:57,"0286 - Amarillo, TX",Unlead,Amarillo,TX,7.704999999999927,0,0.0,1
2026-04-17 06:50:57,"0287 - Burbonnais, IL",Diesel,Burbonnais,IL,10.736000000000786,0,0.0,3
2026-04-17 06:50:57,"0287 - Burbonnais, IL",Unlead,Burbonnais,IL,108.97299999999996,0,0.0,1
2026-04-17 06:50:57,"0289 - Teague, TX",Diesel,Teague,TX,88.20199999999932,0,0.0,3
2026-04-17 06:50:57,"0289 - Teague, TX",Unlead,Teague,TX,35.052999999999884,0,0.0,1
2026-04-17 06:50:57,"0290 - Joplin, MO",Diesel,Joplin,MO,36.99499999999898,0,0.0,3
2026-04-17 06:50:57,"0290 - Joplin, MO",Unlead,Joplin,MO,58.909999999999854,0,0.0,1
2026-04-17 06:50:57,"0312 - Vidor, TX",Diesel,Vidor,TX,37.501000000000204,0,0.0,3
2026-04-17 06:50:57,"0312 - Vidor, TX",Unlead,Vidor,TX,78.6859999999997,0,0.0,1
2026-04-17 06:50:57,"0315 - Laredo, TX",Diesel,Laredo,TX,75.52100000000064,0,0.0,3
2026-04-17 06:50:57,"0315 - Laredo, TX",Unlead,Laredo,TX,0.0,0,0.0,1
2026-04-17 06:50:57,"0319 - Milford, TX",Diesel,Milford,TX,0.0,0,0.0,3
2026-04-17 06:50:57,"0319 - Milford, TX",Unlead,Milford,TX,52.66600000000108,0,0.0,1
2026-04-17 06:50:57,"0323 - Canton, TX",Diesel,Canton,TX,0.0,0,0.0,3
2026-04-17 06:50:57,"0323 - Canton, TX",Unlead,Canton,TX,14.688000000000102,0,0.0,1
2026-04-17 07:05:58,"0118 - Springfield, IL",Diesel,Springfield,IL,0.0,0,0.0,3
2026-04-17 07:05:58,"0118 - Springfield, IL",Unlead,Springfield,IL,40.0,0,0.0,1
2026-04-17 07:05:58,"0132 - Champaign, IL",Diesel,Champaign,IL,130.6969999999983,0,0.0,3
2026-04-17 07:05:58,"0132 - Champaign, IL",Unlead,Champaign,IL,31.715000000000146,0,0.0,1
2026-04-17 07:05:58,"0136 - Cottage Grove, WI",Diesel,Cottage Grove,WI,148.1790000000001,0,0.0,2
2026-04-17 07:05:58,"0136 - Cottage Grove, WI",Unlead,Cottage Grove,WI,11.519000000000233,0,0.0,1
2026-04-17 07:05:58,"0139 - Tuscola, IL",Diesel,Tuscola,IL,91.0,0,0.0,1
2026-04-17 07:05:58,"0139 - Tuscola, IL",Unlead,Tuscola,IL,12.0,0,0.0,2
2026-04-17 07:05:58,"0140 - Mendota, IL",Diesel,Mendota,IL,0.0,0,0.0,2
2026-04-17 07:05:58,"0140 - Mendota, IL",Unlead,Mendota,IL,22.0,0,0.0,2
2026-04-17 07:05:58,"0141 - Brazil, IN",Diesel,Brazil,IN,136.84039999999914,0,0.0,4
2026-04-17 07:05:58,"0141 - Brazil, IN",Unlead,Brazil,IN,20.0,0,0.0,1
2026-04-17 07:05:58,"0144 - Elk Run Height, IA",Diesel,Elk Run Height,IA,24.0,0,0.0,4
2026-04-17 07:05:58,"0144 - Elk Run Height, IA",Unlead,Elk Run Height,IA,0.0,0,0.0,2
2026-04-17 07:05:58,"0145 - Fenton, MO",Diesel,Fenton,MO,33.0,0,0.0,2
2026-04-17 07:05:58,"0145 - Fenton, MO",Unlead,Fenton,MO,27.0,0,0.0,1
2026-04-17 07:05:58,"0157 - Okawville, IL",Diesel,Okawville,IL,0.0,0,0.0,3
2026-04-17 07:05:58,"0157 - Okawville, IL",Unlead,Okawville,IL,11.36700000000019,0,0.0,1
2026-04-17 07:05:58,"0181 - Springfield, IL",Diesel,Springfield,IL,48.79249999999956,0,0.0,3
2026-04-17 07:05:58,"0181 - Springfield, IL",Unlead,Springfield,IL,0.0,0,0.0,1
2026-04-17 07:05:58,"0185 - McLean, IL",Diesel,McLean,IL,7.930000000000291,0,0.0,4
2026-04-17 07:05:58,"0185 - McLean, IL",Unlead,McLean,IL,72.34729999999945,0,0.0,1
2026-04-17 07:05:58,"0186 - Minonk, IL",Diesel,Minonk,IL,0.0,0,0.0,3
2026-04-17 07:05:58,"0186 - Minonk, IL",Unlead,Minonk,IL,13.295000000000073,0,0.0,1
2026-04-17 07:05:58,"0187 - Chicago, IL",Diesel,Chicago,IL,0.0,0,0.0,3
2026-04-17 07:05:58,"0187 - Chicago, IL",Unlead,Chicago,IL,9.190899999999601,0,0.0,1
2026-04-17 07:05:58,"0203 - Rockford, IL",Diesel,Rockford,IL,0.0,0,0.0,1
2026-04-17 07:05:58,"0203 - Rockford, IL",Unlead,Rockford,IL,56.426000000000386,0,0.0,1
2026-04-17 07:05:58,"0205 - South Beloit, IL",Diesel,South Beloit,IL,0.0,0,0.0,3
2026-04-17 07:05:58,"0205 - South Beloit, IL",Unlead,South Beloit,IL,36.0,0,0.0,1
2026-04-17 07:05:58,"0206 - Winnebago, IL",Diesel,Winnebago,IL,0.0,0,0.0,1
2026-04-17 07:05:58,"0206 - Winnebago, IL",Unlead,Winnebago,IL,27.0,0,0.0,1
2026-04-17 07:05:58,"0209 - Oakdale, WI",Diesel,Oakdale,WI,100.0,0,0.0,3
2026-04-17 07:05:58,"0209 - Oakdale, WI",Unlead,Oakdale,WI,0.0,0,0.0,1
2026-04-17 07:05:58,"0210 - Rochelle, IL",Diesel,Rochelle,IL,0.0,0,0.0,3
2026-04-17 07:05:58,"0210 - Rochelle, IL",Unlead,Rochelle,IL,21.0,0,0.0,1
2026-04-17 07:05:58,"0211 - Loves Park, IL",Diesel,Loves Park,IL,0.0,0,0.0,1
2026-04-17 07:05:58,"0211 - Loves Park, IL",Unlead,Loves Park,IL,57.0,0,0.0,1
2026-04-17 07:05:58,"0225 - Princeton, IL",Diesel,Princeton,IL,130.0,0,0.0,4
2026-04-17 07:05:58,"0225 - Princeton, IL",Unlead,Princeton,IL,0.0,0,0.0,2
2026-04-17 07:05:58,"0226 - Greenwood, IN",Diesel,Greenwood,IN,53.0,0,0.0,2
2026-04-17 07:05:58,"0226 - Greenwood, IN",Unlead,Greenwood,IN,19.0,0,0.0,2
2026-04-17 07:05:58,"0235 - Hampshire, IL",Diesel,Hampshire,IL,107.0,0,0.0,2
2026-04-17 07:05:58,"0235 - Hampshire, IL",Unlead,Hampshire,IL,55.0,0,0.0,2
2026-04-17 07:05:58,"0236 - East Troy, WI",Diesel,East Troy,WI,0.0,0,0.0,2
2026-04-17 07:05:58,"0236 - East Troy, WI",Unlead,East Troy,WI,0.0,0,0.0,1
2026-04-17 07:05:58,"0240 - Lake Station, IN",Diesel,Lake Station,IN,0.0,0,0.0,5
2026-04-17 07:05:58,"0240 - Lake Station, IN",Unlead,Lake Station,IN,17.0,0,0.0,2
2026-04-17 07:05:58,"0242 - St Robert, MO",Diesel,St Robert,MO,5.799000000000888,0,0.0,4
2026-04-17 07:05:58,"0263 - Ottawa, IL",Diesel,Ottawa,IL,238.0,0,0.0,3
2026-04-17 07:05:58,"0263 - Ottawa, IL",Unlead,Ottawa,IL,15.0,0,0.0,1
2026-04-17 07:05:58,"0265 - Dixon, IL",Diesel,Dixon,IL,81.3020000000015,0,0.0,3
2026-04-17 07:05:58,"0265 - Dixon, IL",Unlead,Dixon,IL,0.0,0,0.0,1
2026-04-17 07:05:58,"0266 - New Berlin, IL",Diesel,New Berlin,IL,147.0,0,0.0,3
2026-04-17 07:05:58,"0266 - New Berlin, IL",Unlead,New Berlin,IL,14.96369999999979,0,0.0,1
2026-04-17 07:05:58,"0267 - Pharr, TX",Diesel,Pharr,TX,49.0,0,0.0,4
2026-04-17 07:05:58,"0267 - Pharr, TX",Unlead,Pharr,TX,3.0,0,0.0,1
2026-04-17 07:05:58,"0268 - Grayville, IL",Diesel,Grayville,IL,0.0,0,0.0,3
2026-04-17 07:05:58,"0268 - Grayville, IL",Unlead,Grayville,IL,0.0,0,0.0,1
2026-04-17 07:05:58,"0269 - Marshall, IL",Diesel,Marshall,IL,72.0,0,0.0,3
2026-04-17 07:05:58,"0269 - Marshall, IL",Unlead,Marshall,IL,11.0,0,0.0,1
2026-04-17 07:05:58,"0270 - Moore, TX",Diesel,Moore,TX,26.0,0,0.0,3
2026-04-17 07:05:58,"0270 - Moore, TX",Unlead,Moore,TX,49.0,0,0.0,1
2026-04-17 07:05:58,"0271 - Odessa, TX",Diesel,Odessa,TX,147.10699999999997,0,0.0,3
2026-04-17 07:05:58,"0271 - Odessa, TX",Unlead,Odessa,TX,35.70000000000073,0,0.0,1
2026-04-17 07:05:58,"0272 - Encinal, TX",Diesel,Encinal,TX,55.75749999999971,0,0.0,3
2026-04-17 07:05:58,"0272 - Encinal, TX",Unlead,Encinal,TX,30.78149999999914,0,0.0,1
2026-04-17 07:05:58,"0273 - Combes, TX",Diesel,Combes,TX,38.99300000000039,0,0.0,3
2026-04-17 07:05:58,"0273 - Combes, TX",Unlead,Combes,TX,69.65899999999965,0,0.0,1
2026-04-17 07:05:58,"0275 - Sonora, TX",Diesel,Sonora,TX,124.0621999999994,0,0.0,3
2026-04-17 07:05:58,"0275 - Sonora, TX",Unlead,Sonora,TX,15.54549999999972,0,0.0,1
2026-04-17 07:05:58,"0276 - Waco, TX",Diesel,Waco,TX,14.110000000000582,1,2539.0059999999994,3
2026-04-17 07:05:58,"0276 - Waco, TX",Unlead,Waco,TX,7.066000000000713,0,0.0,1
2026-04-17 07:05:58,"0277 - New Boston, TX",Diesel,New Boston,TX,31.209999999999127,0,0.0,3
2026-04-17 07:05:58,"0277 - New Boston, TX",Unlead,New Boston,TX,21.662999999998647,0,0.0,1
2026-04-17 07:05:58,"0278 - Brinkley, AR",Diesel,Brinkley,AR,9.320999999999913,0,0.0,3
2026-04-17 07:05:58,"0278 - Brinkley, AR",Unlead,Brinkley,AR,4.951000000000931,0,0.0,1
2026-04-17 07:05:58,"0279 - Marion, IL",Diesel,Marion,IL,0.0,0,0.0,3
2026-04-17 07:05:58,"0279 - Marion, IL",Unlead,Marion,IL,29.754000000000815,0,0.0,1
2026-04-17 07:05:58,"0280 - Monahans, TX",Diesel,Monahans,TX,0.0,0,0.0,3
2026-04-17 07:05:58,"0280 - Monahans, TX",Unlead,Monahans,TX,0.0,0,0.0,1
2026-04-17 07:05:58,"0281 - Cisco, TX",Diesel,Cisco,TX,95.3090000000011,0,0.0,3
2026-04-17 07:05:58,"0281 - Cisco, TX",Unlead,Cisco,TX,24.093000000000757,0,0.0,1
2026-04-17 07:05:58,"0282 - Gainesville, TX",Diesel,Gainesville,TX,139.6949999999997,0,0.0,3
2026-04-17 07:05:58,"0282 - Gainesville, TX",Unlead,Gainesville,TX,0.0,0,0.0,1
2026-04-17 07:05:58,"0283 - Sealy, TX",Diesel,Sealy,TX,235.85899999999856,0,0.0,3
2026-04-17 07:05:58,"0283 - Sealy, TX",Unlead,Sealy,TX,0.0,0,0.0,1
2026-04-17 07:05:58,"0284 - New Deal, TX",Diesel,New Deal,TX,192.54599999999846,0,0.0,3
2026-04-17 07:05:58,"0284 - New Deal, TX",Unlead,New Deal,TX,41.48940000000039,0,0.0,1
2026-04-17 07:05:58,"0285 - Seguin, TX",Diesel,Seguin,TX,147.97899999999936,0,0.0,3
2026-04-17 07:05:58,"0285 - Seguin, TX",Unlead,Seguin,TX,7.291999999999462,0,0.0,1
2026-04-17 07:05:58,"0286 - Amarillo, TX",Diesel,Amarillo,TX,38.5679999999993,0,0.0,3
2026-04-17 07:05:58,"0286 - Amarillo, TX",Unlead,Amarillo,TX,20.256999999999607,0,0.0,1
2026-04-17 07:05:58,"0287 - Burbonnais, IL",Diesel,Burbonnais,IL,0.0,0,0.0,3
2026-04-17 07:05:58,"0287 - Burbonnais, IL",Unlead,Burbonnais,IL,40.55699999999888,0,0.0,1
2026-04-17 07:05:58,"0289 - Teague, TX",Diesel,Teague,TX,0.0,0,0.0,3
2026-04-17 07:05:58,"0289 - Teague, TX",Unlead,Teague,TX,0.0,0,0.0,1
2026-04-17 07:05:58,"0290 - Joplin, MO",Diesel,Joplin,MO,16.632000000001426,0,0.0,3
2026-04-17 07:05:58,"0290 - Joplin, MO",Unlead,Joplin,MO,3.411000000000058,0,0.0,1
2026-04-17 07:05:58,"0312 - Vidor, TX",Diesel,Vidor,TX,170.90099999999802,0,0.0,3
2026-04-17 07:05:58,"0312 - Vidor, TX",Unlead,Vidor,TX,0.0,0,0.0,1
2026-04-17 07:05:58,"0315 - Laredo, TX",Diesel,Laredo,TX,131.5540000000001,0,0.0,3
2026-04-17 07:05:58,"0315 - Laredo, TX",Unlead,Laredo,TX,7.92200000000048,0,0.0,1
2026-04-17 07:05:58,"0319 - Milford, TX",Diesel,Milford,TX,0.0,0,0.0,3
2026-04-17 07:05:58,"0319 - Milford, TX",Unlead,Milford,TX,33.45999999999913,0,0.0,1
2026-04-17 07:05:58,"0323 - Canton, TX",Diesel,Canton,TX,22.46600000000035,0,0.0,3
2026-04-17 07:05:58,"0323 - Canton, TX",Unlead,Canton,TX,17.372999999999593,0,0.0,1
2026-04-17 07:21:07,"0118 - Springfield, IL",Diesel,Springfield,IL,0.0,0,0.0,3
2026-04-17 07:21:07,"0118 - Springfield, IL",Unlead,Springfield,IL,12.0,0,0.0,1
2026-04-17 07:21:07,"0132 - Champaign, IL",Diesel,Champaign,IL,0.0,0,0.0,3
2026-04-17 07:21:07,"0132 - Champaign, IL",Unlead,Champaign,IL,68.17200000000048,0,0.0,1
2026-04-17 07:21:07,"0136 - Cottage Grove, WI",Diesel,Cottage Grove,WI,230.3050000000003,0,0.0,2
2026-04-17 07:21:07,"0136 - Cottage Grove, WI",Unlead,Cottage Grove,WI,0.0,0,0.0,1
2026-04-17 07:21:07,"0139 - Tuscola, IL",Diesel,Tuscola,IL,0.0,0,0.0,1
2026-04-17 07:21:07,"0139 - Tuscola, IL",Unlead,Tuscola,IL,0.0,0,0.0,2
2026-04-17 07:21:07,"0140 - Mendota, IL",Diesel,Mendota,IL,0.0,0,0.0,2
2026-04-17 07:21:07,"0140 - Mendota, IL",Unlead,Mendota,IL,31.0,0,0.0,2
2026-04-17 07:21:07,"0141 - Brazil, IN",Diesel,Brazil,IN,124.60970000000088,1,122.62700000000041,4
2026-04-17 07:21:07,"0141 - Brazil, IN",Unlead,Brazil,IN,0.0,0,0.0,1
2026-04-17 07:21:07,"0144 - Elk Run Height, IA",Diesel,Elk Run Height,IA,0.0,0,0.0,4
2026-04-17 07:21:07,"0144 - Elk Run Height, IA",Unlead,Elk Run Height,IA,0.0,0,0.0,2
2026-04-17 07:21:07,"0145 - Fenton, MO",Diesel,Fenton,MO,174.0,0,0.0,2
2026-04-17 07:21:07,"0145 - Fenton, MO",Unlead,Fenton,MO,6.0,0,0.0,1
2026-04-17 07:21:07,"0157 - Okawville, IL",Diesel,Okawville,IL,0.0,0,0.0,3
2026-04-17 07:21:07,"0157 - Okawville, IL",Unlead,Okawville,IL,51.45600000000013,0,0.0,1
2026-04-17 07:21:07,"0181 - Springfield, IL",Diesel,Springfield,IL,109.32049999999799,0,0.0,3
2026-04-17 07:21:07,"0181 - Springfield, IL",Unlead,Springfield,IL,51.317400000000816,0,0.0,1
2026-04-17 07:21:07,"0185 - McLean, IL",Diesel,McLean,IL,66.23499999999876,0,0.0,4
2026-04-17 07:21:07,"0185 - McLean, IL",Unlead,McLean,IL,110.3094000000001,0,0.0,1
2026-04-17 07:21:07,"0186 - Minonk, IL",Diesel,Minonk,IL,35.04559999999947,0,0.0,3
2026-04-17 07:21:07,"0186 - Minonk, IL",Unlead,Minonk,IL,55.14000000000033,0,0.0,1
2026-04-17 07:21:07,"0187 - Chicago, IL",Diesel,Chicago,IL,45.0,0,0.0,3
2026-04-17 07:21:07,"0187 - Chicago, IL",Unlead,Chicago,IL,31.855000000000473,0,0.0,1
2026-04-17 07:21:07,"0203 - Rockford, IL",Diesel,Rockford,IL,0.0,0,0.0,1
2026-04-17 07:21:07,"0203 - Rockford, IL",Unlead,Rockford,IL,37.399999999999636,0,0.0,1
2026-04-17 07:21:07,"0205 - South Beloit, IL",Diesel,South Beloit,IL,0.0,0,0.0,3
2026-04-17 07:21:07,"0205 - South Beloit, IL",Unlead,South Beloit,IL,4.0,0,0.0,1
2026-04-17 07:21:07,"0206 - Winnebago, IL",Diesel,Winnebago,IL,112.0,0,0.0,1
2026-04-17 07:21:07,"0206 - Winnebago, IL",Unlead,Winnebago,IL,42.0,0,0.0,1
2026-04-17 07:21:07,"0209 - Oakdale, WI",Diesel,Oakdale,WI,0.0,0,0.0,3
2026-04-17 07:21:07,"0209 - Oakdale, WI",Unlead,Oakdale,WI,15.0,0,0.0,1
2026-04-17 07:21:07,"0210 - Rochelle, IL",Diesel,Rochelle,IL,122.0,0,0.0,3
2026-04-17 07:21:07,"0210 - Rochelle, IL",Unlead,Rochelle,IL,9.0,0,0.0,1
2026-04-17 07:21:07,"0211 - Loves Park, IL",Diesel,Loves Park,IL,29.0,0,0.0,1
2026-04-17 07:21:07,"0211 - Loves Park, IL",Unlead,Loves Park,IL,25.0,0,0.0,1
2026-04-17 07:21:07,"0225 - Princeton, IL",Diesel,Princeton,IL,127.0,0,0.0,4
2026-04-17 07:21:07,"0225 - Princeton, IL",Unlead,Princeton,IL,0.0,0,0.0,2
2026-04-17 07:21:07,"0226 - Greenwood, IN",Diesel,Greenwood,IN,28.0,0,0.0,2
2026-04-17 07:21:07,"0226 - Greenwood, IN",Unlead,Greenwood,IN,10.0,0,0.0,2
2026-04-17 07:21:07,"0235 - Hampshire, IL",Diesel,Hampshire,IL,29.0,0,0.0,2
2026-04-17 07:21:07,"0235 - Hampshire, IL",Unlead,Hampshire,IL,54.0,0,0.0,2
2026-04-17 07:21:07,"0236 - East Troy, WI",Diesel,East Troy,WI,0.0,0,0.0,2
2026-04-17 07:21:07,"0236 - East Troy, WI",Unlead,East Troy,WI,0.0,0,0.0,1
2026-04-17 07:21:07,"0240 - Lake Station, IN",Diesel,Lake Station,IN,186.0,0,0.0,5
2026-04-17 07:21:07,"0240 - Lake Station, IN",Unlead,Lake Station,IN,83.0,0,0.0,2
2026-04-17 07:21:07,"0242 - St Robert, MO",Diesel,St Robert,MO,28.07799999999952,0,0.0,4
2026-04-17 07:21:07,"0263 - Ottawa, IL",Diesel,Ottawa,IL,26.0,0,0.0,3
2026-04-17 07:21:07,"0263 - Ottawa, IL",Unlead,Ottawa,IL,8.0,0,0.0,1
2026-04-17 07:21:07,"0265 - Dixon, IL",Diesel,Dixon,IL,0.0,0,0.0,3
2026-04-17 07:21:07,"0265 - Dixon, IL",Unlead,Dixon,IL,20.395000000000437,0,0.0,1
2026-04-17 07:21:07,"0266 - New Berlin, IL",Diesel,New Berlin,IL,92.0,0,0.0,3
2026-04-17 07:21:07,"0266 - New Berlin, IL",Unlead,New Berlin,IL,26.038300000000163,0,0.0,1
2026-04-17 07:21:07,"0267 - Pharr, TX",Diesel,Pharr,TX,6.0,0,0.0,4
2026-04-17 07:21:07,"0267 - Pharr, TX",Unlead,Pharr,TX,15.0,0,0.0,1
2026-04-17 07:21:07,"0268 - Grayville, IL",Diesel,Grayville,IL,24.0,0,0.0,3
2026-04-17 07:21:07,"0268 - Grayville, IL",Unlead,Grayville,IL,5.0,0,0.0,1
2026-04-17 07:21:07,"0269 - Marshall, IL",Diesel,Marshall,IL,0.0,0,0.0,3
2026-04-17 07:21:07,"0269 - Marshall, IL",Unlead,Marshall,IL,4.0,0,0.0,1
2026-04-17 07:21:07,"0270 - Moore, TX",Diesel,Moore,TX,105.0,0,0.0,3
2026-04-17 07:21:07,"0270 - Moore, TX",Unlead,Moore,TX,26.0,0,0.0,1
2026-04-17 07:21:07,"0271 - Odessa, TX",Diesel,Odessa,TX,255.85800000000017,0,0.0,3
2026-04-17 07:21:07,"0271 - Odessa, TX",Unlead,Odessa,TX,55.59300000000076,0,0.0,1
2026-04-17 07:21:07,"0272 - Encinal, TX",Diesel,Encinal,TX,0.0,0,0.0,3
2026-04-17 07:21:07,"0272 - Encinal, TX",Unlead,Encinal,TX,15.593500000000859,0,0.0,1
2026-04-17 07:21:07,"0273 - Combes, TX",Diesel,Combes,TX,39.25,0,0.0,3
2026-04-17 07:21:07,"0273 - Combes, TX",Unlead,Combes,TX,107.95000000000073,0,0.0,1
2026-04-17 07:21:07,"0275 - Sonora, TX",Diesel,Sonora,TX,11.516899999998714,0,0.0,3
2026-04-17 07:21:07,"0275 - Sonora, TX",Unlead,Sonora,TX,43.58150000000023,0,0.0,1
2026-04-17 07:21:07,"0276 - Waco, TX",Diesel,Waco,TX,13.158000000001266,2,1789.4840000000022,3
2026-04-17 07:21:07,"0276 - Waco, TX",Unlead,Waco,TX,21.98699999999917,0,0.0,1
2026-04-17 07:21:07,"0277 - New Boston, TX",Diesel,New Boston,TX,58.95999999999913,0,0.0,3
2026-04-17 07:21:07,"0277 - New Boston, TX",Unlead,New Boston,TX,0.0,0,0.0,1
2026-04-17 07:21:07,"0278 - Brinkley, AR",Diesel,Brinkley,AR,323.89899999999943,0,0.0,3
2026-04-17 07:21:07,"0278 - Brinkley, AR",Unlead,Brinkley,AR,49.056000000000495,0,0.0,1
2026-04-17 07:21:07,"0279 - Marion, IL",Diesel,Marion,IL,70.36700000000019,0,0.0,3
2026-04-17 07:21:07,"0279 - Marion, IL",Unlead,Marion,IL,103.37700000000041,0,0.0,1
2026-04-17 07:21:07,"0280 - Monahans, TX",Diesel,Monahans,TX,0.0,0,0.0,3
2026-04-17 07:21:07,"0280 - Monahans, TX",Unlead,Monahans,TX,0.0,0,0.0,1
2026-04-17 07:21:07,"0281 - Cisco, TX",Diesel,Cisco,TX,0.0,0,0.0,3
2026-04-17 07:21:07,"0281 - Cisco, TX",Unlead,Cisco,TX,46.4419999999991,0,0.0,1
2026-04-17 07:21:07,"0282 - Gainesville, TX",Diesel,Gainesville,TX,0.0,0,0.0,3
2026-04-17 07:21:07,"0282 - Gainesville, TX",Unlead,Gainesville,TX,27.959000000000742,0,0.0,1
2026-04-17 07:21:07,"0283 - Sealy, TX",Diesel,Sealy,TX,339.8799999999992,0,0.0,3
2026-04-17 07:21:07,"0283 - Sealy, TX",Unlead,Sealy,TX,33.71649999999863,0,0.0,1
2026-04-17 07:21:07,"0284 - New Deal, TX",Diesel,New Deal,TX,120.68500000000131,0,0.0,3
2026-04-17 07:21:07,"0284 - New Deal, TX",Unlead,New Deal,TX,46.88599999999951,0,0.0,1
2026-04-17 07:21:07,"0285 - Seguin, TX",Diesel,Seguin,TX,139.29600000000028,0,0.0,3
2026-04-17 07:21:07,"0285 - Seguin, TX",Unlead,Seguin,TX,5.14600000000064,0,0.0,1
2026-04-17 07:21:07,"0286 - Amarillo, TX",Diesel,Amarillo,TX,0.0,0,0.0,3
2026-04-17 07:21:07,"0286 - Amarillo, TX",Unlead,Amarillo,TX,6.277000000000044,0,0.0,1
2026-04-17 07:21:07,"0287 - Burbonnais, IL",Diesel,Burbonnais,IL,92.13100000000122,0,0.0,3
2026-04-17 07:21:07,"0287 - Burbonnais, IL",Unlead,Burbonnais,IL,61.194000000001324,0,0.0,1
2026-04-17 07:21:07,"0289 - Teague, TX",Diesel,Teague,TX,102.99249999999847,0,0.0,3
2026-04-17 07:21:07,"0289 - Teague, TX",Unlead,Teague,TX,24.951999999999316,0,0.0,1
2026-04-17 07:21:07,"0290 - Joplin, MO",Diesel,Joplin,MO,74.02400000000125,0,0.0,3
2026-04-17 07:21:07,"0290 - Joplin, MO",Unlead,Joplin,MO,25.71600000000035,0,0.0,1
2026-04-17 07:21:07,"0312 - Vidor, TX",Diesel,Vidor,TX,87.1830000000009,0,0.0,3
2026-04-17 07:21:07,"0312 - Vidor, TX",Unlead,Vidor,TX,11.229999999999563,0,0.0,1
2026-04-17 07:21:07,"0315 - Laredo, TX",Diesel,Laredo,TX,85.16699999999946,0,0.0,3
2026-04-17 07:21:07,"0315 - Laredo, TX",Unlead,Laredo,TX,25.31499999999869,0,0.0,1
2026-04-17 07:21:07,"0319 - Milford, TX",Diesel,Milford,TX,52.13100000000122,0,0.0,3
2026-04-17 07:21:07,"0319 - Milford, TX",Unlead,Milford,TX,52.530000000000655,0,0.0,1
2026-04-17 07:21:07,"0323 - Canton, TX",Diesel,Canton,TX,87.16400000000067,0,0.0,3
2026-04-17 07:21:07,"0323 - Canton, TX",Unlead,Canton,TX,54.40899999999965,0,0.0,1
2026-04-17 07:36:08,"0118 - Springfield, IL",Diesel,Springfield,IL,207.0,0,0.0,3
2026-04-17 07:36:08,"0118 - Springfield, IL",Unlead,Springfield,IL,27.0,0,0.0,1
2026-04-17 07:36:08,"0132 - Champaign, IL",Diesel,Champaign,IL,40.53200000000106,0,0.0,3
2026-04-17 07:36:08,"0132 - Champaign, IL",Unlead,Champaign,IL,61.534999999999854,0,0.0,1
2026-04-17 07:36:08,"0136 - Cottage Grove, WI",Diesel,Cottage Grove,WI,203.71100000000024,0,0.0,2
2026-04-17 07:36:08,"0136 - Cottage Grove, WI",Unlead,Cottage Grove,WI,0.0,0,0.0,1
2026-04-17 07:36:08,"0139 - Tuscola, IL",Diesel,Tuscola,IL,183.0,0,0.0,1
2026-04-17 07:36:08,"0139 - Tuscola, IL",Unlead,Tuscola,IL,15.0,0,0.0,2
2026-04-17 07:36:08,"0140 - Mendota, IL",Diesel,Mendota,IL,0.0,0,0.0,2
2026-04-17 07:36:08,"0140 - Mendota, IL",Unlead,Mendota,IL,23.0,0,0.0,2
2026-04-17 07:36:08,"0141 - Brazil, IN",Diesel,Brazil,IN,76.99139999999989,0,0.0,4
2026-04-17 07:36:08,"0141 - Brazil, IN",Unlead,Brazil,IN,19.0,0,0.0,1
2026-04-17 07:36:08,"0144 - Elk Run Height, IA",Diesel,Elk Run Height,IA,159.0,0,0.0,4
2026-04-17 07:36:08,"0144 - Elk Run Height, IA",Unlead,Elk Run Height,IA,4.300799999999981,0,0.0,2
2026-04-17 07:36:08,"0145 - Fenton, MO",Diesel,Fenton,MO,124.0,0,0.0,2
2026-04-17 07:36:08,"0145 - Fenton, MO",Unlead,Fenton,MO,10.0,0,0.0,1
2026-04-17 07:36:08,"0157 - Okawville, IL",Diesel,Okawville,IL,0.0,0,0.0,3
2026-04-17 07:36:08,"0157 - Okawville, IL",Unlead,Okawville,IL,16.066999999999098,0,0.0,1
2026-04-17 07:36:08,"0181 - Springfield, IL",Diesel,Springfield,IL,0.0,0,0.0,3
2026-04-17 07:36:08,"0181 - Springfield, IL",Unlead,Springfield,IL,57.65229999999974,0,0.0,1
2026-04-17 07:36:08,"0185 - McLean, IL",Diesel,McLean,IL,10.765000000001237,0,0.0,4
2026-04-17 07:36:08,"0185 - McLean, IL",Unlead,McLean,IL,43.839600000000246,0,0.0,1
2026-04-17 07:36:08,"0186 - Minonk, IL",Diesel,Minonk,IL,0.0,0,0.0,3
2026-04-17 07:36:08,"0186 - Minonk, IL",Unlead,Minonk,IL,75.35660000000007,0,0.0,1
2026-04-17 07:36:08,"0187 - Chicago, IL",Diesel,Chicago,IL,113.0,0,0.0,3
2026-04-17 07:36:08,"0187 - Chicago, IL",Unlead,Chicago,IL,32.16409999999996,0,0.0,1
2026-04-17 07:36:08,"0203 - Rockford, IL",Diesel,Rockford,IL,0.0,0,0.0,1
2026-04-17 07:36:08,"0203 - Rockford, IL",Unlead,Rockford,IL,31.152000000000044,0,0.0,1
2026-04-17 07:36:08,"0205 - South Beloit, IL",Diesel,South Beloit,IL,0.0,0,0.0,3
2026-04-17 07:36:08,"0205 - South Beloit, IL",Unlead,South Beloit,IL,31.0,0,0.0,1
2026-04-17 07:36:08,"0206 - Winnebago, IL",Diesel,Winnebago,IL,0.0,0,0.0,1
2026-04-17 07:36:08,"0206 - Winnebago, IL",Unlead,Winnebago,IL,37.0,0,0.0,1
2026-04-17 07:36:08,"0209 - Oakdale, WI",Diesel,Oakdale,WI,108.0,0,0.0,3
2026-04-17 07:36:08,"0209 - Oakdale, WI",Unlead,Oakdale,WI,0.0,0,0.0,1
2026-04-17 07:36:08,"0210 - Rochelle, IL",Diesel,Rochelle,IL,19.0,1,2119.0,3
2026-04-17 07:36:08,"0210 - Rochelle, IL",Unlead,Rochelle,IL,12.0,0,0.0,1
2026-04-17 07:36:08,"0211 - Loves Park, IL",Diesel,Loves Park,IL,85.0,0,0.0,1
2026-04-17 07:36:08,"0211 - Loves Park, IL",Unlead,Loves Park,IL,37.0,0,0.0,1
2026-04-17 07:36:08,"0225 - Princeton, IL",Diesel,Princeton,IL,18.0,0,0.0,4
2026-04-17 07:36:08,"0225 - Princeton, IL",Unlead,Princeton,IL,0.0,0,0.0,2
2026-04-17 07:36:08,"0226 - Greenwood, IN",Diesel,Greenwood,IN,0.0,0,0.0,2
2026-04-17 07:36:08,"0226 - Greenwood, IN",Unlead,Greenwood,IN,5.0,0,0.0,2
2026-04-17 07:36:08,"0235 - Hampshire, IL",Diesel,Hampshire,IL,167.0,0,0.0,2
2026-04-17 07:36:08,"0235 - Hampshire, IL",Unlead,Hampshire,IL,14.0,0,0.0,2
2026-04-17 07:36:08,"0236 - East Troy, WI",Diesel,East Troy,WI,121.0,0,0.0,2
2026-04-17 07:36:08,"0236 - East Troy, WI",Unlead,East Troy,WI,0.0,0,0.0,1
2026-04-17 07:36:08,"0240 - Lake Station, IN",Diesel,Lake Station,IN,9.0,0,0.0,5
2026-04-17 07:36:08,"0240 - Lake Station, IN",Unlead,Lake Station,IN,39.0,0,0.0,2
2026-04-17 07:36:08,"0242 - St Robert, MO",Diesel,St Robert,MO,0.0,0,0.0,4
2026-04-17 07:36:08,"0263 - Ottawa, IL",Diesel,Ottawa,IL,183.0,0,0.0,3
2026-04-17 07:36:08,"0263 - Ottawa, IL",Unlead,Ottawa,IL,26.0,0,0.0,1
2026-04-17 07:36:08,"0265 - Dixon, IL",Diesel,Dixon,IL,0.0,0,0.0,3
2026-04-17 07:36:08,"0265 - Dixon, IL",Unlead,Dixon,IL,8.852999999999156,0,0.0,1
2026-04-17 07:36:08,"0266 - New Berlin, IL",Diesel,New Berlin,IL,22.0,0,0.0,3
2026-04-17 07:36:08,"0266 - New Berlin, IL",Unlead,New Berlin,IL,72.57690000000002,0,0.0,1
2026-04-17 07:36:08,"0267 - Pharr, TX",Diesel,Pharr,TX,82.0,0,0.0,4
2026-04-17 07:36:08,"0267 - Pharr, TX",Unlead,Pharr,TX,10.0,0,0.0,1
2026-04-17 07:36:08,"0268 - Grayville, IL",Diesel,Grayville,IL,0.0,0,0.0,3
2026-04-17 07:36:08,"0268 - Grayville, IL",Unlead,Grayville,IL,58.0,0,0.0,1
2026-04-17 07:36:08,"0269 - Marshall, IL",Diesel,Marshall,IL,0.0,0,0.0,3
2026-04-17 07:36:08,"0269 - Marshall, IL",Unlead,Marshall,IL,28.0,0,0.0,1
2026-04-17 07:36:08,"0270 - Moore, TX",Diesel,Moore,TX,364.0,0,0.0,3
2026-04-17 07:36:08,"0270 - Moore, TX",Unlead,Moore,TX,18.0,0,0.0,1
2026-04-17 07:36:08,"0271 - Odessa, TX",Diesel,Odessa,TX,335.65599999999904,0,0.0,3
2026-04-17 07:36:08,"0271 - Odessa, TX",Unlead,Odessa,TX,38.82599999999911,0,0.0,1
2026-04-17 07:36:08,"0272 - Encinal, TX",Diesel,Encinal,TX,33.70600000000195,0,0.0,3
2026-04-17 07:36:08,"0272 - Encinal, TX",Unlead,Encinal,TX,39.67099999999846,0,0.0,1
2026-04-17 07:36:08,"0273 - Combes, TX",Diesel,Combes,TX,0.0,0,0.0,3
2026-04-17 07:36:08,"0273 - Combes, TX",Unlead,Combes,TX,178.09900000000016,0,0.0,1
2026-04-17 07:36:08,"0275 - Sonora, TX",Diesel,Sonora,TX,0.0,0,0.0,3
2026-04-17 07:36:08,"0275 - Sonora, TX",Unlead,Sonora,TX,20.366999999999734,0,0.0,1
2026-04-17 07:36:08,"0276 - Waco, TX",Diesel,Waco,TX,0.0,1,3510.9069999999992,3
2026-04-17 07:36:08,"0276 - Waco, TX",Unlead,Waco,TX,74.9940000000006,0,0.0,1
2026-04-17 07:36:08,"0277 - New Boston, TX",Diesel,New Boston,TX,0.0,0,0.0,3
2026-04-17 07:36:08,"0277 - New Boston, TX",Unlead,New Boston,TX,33.17100000000028,0,0.0,1
2026-04-17 07:36:08,"0278 - Brinkley, AR",Diesel,Brinkley,AR,0.0,2,4452.101000000002,3
2026-04-17 07:36:08,"0278 - Brinkley, AR",Unlead,Brinkley,AR,0.0,1,3173.947,1
2026-04-17 07:36:08,"0279 - Marion, IL",Diesel,Marion,IL,80.34599999999955,0,0.0,3
2026-04-17 07:36:08,"0279 - Marion, IL",Unlead,Marion,IL,29.54899999999907,0,0.0,1
2026-04-17 07:36:08,"0280 - Monahans, TX",Diesel,Monahans,TX,0.0,0,0.0,3
2026-04-17 07:36:08,"0280 - Monahans, TX",Unlead,Monahans,TX,0.0,0,0.0,1
2026-04-17 07:36:08,"0281 - Cisco, TX",Diesel,Cisco,TX,101.57800000000134,0,0.0,3
2026-04-17 07:36:08,"0281 - Cisco, TX",Unlead,Cisco,TX,6.343000000000757,0,0.0,1
2026-04-17 07:36:08,"0282 - Gainesville, TX",Diesel,Gainesville,TX,43.15899999999965,0,0.0,3
2026-04-17 07:36:08,"0282 - Gainesville, TX",Unlead,Gainesville,TX,12.108000000000175,0,0.0,1
2026-04-17 07:36:08,"0283 - Sealy, TX",Diesel,Sealy,TX,404.9290000000001,0,0.0,3
2026-04-17 07:36:08,"0283 - Sealy, TX",Unlead,Sealy,TX,0.0,0,0.0,1
2026-04-17 07:36:08,"0284 - New Deal, TX",Diesel,New Deal,TX,42.72400000000016,0,0.0,3
2026-04-17 07:36:08,"0284 - New Deal, TX",Unlead,New Deal,TX,0.0,1,2744.135,1
2026-04-17 07:36:08,"0285 - Seguin, TX",Diesel,Seguin,TX,72.08500000000095,0,0.0,3
2026-04-17 07:36:08,"0285 - Seguin, TX",Unlead,Seguin,TX,0.0,0,0.0,1
2026-04-17 07:36:08,"0286 - Amarillo, TX",Diesel,Amarillo,TX,47.42699999999968,0,0.0,3
2026-04-17 07:36:08,"0286 - Amarillo, TX",Unlead,Amarillo,TX,30.77400000000125,0,0.0,1
2026-04-17 07:36:08,"0287 - Burbonnais, IL",Diesel,Burbonnais,IL,44.80699999999888,0,0.0,3
2026-04-17 07:36:08,"0287 - Burbonnais, IL",Unlead,Burbonnais,IL,61.99499999999898,0,0.0,1
2026-04-17 07:36:08,"0289 - Teague, TX",Diesel,Teague,TX,20.310499999999593,0,0.0,3
2026-04-17 07:36:08,"0289 - Teague, TX",Unlead,Teague,TX,19.967000000000553,0,0.0,1
2026-04-17 07:36:08,"0290 - Joplin, MO",Diesel,Joplin,MO,202.64899999999943,0,0.0,3
2026-04-17 07:36:08,"0290 - Joplin, MO",Unlead,Joplin,MO,5.105999999999767,0,0.0,1
2026-04-17 07:36:08,"0312 - Vidor, TX",Diesel,Vidor,TX,92.14400000000023,0,0.0,3
2026-04-17 07:36:08,"0312 - Vidor, TX",Unlead,Vidor,TX,29.23999999999978,0,0.0,1
2026-04-17 07:36:08,"0315 - Laredo, TX",Diesel,Laredo,TX,132.90699999999924,0,0.0,3
2026-04-17 07:36:08,"0315 - Laredo, TX",Unlead,Laredo,TX,14.999000000001615,0,0.0,1
2026-04-17 07:36:08,"0319 - Milford, TX",Diesel,Milford,TX,61.95499999999811,0,0.0,3
2026-04-17 07:36:08,"0319 - Milford, TX",Unlead,Milford,TX,49.362999999999374,0,0.0,1
2026-04-17 07:36:08,"0323 - Canton, TX",Diesel,Canton,TX,0.0,0,0.0,3
2026-04-17 07:36:08,"0323 - Canton, TX",Unlead,Canton,TX,9.411000000000058,0,0.0,1
2026-04-17 07:51:09,"0118 - Springfield, IL",Diesel,Springfield,IL,115.0,0,0.0,3
2026-04-17 07:51:09,"0118 - Springfield, IL",Unlead,Springfield,IL,40.0,0,0.0,1
2026-04-17 07:51:09,"0132 - Champaign, IL",Diesel,Champaign,IL,417.84599999999955,0,0.0,3
2026-04-17 07:51:09,"0132 - Champaign, IL",Unlead,Champaign,IL,65.98799999999937,0,0.0,1
2026-04-17 07:51:09,"0136 - Cottage Grove, WI",Diesel,Cottage Grove,WI,207.09599999999955,0,0.0,2
2026-04-17 07:51:09,"0136 - Cottage Grove, WI",Unlead,Cottage Grove,WI,16.939000000000306,0,0.0,1
2026-04-17 07:51:09,"0139 - Tuscola, IL",Diesel,Tuscola,IL,107.0,0,0.0,1
2026-04-17 07:51:09,"0139 - Tuscola, IL",Unlead,Tuscola,IL,15.0,0,0.0,2
2026-04-17 07:51:09,"0140 - Mendota, IL",Diesel,Mendota,IL,204.0,0,0.0,2
2026-04-17 07:51:09,"0140 - Mendota, IL",Unlead,Mendota,IL,34.0,0,0.0,2
2026-04-17 07:51:09,"0141 - Brazil, IN",Diesel,Brazil,IN,53.36839999999938,0,0.0,4
2026-04-17 07:51:09,"0141 - Brazil, IN",Unlead,Brazil,IN,0.0,0,0.0,1
2026-04-17 07:51:09,"0144 - Elk Run Height, IA",Diesel,Elk Run Height,IA,114.0,0,0.0,4
2026-04-17 07:51:09,"0144 - Elk Run Height, IA",Unlead,Elk Run Height,IA,31.241100000000188,0,0.0,2
2026-04-17 07:51:09,"0145 - Fenton, MO",Diesel,Fenton,MO,261.0,0,0.0,2
2026-04-17 07:51:09,"0145 - Fenton, MO",Unlead,Fenton,MO,59.0,0,0.0,1
2026-04-17 07:51:09,"0157 - Okawville, IL",Diesel,Okawville,IL,0.0,0,0.0,3
2026-04-17 07:51:09,"0157 - Okawville, IL",Unlead,Okawville,IL,22.913000000000466,0,0.0,1
2026-04-17 07:51:09,"0181 - Springfield, IL",Diesel,Springfield,IL,0.0,0,0.0,3
2026-04-17 07:51:09,"0181 - Springfield, IL",Unlead,Springfield,IL,24.636999999999716,0,0.0,1
2026-04-17 07:51:09,"0185 - McLean, IL",Diesel,McLean,IL,288.3154999999988,0,0.0,4
2026-04-17 07:51:09,"0185 - McLean, IL",Unlead,McLean,IL,51.612999999999374,0,0.0,1
2026-04-17 07:51:09,"0186 - Minonk, IL",Diesel,Minonk,IL,0.0,0,0.0,3
2026-04-17 07:51:09,"0186 - Minonk, IL",Unlead,Minonk,IL,23.113800000000083,0,0.0,1
2026-04-17 07:51:09,"0187 - Chicago, IL",Diesel,Chicago,IL,0.0,0,0.0,3
2026-04-17 07:51:09,"0187 - Chicago, IL",Unlead,Chicago,IL,14.386599999999817,0,0.0,1
2026-04-17 07:51:09,"0203 - Rockford, IL",Diesel,Rockford,IL,21.811999999999898,0,0.0,1
2026-04-17 07:51:09,"0203 - Rockford, IL",Unlead,Rockford,IL,29.241699999999582,0,0.0,1
2026-04-17 07:51:09,"0205 - South Beloit, IL",Diesel,South Beloit,IL,188.0,0,0.0,3
2026-04-17 07:51:09,"0205 - South Beloit, IL",Unlead,South Beloit,IL,34.0,0,0.0,1
2026-04-17 07:51:09,"0206 - Winnebago, IL",Diesel,Winnebago,IL,101.0,0,0.0,1
2026-04-17 07:51:09,"0206 - Winnebago, IL",Unlead,Winnebago,IL,0.0,0,0.0,1
2026-04-17 07:51:09,"0209 - Oakdale, WI",Diesel,Oakdale,WI,72.0,0,0.0,3
2026-04-17 07:51:09,"0209 - Oakdale, WI",Unlead,Oakdale,WI,11.0,0,0.0,1
2026-04-17 07:51:09,"0210 - Rochelle, IL",Diesel,Rochelle,IL,40.0,1,275.0,3
2026-04-17 07:51:09,"0210 - Rochelle, IL",Unlead,Rochelle,IL,0.0,1,3244.0,1
2026-04-17 07:51:09,"0211 - Loves Park, IL",Diesel,Loves Park,IL,174.0,0,0.0,1
2026-04-17 07:51:09,"0211 - Loves Park, IL",Unlead,Loves Park,IL,0.0,0,0.0,1
2026-04-17 07:51:09,"0225 - Princeton, IL",Diesel,Princeton,IL,47.0,0,0.0,4
2026-04-17 07:51:09,"0225 - Princeton, IL",Unlead,Princeton,IL,0.0,0,0.0,2
2026-04-17 07:51:09,"0226 - Greenwood, IN",Diesel,Greenwood,IN,10.0,0,0.0,2
2026-04-17 07:51:09,"0226 - Greenwood, IN",Unlead,Greenwood,IN,0.0,0,0.0,2
2026-04-17 07:51:09,"0235 - Hampshire, IL",Diesel,Hampshire,IL,0.0,0,0.0,2
2026-04-17 07:51:09,"0235 - Hampshire, IL",Unlead,Hampshire,IL,50.0,0,0.0,2
2026-04-17 07:51:09,"0236 - East Troy, WI",Diesel,East Troy,WI,0.0,0,0.0,2
2026-04-17 07:51:09,"0236 - East Troy, WI",Unlead,East Troy,WI,19.0,0,0.0,1
2026-04-17 07:51:09,"0240 - Lake Station, IN",Diesel,Lake Station,IN,413.0,0,0.0,5
2026-04-17 07:51:09,"0240 - Lake Station, IN",Unlead,Lake Station,IN,28.0,0,0.0,2
2026-04-17 07:51:09,"0242 - St Robert, MO",Diesel,St Robert,MO,37.09599999999955,0,0.0,4
2026-04-17 07:51:09,"0263 - Ottawa, IL",Diesel,Ottawa,IL,283.0,0,0.0,3
2026-04-17 07:51:09,"0263 - Ottawa, IL",Unlead,Ottawa,IL,48.0,0,0.0,1
2026-04-17 07:51:09,"0265 - Dixon, IL",Diesel,Dixon,IL,157.5049999999992,0,0.0,3
2026-04-17 07:51:09,"0265 - Dixon, IL",Unlead,Dixon,IL,4.246000000001004,0,0.0,1
2026-04-17 07:51:09,"0266 - New Berlin, IL",Diesel,New Berlin,IL,168.0,0,0.0,3
2026-04-17 07:51:09,"0266 - New Berlin, IL",Unlead,New Berlin,IL,66.97579999999971,0,0.0,1
2026-04-17 07:51:09,"0267 - Pharr, TX",Diesel,Pharr,TX,154.0,0,0.0,4
2026-04-17 07:51:09,"0267 - Pharr, TX",Unlead,Pharr,TX,8.0,0,0.0,1
2026-04-17 07:51:09,"0268 - Grayville, IL",Diesel,Grayville,IL,104.0,0,0.0,3
2026-04-17 07:51:09,"0268 - Grayville, IL",Unlead,Grayville,IL,30.0,0,0.0,1
2026-04-17 07:51:09,"0269 - Marshall, IL",Diesel,Marshall,IL,0.0,0,0.0,3
2026-04-17 07:51:09,"0269 - Marshall, IL",Unlead,Marshall,IL,49.0,0,0.0,1
2026-04-17 07:51:09,"0270 - Moore, TX",Diesel,Moore,TX,76.0,0,0.0,3
2026-04-17 07:51:09,"0270 - Moore, TX",Unlead,Moore,TX,85.0,0,0.0,1
2026-04-17 07:51:09,"0271 - Odessa, TX",Diesel,Odessa,TX,268.28200000000106,0,0.0,3
2026-04-17 07:51:09,"0271 - Odessa, TX",Unlead,Odessa,TX,24.711999999999534,0,0.0,1
2026-04-17 07:51:09,"0272 - Encinal, TX",Diesel,Encinal,TX,139.85999999999876,0,0.0,3
2026-04-17 07:51:09,"0272 - Encinal, TX",Unlead,Encinal,TX,85.58300000000054,0,0.0,1
2026-04-17 07:51:09,"0273 - Combes, TX",Diesel,Combes,TX,315.3030000000017,0,0.0,3
2026-04-17 07:51:09,"0273 - Combes, TX",Unlead,Combes,TX,85.4426999999996,0,0.0,1
2026-04-17 07:51:09,"0275 - Sonora, TX",Diesel,Sonora,TX,28.99200000000019,0,0.0,3
2026-04-17 07:51:09,"0275 - Sonora, TX",Unlead,Sonora,TX,0.0,1,639.4054999999998,1
2026-04-17 07:51:09,"0276 - Waco, TX",Diesel,Waco,TX,163.70699999999852,0,0.0,3
2026-04-17 07:51:09,"0276 - Waco, TX",Unlead,Waco,TX,55.85399999999936,0,0.0,1
2026-04-17 07:51:09,"0277 - New Boston, TX",Diesel,New Boston,TX,116.00200000000041,0,0.0,3
2026-04-17 07:51:09,"0277 - New Boston, TX",Unlead,New Boston,TX,9.346999999999753,0,0.0,1
2026-04-17 07:51:09,"0278 - Brinkley, AR",Diesel,Brinkley,AR,99.44200000000092,1,431.5709999999999,3
2026-04-17 07:51:09,"0278 - Brinkley, AR",Unlead,Brinkley,AR,0.0,1,652.2250000000004,1
2026-04-17 07:51:09,"0279 - Marion, IL",Diesel,Marion,IL,329.737000000001,0,0.0,3
2026-04-17 07:51:09,"0279 - Marion, IL",Unlead,Marion,IL,90.90500000000065,0,0.0,1
2026-04-17 07:51:09,"0280 - Monahans, TX",Diesel,Monahans,TX,0.0,0,0.0,3
2026-04-17 07:51:09,"0280 - Monahans, TX",Unlead,Monahans,TX,0.0,0,0.0,1
2026-04-17 07:51:09,"0281 - Cisco, TX",Diesel,Cisco,TX,127.10000000000036,0,0.0,3
2026-04-17 07:51:09,"0281 - Cisco, TX",Unlead,Cisco,TX,16.16400000000067,0,0.0,1
2026-04-17 07:51:09,"0282 - Gainesville, TX",Diesel,Gainesville,TX,22.381999999999607,0,0.0,3
2026-04-17 07:51:09,"0282 - Gainesville, TX",Unlead,Gainesville,TX,27.13500000000022,0,0.0,1
2026-04-17 07:51:09,"0283 - Sealy, TX",Diesel,Sealy,TX,0.0,1,1032.1149999999998,3
2026-04-17 07:51:09,"0283 - Sealy, TX",Unlead,Sealy,TX,0.0,0,0.0,1
2026-04-17 07:51:09,"0284 - New Deal, TX",Diesel,New Deal,TX,70.88249999999971,0,0.0,3
2026-04-17 07:51:09,"0284 - New Deal, TX",Unlead,New Deal,TX,0.0,1,5279.151,1
2026-04-17 07:51:09,"0285 - Seguin, TX",Diesel,Seguin,TX,312.0550000000003,0,0.0,3
2026-04-17 07:51:09,"0285 - Seguin, TX",Unlead,Seguin,TX,9.565999999998894,0,0.0,1
2026-04-17 07:51:09,"0286 - Amarillo, TX",Diesel,Amarillo,TX,15.520000000000437,0,0.0,3
2026-04-17 07:51:09,"0286 - Amarillo, TX",Unlead,Amarillo,TX,0.0,0,0.0,1
2026-04-17 07:51:09,"0287 - Burbonnais, IL",Diesel,Burbonnais,IL,0.0,0,0.0,3
2026-04-17 07:51:09,"0287 - Burbonnais, IL",Unlead,Burbonnais,IL,76.65899999999965,0,0.0,1
2026-04-17 07:51:09,"0289 - Teague, TX",Diesel,Teague,TX,133.1929999999993,0,0.0,3
2026-04-17 07:51:09,"0289 - Teague, TX",Unlead,Teague,TX,42.185999999999694,0,0.0,1
2026-04-17 07:51:09,"0290 - Joplin, MO",Diesel,Joplin,MO,53.72099999999955,0,0.0,3
2026-04-17 07:51:09,"0290 - Joplin, MO",Unlead,Joplin,MO,4.835999999999331,0,0.0,1
2026-04-17 07:51:09,"0312 - Vidor, TX",Diesel,Vidor,TX,112.88400000000001,0,0.0,3
2026-04-17 07:51:09,"0312 - Vidor, TX",Unlead,Vidor,TX,57.31700000000092,0,0.0,1
2026-04-17 07:51:09,"0315 - Laredo, TX",Diesel,Laredo,TX,0.0,0,0.0,3
2026-04-17 07:51:09,"0315 - Laredo, TX",Unlead,Laredo,TX,0.0,0,0.0,1
2026-04-17 07:51:09,"0319 - Milford, TX",Diesel,Milford,TX,82.71999999999935,0,0.0,3
2026-04-17 07:51:09,"0319 - Milford, TX",Unlead,Milford,TX,31.64600000000064,0,0.0,1
2026-04-17 07:51:09,"0323 - Canton, TX",Diesel,Canton,TX,0.0,0,0.0,3
2026-04-17 07:51:09,"0323 - Canton, TX",Unlead,Canton,TX,45.32800000000134,0,0.0,1
2026-04-17 08:06:11,"0118 - Springfield, IL",Diesel,Springfield,IL,12.0,0,0.0,3
2026-04-17 08:06:11,"0118 - Springfield, IL",Unlead,Springfield,IL,22.0,0,0.0,1
2026-04-17 08:06:11,"0132 - Champaign, IL",Diesel,Champaign,IL,87.08799999999974,0,0.0,3
2026-04-17 08:06:11,"0132 - Champaign, IL",Unlead,Champaign,IL,83.92799999999988,0,0.0,1
2026-04-17 08:06:11,"0136 - Cottage Grove, WI",Diesel,Cottage Grove,WI,251.22500000000036,0,0.0,2
2026-04-17 08:06:11,"0136 - Cottage Grove, WI",Unlead,Cottage Grove,WI,7.764999999999418,0,0.0,1
2026-04-17 08:06:11,"0139 - Tuscola, IL",Diesel,Tuscola,IL,105.0,0,0.0,1
2026-04-17 08:06:11,"0139 - Tuscola, IL",Unlead,Tuscola,IL,33.0,0,0.0,2
2026-04-17 08:06:11,"0140 - Mendota, IL",Diesel,Mendota,IL,23.0,0,0.0,2
2026-04-17 08:06:11,"0140 - Mendota, IL",Unlead,Mendota,IL,28.0,0,0.0,2
2026-04-17 08:06:11,"0141 - Brazil, IN",Diesel,Brazil,IN,43.44800000000032,0,0.0,4
2026-04-17 08:06:11,"0141 - Brazil, IN",Unlead,Brazil,IN,10.0,0,0.0,1
2026-04-17 08:06:11,"0144 - Elk Run Height, IA",Diesel,Elk Run Height,IA,41.0,0,0.0,4
2026-04-17 08:06:11,"0144 - Elk Run Height, IA",Unlead,Elk Run Height,IA,0.0,0,0.0,2
2026-04-17 08:06:11,"0145 - Fenton, MO",Diesel,Fenton,MO,53.0,0,0.0,2
2026-04-17 08:06:11,"0145 - Fenton, MO",Unlead,Fenton,MO,68.0,0,0.0,1
2026-04-17 08:06:11,"0157 - Okawville, IL",Diesel,Okawville,IL,0.0,0,0.0,3
2026-04-17 08:06:11,"0157 - Okawville, IL",Unlead,Okawville,IL,18.976000000000568,0,0.0,1
2026-04-17 08:06:11,"0181 - Springfield, IL",Diesel,Springfield,IL,213.54199999999946,0,0.0,3
2026-04-17 08:06:11,"0181 - Springfield, IL",Unlead,Springfield,IL,22.508499999999913,0,0.0,1
2026-04-17 08:06:11,"0185 - McLean, IL",Diesel,McLean,IL,41.621000000001004,0,0.0,4
2026-04-17 08:06:11,"0185 - McLean, IL",Unlead,McLean,IL,46.53770000000077,0,0.0,1
2026-04-17 08:06:11,"0186 - Minonk, IL",Diesel,Minonk,IL,0.0,0,0.0,3
2026-04-17 08:06:11,"0186 - Minonk, IL",Unlead,Minonk,IL,0.0,0,0.0,1
2026-04-17 08:06:11,"0187 - Chicago, IL",Diesel,Chicago,IL,0.0,0,0.0,3
2026-04-17 08:06:11,"0187 - Chicago, IL",Unlead,Chicago,IL,38.02549999999974,0,0.0,1
2026-04-17 08:06:11,"0203 - Rockford, IL",Diesel,Rockford,IL,66.16299999999865,0,0.0,1
2026-04-17 08:06:11,"0203 - Rockford, IL",Unlead,Rockford,IL,17.08930000000055,0,0.0,1
2026-04-17 08:06:11,"0205 - South Beloit, IL",Diesel,South Beloit,IL,135.0,0,0.0,3
2026-04-17 08:06:11,"0205 - South Beloit, IL",Unlead,South Beloit,IL,34.0,0,0.0,1
2026-04-17 08:06:11,"0206 - Winnebago, IL",Diesel,Winnebago,IL,26.0,0,0.0,1
2026-04-17 08:06:11,"0206 - Winnebago, IL",Unlead,Winnebago,IL,80.0,0,0.0,1
2026-04-17 08:06:11,"0209 - Oakdale, WI",Diesel,Oakdale,WI,0.0,0,0.0,3
2026-04-17 08:06:11,"0209 - Oakdale, WI",Unlead,Oakdale,WI,15.0,0,0.0,1
2026-04-17 08:06:11,"0210 - Rochelle, IL",Diesel,Rochelle,IL,0.0,0,0.0,3
2026-04-17 08:06:11,"0210 - Rochelle, IL",Unlead,Rochelle,IL,0.0,1,2462.0,1
2026-04-17 08:06:11,"0211 - Loves Park, IL",Diesel,Loves Park,IL,0.0,0,0.0,1
2026-04-17 08:06:11,"0211 - Loves Park, IL",Unlead,Loves Park,IL,26.0,0,0.0,1
2026-04-17 08:06:11,"0225 - Princeton, IL",Diesel,Princeton,IL,79.0,0,0.0,4
2026-04-17 08:06:11,"0225 - Princeton, IL",Unlead,Princeton,IL,7.0,0,0.0,2
2026-04-17 08:06:11,"0226 - Greenwood, IN",Diesel,Greenwood,IN,0.0,0,0.0,2
2026-04-17 08:06:11,"0226 - Greenwood, IN",Unlead,Greenwood,IN,62.0,0,0.0,2
2026-04-17 08:06:11,"0235 - Hampshire, IL",Diesel,Hampshire,IL,30.0,0,0.0,2
2026-04-17 08:06:11,"0235 - Hampshire, IL",Unlead,Hampshire,IL,40.0,0,0.0,2
2026-04-17 08:06:11,"0236 - East Troy, WI",Diesel,East Troy,WI,0.0,0,0.0,2
2026-04-17 08:06:11,"0236 - East Troy, WI",Unlead,East Troy,WI,34.0,0,0.0,1
2026-04-17 08:06:11,"0240 - Lake Station, IN",Diesel,Lake Station,IN,23.0,0,0.0,5
2026-04-17 08:06:11,"0240 - Lake Station, IN",Unlead,Lake Station,IN,43.0,0,0.0,2
2026-04-17 08:06:11,"0242 - St Robert, MO",Diesel,St Robert,MO,147.38599999999678,0,0.0,4
2026-04-17 08:06:11,"0263 - Ottawa, IL",Diesel,Ottawa,IL,206.0,0,0.0,3
2026-04-17 08:06:11,"0263 - Ottawa, IL",Unlead,Ottawa,IL,10.0,0,0.0,1
2026-04-17 08:06:11,"0265 - Dixon, IL",Diesel,Dixon,IL,80.92299999999886,0,0.0,3
2026-04-17 08:06:11,"0265 - Dixon, IL",Unlead,Dixon,IL,9.438999999998487,0,0.0,1
2026-04-17 08:06:11,"0266 - New Berlin, IL",Diesel,New Berlin,IL,0.0,0,0.0,3
2026-04-17 08:06:11,"0266 - New Berlin, IL",Unlead,New Berlin,IL,44.33179999999993,0,0.0,1
2026-04-17 08:06:11,"0267 - Pharr, TX",Diesel,Pharr,TX,285.0,0,0.0,4
2026-04-17 08:06:11,"0267 - Pharr, TX",Unlead,Pharr,TX,45.0,0,0.0,1
2026-04-17 08:06:11,"0268 - Grayville, IL",Diesel,Grayville,IL,53.0,0,0.0,3
2026-04-17 08:06:11,"0268 - Grayville, IL",Unlead,Grayville,IL,14.0,0,0.0,1
2026-04-17 08:06:11,"0269 - Marshall, IL",Diesel,Marshall,IL,49.0,0,0.0,3
2026-04-17 08:06:11,"0269 - Marshall, IL",Unlead,Marshall,IL,42.0,0,0.0,1
2026-04-17 08:06:11,"0270 - Moore, TX",Diesel,Moore,TX,62.0,0,0.0,3
2026-04-17 08:06:11,"0270 - Moore, TX",Unlead,Moore,TX,88.0,0,0.0,1
2026-04-17 08:06:11,"0271 - Odessa, TX",Diesel,Odessa,TX,39.873999999999796,0,0.0,3
2026-04-17 08:06:11,"0271 - Odessa, TX",Unlead,Odessa,TX,54.697000000000116,0,0.0,1
2026-04-17 08:06:11,"0272 - Encinal, TX",Diesel,Encinal,TX,161.62499999999818,0,0.0,3
2026-04-17 08:06:11,"0272 - Encinal, TX",Unlead,Encinal,TX,20.691000000000713,0,0.0,1
2026-04-17 08:06:11,"0273 - Combes, TX",Diesel,Combes,TX,0.0,0,0.0,3
2026-04-17 08:06:11,"0273 - Combes, TX",Unlead,Combes,TX,54.03229999999985,0,0.0,1
2026-04-17 08:06:11,"0275 - Sonora, TX",Diesel,Sonora,TX,201.52800000000025,0,0.0,3
2026-04-17 08:06:11,"0275 - Sonora, TX",Unlead,Sonora,TX,0.0,1,4986.6855000000005,1
2026-04-17 08:06:11,"0276 - Waco, TX",Diesel,Waco,TX,388.4400000000005,0,0.0,3
2026-04-17 08:06:11,"0276 - Waco, TX",Unlead,Waco,TX,87.8739999999998,0,0.0,1
2026-04-17 08:06:11,"0277 - New Boston, TX",Diesel,New Boston,TX,0.0,0,0.0,3
2026-04-17 08:06:11,"0277 - New Boston, TX",Unlead,New Boston,TX,50.225000000000364,0,0.0,1
2026-04-17 08:06:11,"0278 - Brinkley, AR",Diesel,Brinkley,AR,320.9400000000005,0,0.0,3
2026-04-17 08:06:11,"0278 - Brinkley, AR",Unlead,Brinkley,AR,8.141999999999825,0,0.0,1
2026-04-17 08:06:11,"0279 - Marion, IL",Diesel,Marion,IL,10.50799999999981,0,0.0,3
2026-04-17 08:06:11,"0279 - Marion, IL",Unlead,Marion,IL,129.17499999999927,0,0.0,1
2026-04-17 08:06:11,"0280 - Monahans, TX",Diesel,Monahans,TX,0.0,0,0.0,3
2026-04-17 08:06:11,"0280 - Monahans, TX",Unlead,Monahans,TX,0.0,0,0.0,1
2026-04-17 08:06:11,"0281 - Cisco, TX",Diesel,Cisco,TX,321.34599999999955,0,0.0,3
2026-04-17 08:06:11,"0281 - Cisco, TX",Unlead,Cisco,TX,37.867999999998574,0,0.0,1
2026-04-17 08:06:11,"0282 - Gainesville, TX",Diesel,Gainesville,TX,0.0,0,0.0,3
2026-04-17 08:06:11,"0282 - Gainesville, TX",Unlead,Gainesville,TX,24.284999999999854,0,0.0,1
2026-04-17 08:06:11,"0283 - Sealy, TX",Diesel,Sealy,TX,105.30400000000009,1,2720.336000000001,3
2026-04-17 08:06:11,"0283 - Sealy, TX",Unlead,Sealy,TX,0.0,0,0.0,1
2026-04-17 08:06:11,"0284 - New Deal, TX",Diesel,New Deal,TX,0.0,0,0.0,3
2026-04-17 08:06:11,"0284 - New Deal, TX",Unlead,New Deal,TX,0.0,1,582.5739999999987,1
2026-04-17 08:06:11,"0285 - Seguin, TX",Diesel,Seguin,TX,196.77699999999822,0,0.0,3
2026-04-17 08:06:11,"0285 - Seguin, TX",Unlead,Seguin,TX,34.52599999999984,0,0.0,1
2026-04-17 08:06:11,"0286 - Amarillo, TX",Diesel,Amarillo,TX,169.95800000000054,0,0.0,3
2026-04-17 08:06:11,"0286 - Amarillo, TX",Unlead,Amarillo,TX,2.823999999998705,0,0.0,1
2026-04-17 08:06:11,"0287 - Burbonnais, IL",Diesel,Burbonnais,IL,57.24649999999929,0,0.0,3
2026-04-17 08:06:11,"0287 - Burbonnais, IL",Unlead,Burbonnais,IL,63.759000000000015,0,0.0,1
2026-04-17 08:06:11,"0289 - Teague, TX",Diesel,Teague,TX,281.7659999999996,0,0.0,3
2026-04-17 08:06:11,"0289 - Teague, TX",Unlead,Teague,TX,21.177999999999884,0,0.0,1
2026-04-17 08:06:11,"0290 - Joplin, MO",Diesel,Joplin,MO,6.687000000001717,0,0.0,3
2026-04-17 08:06:11,"0290 - Joplin, MO",Unlead,Joplin,MO,35.873999999999796,0,0.0,1
2026-04-17 08:06:11,"0312 - Vidor, TX",Diesel,Vidor,TX,0.0,0,0.0,3
2026-04-17 08:06:11,"0312 - Vidor, TX",Unlead,Vidor,TX,7.0049999999992,0,0.0,1
2026-04-17 08:06:11,"0315 - Laredo, TX",Diesel,Laredo,TX,32.20800000000054,0,0.0,3
2026-04-17 08:06:11,"0315 - Laredo, TX",Unlead,Laredo,TX,0.0,0,0.0,1
2026-04-17 08:06:11,"0319 - Milford, TX",Diesel,Milford,TX,0.0,0,0.0,3
2026-04-17 08:06:11,"0319 - Milford, TX",Unlead,Milford,TX,84.03800000000047,0,0.0,1
2026-04-17 08:06:11,"0323 - Canton, TX",Diesel,Canton,TX,8.251000000000204,0,0.0,3
2026-04-17 08:06:11,"0323 - Canton, TX",Unlead,Canton,TX,103.1359999999986,0,0.0,1
2026-04-17 08:21:16,"0118 - Springfield, IL",Diesel,Springfield,IL,170.0,0,0.0,3
2026-04-17 08:21:16,"0118 - Springfield, IL",Unlead,Springfield,IL,42.0,0,0.0,1
2026-04-17 08:21:16,"0132 - Champaign, IL",Diesel,Champaign,IL,0.0,0,0.0,3
2026-04-17 08:21:16,"0132 - Champaign, IL",Unlead,Champaign,IL,23.085000000000946,0,0.0,1
2026-04-17 08:21:16,"0136 - Cottage Grove, WI",Diesel,Cottage Grove,WI,82.77700000000004,0,0.0,2
2026-04-17 08:21:16,"0136 - Cottage Grove, WI",Unlead,Cottage Grove,WI,0.0,0,0.0,1
2026-04-17 08:21:16,"0139 - Tuscola, IL",Diesel,Tuscola,IL,79.0,0,0.0,1
2026-04-17 08:21:16,"0139 - Tuscola, IL",Unlead,Tuscola,IL,12.0,0,0.0,2
2026-04-17 08:21:16,"0140 - Mendota, IL",Diesel,Mendota,IL,36.0,0,0.0,2
2026-04-17 08:21:16,"0140 - Mendota, IL",Unlead,Mendota,IL,22.0,0,0.0,2
2026-04-17 08:21:16,"0141 - Brazil, IN",Diesel,Brazil,IN,186.9354999999996,0,0.0,4
2026-04-17 08:21:16,"0141 - Brazil, IN",Unlead,Brazil,IN,49.0,0,0.0,1
2026-04-17 08:21:16,"0144 - Elk Run Height, IA",Diesel,Elk Run Height,IA,9.0,2,5599.0,4
2026-04-17 08:21:16,"0144 - Elk Run Height, IA",Unlead,Elk Run Height,IA,13.82589999999982,0,0.0,2
2026-04-17 08:21:16,"0145 - Fenton, MO",Diesel,Fenton,MO,0.0,0,0.0,2
2026-04-17 08:21:16,"0145 - Fenton, MO",Unlead,Fenton,MO,45.0,0,0.0,1
2026-04-17 08:21:16,"0157 - Okawville, IL",Diesel,Okawville,IL,0.0,0,0.0,3
2026-04-17 08:21:16,"0157 - Okawville, IL",Unlead,Okawville,IL,0.0,0,0.0,1
2026-04-17 08:21:16,"0181 - Springfield, IL",Diesel,Springfield,IL,131.69200000000092,0,0.0,3
2026-04-17 08:21:16,"0181 - Springfield, IL",Unlead,Springfield,IL,91.79200000000037,0,0.0,1
2026-04-17 08:21:16,"0185 - McLean, IL",Diesel,McLean,IL,94.83749999999964,0,0.0,4
2026-04-17 08:21:16,"0185 - McLean, IL",Unlead,McLean,IL,16.95550000000003,0,0.0,1
2026-04-17 08:21:16,"0186 - Minonk, IL",Diesel,Minonk,IL,151.3655000000008,0,0.0,3
2026-04-17 08:21:16,"0186 - Minonk, IL",Unlead,Minonk,IL,15.112599999999475,0,0.0,1
2026-04-17 08:21:16,"0187 - Chicago, IL",Diesel,Chicago,IL,0.0,0,0.0,3
2026-04-17 08:21:16,"0187 - Chicago, IL",Unlead,Chicago,IL,5.383499999999913,0,0.0,1
2026-04-17 08:21:16,"0203 - Rockford, IL",Diesel,Rockford,IL,75.93000000000029,0,0.0,1
2026-04-17 08:21:16,"0203 - Rockford, IL",Unlead,Rockford,IL,10.19629999999961,0,0.0,1
2026-04-17 08:21:16,"0205 - South Beloit, IL",Diesel,South Beloit,IL,0.0,0,0.0,3
2026-04-17 08:21:16,"0205 - South Beloit, IL",Unlead,South Beloit,IL,57.0,0,0.0,1
2026-04-17 08:21:16,"0206 - Winnebago, IL",Diesel,Winnebago,IL,0.0,0,0.0,1
2026-04-17 08:21:16,"0206 - Winnebago, IL",Unlead,Winnebago,IL,50.0,0,0.0,1
2026-04-17 08:21:16,"0209 - Oakdale, WI",Diesel,Oakdale,WI,240.0,0,0.0,3
2026-04-17 08:21:16,"0209 - Oakdale, WI",Unlead,Oakdale,WI,8.0,0,0.0,1
2026-04-17 08:21:16,"0210 - Rochelle, IL",Diesel,Rochelle,IL,189.0,0,0.0,3
2026-04-17 08:21:16,"0210 - Rochelle, IL",Unlead,Rochelle,IL,74.0,0,0.0,1
2026-04-17 08:21:16,"0211 - Loves Park, IL",Diesel,Loves Park,IL,41.0,0,0.0,1
2026-04-17 08:21:16,"0211 - Loves Park, IL",Unlead,Loves Park,IL,25.0,0,0.0,1
2026-04-17 08:21:16,"0225 - Princeton, IL",Diesel,Princeton,IL,25.0,0,0.0,4
2026-04-17 08:21:16,"0225 - Princeton, IL",Unlead,Princeton,IL,28.0,0,0.0,2
2026-04-17 08:21:16,"0226 - Greenwood, IN",Diesel,Greenwood,IN,0.0,0,0.0,2
2026-04-17 08:21:16,"0226 - Greenwood, IN",Unlead,Greenwood,IN,33.0,0,0.0,2
2026-04-17 08:21:16,"0235 - Hampshire, IL",Diesel,Hampshire,IL,0.0,0,0.0,2
2026-04-17 08:21:16,"0235 - Hampshire, IL",Unlead,Hampshire,IL,77.0,0,0.0,2
2026-04-17 08:21:16,"0236 - East Troy, WI",Diesel,East Troy,WI,6.0,0,0.0,2
2026-04-17 08:21:16,"0236 - East Troy, WI",Unlead,East Troy,WI,0.0,0,0.0,1
2026-04-17 08:21:16,"0240 - Lake Station, IN",Diesel,Lake Station,IN,74.0,0,0.0,5
2026-04-17 08:21:16,"0240 - Lake Station, IN",Unlead,Lake Station,IN,6.0,0,0.0,2
2026-04-17 08:21:16,"0242 - St Robert, MO",Diesel,St Robert,MO,24.709000000000742,0,0.0,4
2026-04-17 08:21:16,"0263 - Ottawa, IL",Diesel,Ottawa,IL,151.0,0,0.0,3
2026-04-17 08:21:16,"0263 - Ottawa, IL",Unlead,Ottawa,IL,41.0,0,0.0,1
2026-04-17 08:21:16,"0265 - Dixon, IL",Diesel,Dixon,IL,6.539000000000669,0,0.0,3
2026-04-17 08:21:16,"0265 - Dixon, IL",Unlead,Dixon,IL,0.0,0,0.0,1
2026-04-17 08:21:16,"0266 - New Berlin, IL",Diesel,New Berlin,IL,94.0,0,0.0,3
2026-04-17 08:21:16,"0266 - New Berlin, IL",Unlead,New Berlin,IL,69.83800000000019,0,0.0,1
2026-04-17 08:21:16,"0267 - Pharr, TX",Diesel,Pharr,TX,384.0,0,0.0,4
2026-04-17 08:21:16,"0267 - Pharr, TX",Unlead,Pharr,TX,23.0,0,0.0,1
2026-04-17 08:21:16,"0268 - Grayville, IL",Diesel,Grayville,IL,0.0,0,0.0,3
2026-04-17 08:21:16,"0268 - Grayville, IL",Unlead,Grayville,IL,10.0,0,0.0,1
2026-04-17 08:21:16,"0269 - Marshall, IL",Diesel,Marshall,IL,152.0,0,0.0,3
2026-04-17 08:21:16,"0269 - Marshall, IL",Unlead,Marshall,IL,16.0,0,0.0,1
2026-04-17 08:21:16,"0270 - Moore, TX",Diesel,Moore,TX,115.0,0,0.0,3
2026-04-17 08:21:16,"0270 - Moore, TX",Unlead,Moore,TX,53.0,0,0.0,1
2026-04-17 08:21:16,"0271 - Odessa, TX",Diesel,Odessa,TX,189.53400000000147,0,0.0,3
2026-04-17 08:21:16,"0271 - Odessa, TX",Unlead,Odessa,TX,85.94300000000112,0,0.0,1
2026-04-17 08:21:16,"0272 - Encinal, TX",Diesel,Encinal,TX,71.21600000000035,0,0.0,3
2026-04-17 08:21:16,"0272 - Encinal, TX",Unlead,Encinal,TX,14.751999999998588,0,0.0,1
2026-04-17 08:21:16,"0273 - Combes, TX",Diesel,Combes,TX,24.384000000000015,0,0.0,3
2026-04-17 08:21:16,"0273 - Combes, TX",Unlead,Combes,TX,0.0,1,4967.373999999999,1
2026-04-17 08:21:16,"0275 - Sonora, TX",Diesel,Sonora,TX,117.32459999999901,0,0.0,3
2026-04-17 08:21:16,"0275 - Sonora, TX",Unlead,Sonora,TX,0.0,1,3175.0419999999995,1
2026-04-17 08:21:16,"0276 - Waco, TX",Diesel,Waco,TX,176.06300000000374,0,0.0,3
2026-04-17 08:21:16,"0276 - Waco, TX",Unlead,Waco,TX,47.15600000000086,0,0.0,1
2026-04-17 08:21:16,"0277 - New Boston, TX",Diesel,New Boston,TX,0.0,0,0.0,3
2026-04-17 08:21:16,"0277 - New Boston, TX",Unlead,New Boston,TX,16.725000000000364,0,0.0,1
2026-04-17 08:21:16,"0278 - Brinkley, AR",Diesel,Brinkley,AR,87.628999999999,0,0.0,3
2026-04-17 08:21:16,"0278 - Brinkley, AR",Unlead,Brinkley,AR,29.381999999999607,0,0.0,1
2026-04-17 08:21:16,"0279 - Marion, IL",Diesel,Marion,IL,0.0,0,0.0,3
2026-04-17 08:21:16,"0279 - Marion, IL",Unlead,Marion,IL,16.637000000000626,0,0.0,1
2026-04-17 08:21:16,"0280 - Monahans, TX",Diesel,Monahans,TX,0.0,0,0.0,3
2026-04-17 08:21:16,"0280 - Monahans, TX",Unlead,Monahans,TX,0.0,0,0.0,1
2026-04-17 08:21:16,"0281 - Cisco, TX",Diesel,Cisco,TX,119.13400000000001,0,0.0,3
2026-04-17 08:21:16,"0281 - Cisco, TX",Unlead,Cisco,TX,24.72200000000157,0,0.0,1
2026-04-17 08:21:16,"0282 - Gainesville, TX",Diesel,Gainesville,TX,82.73650000000089,0,0.0,3
2026-04-17 08:21:16,"0282 - Gainesville, TX",Unlead,Gainesville,TX,22.175999999999476,0,0.0,1
2026-04-17 08:21:16,"0283 - Sealy, TX",Diesel,Sealy,TX,66.4890000000014,1,3499.4940000000006,3
2026-04-17 08:21:16,"0283 - Sealy, TX",Unlead,Sealy,TX,30.193999999999505,0,0.0,1
2026-04-17 08:21:16,"0284 - New Deal, TX",Diesel,New Deal,TX,5.0789999999997235,0,0.0,3
2026-04-17 08:21:16,"0284 - New Deal, TX",Unlead,New Deal,TX,12.197000000000116,0,0.0,1
2026-04-17 08:21:16,"0285 - Seguin, TX",Diesel,Seguin,TX,114.68700000000172,0,0.0,3
2026-04-17 08:21:16,"0285 - Seguin, TX",Unlead,Seguin,TX,2.6630000000004657,0,0.0,1
2026-04-17 08:21:16,"0286 - Amarillo, TX",Diesel,Amarillo,TX,0.0,0,0.0,3
2026-04-17 08:21:16,"0286 - Amarillo, TX",Unlead,Amarillo,TX,0.0,0,0.0,1
2026-04-17 08:21:16,"0287 - Burbonnais, IL",Diesel,Burbonnais,IL,0.0,0,0.0,3
2026-04-17 08:21:16,"0287 - Burbonnais, IL",Unlead,Burbonnais,IL,56.49300000000039,0,0.0,1
2026-04-17 08:21:16,"0289 - Teague, TX",Diesel,Teague,TX,0.0,0,0.0,3
2026-04-17 08:21:16,"0289 - Teague, TX",Unlead,Teague,TX,71.26400000000103,0,0.0,1
2026-04-17 08:21:16,"0290 - Joplin, MO",Diesel,Joplin,MO,194.7079999999969,0,0.0,3
2026-04-17 08:21:16,"0290 - Joplin, MO",Unlead,Joplin,MO,32.75800000000163,0,0.0,1
2026-04-17 08:21:16,"0312 - Vidor, TX",Diesel,Vidor,TX,30.918000000001484,0,0.0,3
2026-04-17 08:21:16,"0312 - Vidor, TX",Unlead,Vidor,TX,23.77900000000045,0,0.0,1
2026-04-17 08:21:16,"0315 - Laredo, TX",Diesel,Laredo,TX,95.77700000000004,0,0.0,3
2026-04-17 08:21:16,"0315 - Laredo, TX",Unlead,Laredo,TX,26.087999999999738,0,0.0,1
2026-04-17 08:21:16,"0319 - Milford, TX",Diesel,Milford,TX,0.0,0,0.0,3
2026-04-17 08:21:16,"0319 - Milford, TX",Unlead,Milford,TX,51.27299999999923,0,0.0,1
2026-04-17 08:21:16,"0323 - Canton, TX",Diesel,Canton,TX,0.0,0,0.0,3
2026-04-17 08:21:16,"0323 - Canton, TX",Unlead,Canton,TX,39.8650000000016,0,0.0,1
2026-04-17 08:36:17,"0118 - Springfield, IL",Diesel,Springfield,IL,97.0,0,0.0,3
2026-04-17 08:36:17,"0118 - Springfield, IL",Unlead,Springfield,IL,52.0,0,0.0,1
2026-04-17 08:36:17,"0132 - Champaign, IL",Diesel,Champaign,IL,0.0,0,0.0,3
2026-04-17 08:36:17,"0132 - Champaign, IL",Unlead,Champaign,IL,22.909999999999854,0,0.0,1
2026-04-17 08:36:17,"0136 - Cottage Grove, WI",Diesel,Cottage Grove,WI,81.86299999999983,0,0.0,2
2026-04-17 08:36:17,"0136 - Cottage Grove, WI",Unlead,Cottage Grove,WI,36.85900000000038,0,0.0,1
2026-04-17 08:36:17,"0139 - Tuscola, IL",Diesel,Tuscola,IL,0.0,0,0.0,1
2026-04-17 08:36:17,"0139 - Tuscola, IL",Unlead,Tuscola,IL,0.0,0,0.0,2
2026-04-17 08:36:17,"0140 - Mendota, IL",Diesel,Mendota,IL,88.0,0,0.0,2
2026-04-17 08:36:17,"0140 - Mendota, IL",Unlead,Mendota,IL,5.0,0,0.0,2
2026-04-17 08:36:17,"0141 - Brazil, IN",Diesel,Brazil,IN,35.15060000000085,0,0.0,4
2026-04-17 08:36:17,"0141 - Brazil, IN",Unlead,Brazil,IN,92.0,0,0.0,1
2026-04-17 08:36:17,"0144 - Elk Run Height, IA",Diesel,Elk Run Height,IA,20.0,2,1966.0,4
2026-04-17 08:36:17,"0144 - Elk Run Height, IA",Unlead,Elk Run Height,IA,0.0,0,0.0,2
2026-04-17 08:36:17,"0145 - Fenton, MO",Diesel,Fenton,MO,178.0,0,0.0,2
2026-04-17 08:36:17,"0145 - Fenton, MO",Unlead,Fenton,MO,79.0,0,0.0,1
2026-04-17 08:36:17,"0157 - Okawville, IL",Diesel,Okawville,IL,0.0,0,0.0,3
2026-04-17 08:36:17,"0157 - Okawville, IL",Unlead,Okawville,IL,15.727000000000771,0,0.0,1
2026-04-17 08:36:17,"0181 - Springfield, IL",Diesel,Springfield,IL,51.722999999999956,0,0.0,3
2026-04-17 08:36:17,"0181 - Springfield, IL",Unlead,Springfield,IL,18.578099999999722,0,0.0,1
2026-04-17 08:36:17,"0185 - McLean, IL",Diesel,McLean,IL,145.80099999999766,0,0.0,4
2026-04-17 08:36:17,"0185 - McLean, IL",Unlead,McLean,IL,12.315499999999702,0,0.0,1
2026-04-17 08:36:17,"0186 - Minonk, IL",Diesel,Minonk,IL,247.3831999999993,0,0.0,3
2026-04-17 08:36:17,"0186 - Minonk, IL",Unlead,Minonk,IL,75.96240000000034,0,0.0,1
2026-04-17 08:36:17,"0187 - Chicago, IL",Diesel,Chicago,IL,0.0,0,0.0,3
2026-04-17 08:36:17,"0187 - Chicago, IL",Unlead,Chicago,IL,24.355000000000473,0,0.0,1
2026-04-17 08:36:17,"0203 - Rockford, IL",Diesel,Rockford,IL,58.582000000000335,0,0.0,1
2026-04-17 08:36:17,"0203 - Rockford, IL",Unlead,Rockford,IL,15.041699999999764,0,0.0,1
2026-04-17 08:36:17,"0205 - South Beloit, IL",Diesel,South Beloit,IL,0.0,0,0.0,3
2026-04-17 08:36:17,"0205 - South Beloit, IL",Unlead,South Beloit,IL,20.0,0,0.0,1
2026-04-17 08:36:17,"0206 - Winnebago, IL",Diesel,Winnebago,IL,0.0,0,0.0,1
2026-04-17 08:36:17,"0206 - Winnebago, IL",Unlead,Winnebago,IL,29.0,0,0.0,1
2026-04-17 08:36:17,"0209 - Oakdale, WI",Diesel,Oakdale,WI,0.0,0,0.0,3
2026-04-17 08:36:17,"0209 - Oakdale, WI",Unlead,Oakdale,WI,7.0,0,0.0,1
2026-04-17 08:36:17,"0210 - Rochelle, IL",Diesel,Rochelle,IL,91.0,0,0.0,3
2026-04-17 08:36:17,"0210 - Rochelle, IL",Unlead,Rochelle,IL,43.0,0,0.0,1
2026-04-17 08:36:17,"0211 - Loves Park, IL",Diesel,Loves Park,IL,0.0,0,0.0,1
2026-04-17 08:36:17,"0211 - Loves Park, IL",Unlead,Loves Park,IL,0.0,0,0.0,1
2026-04-17 08:36:17,"0225 - Princeton, IL",Diesel,Princeton,IL,243.0,0,0.0,4
2026-04-17 08:36:17,"0225 - Princeton, IL",Unlead,Princeton,IL,0.0,0,0.0,2
2026-04-17 08:36:17,"0226 - Greenwood, IN",Diesel,Greenwood,IN,28.0,1,408.0,2
2026-04-17 08:36:17,"0226 - Greenwood, IN",Unlead,Greenwood,IN,45.0,0,0.0,2
2026-04-17 08:36:17,"0235 - Hampshire, IL",Diesel,Hampshire,IL,15.0,0,0.0,2
2026-04-17 08:36:17,"0235 - Hampshire, IL",Unlead,Hampshire,IL,39.0,0,0.0,2
2026-04-17 08:36:17,"0236 - East Troy, WI",Diesel,East Troy,WI,17.0,0,0.0,2
2026-04-17 08:36:17,"0236 - East Troy, WI",Unlead,East Troy,WI,0.0,0,0.0,1
2026-04-17 08:36:17,"0240 - Lake Station, IN",Diesel,Lake Station,IN,189.0,0,0.0,5
2026-04-17 08:36:17,"0240 - Lake Station, IN",Unlead,Lake Station,IN,25.0,0,0.0,2
2026-04-17 08:36:17,"0242 - St Robert, MO",Diesel,St Robert,MO,0.0,0,0.0,4
2026-04-17 08:36:17,"0263 - Ottawa, IL",Diesel,Ottawa,IL,30.0,0,0.0,3
2026-04-17 08:36:17,"0263 - Ottawa, IL",Unlead,Ottawa,IL,10.0,0,0.0,1
2026-04-17 08:36:17,"0265 - Dixon, IL",Diesel,Dixon,IL,39.67999999999665,0,0.0,3
2026-04-17 08:36:17,"0265 - Dixon, IL",Unlead,Dixon,IL,6.200999999999112,0,0.0,1
2026-04-17 08:36:17,"0266 - New Berlin, IL",Diesel,New Berlin,IL,5.0,0,0.0,3
2026-04-17 08:36:17,"0266 - New Berlin, IL",Unlead,New Berlin,IL,13.63949999999977,0,0.0,1
2026-04-17 08:36:17,"0267 - Pharr, TX",Diesel,Pharr,TX,263.0,0,0.0,4
2026-04-17 08:36:17,"0267 - Pharr, TX",Unlead,Pharr,TX,31.0,0,0.0,1
2026-04-17 08:36:17,"0268 - Grayville, IL",Diesel,Grayville,IL,73.0,0,0.0,3
2026-04-17 08:36:17,"0268 - Grayville, IL",Unlead,Grayville,IL,18.0,0,0.0,1
2026-04-17 08:36:17,"0269 - Marshall, IL",Diesel,Marshall,IL,0.0,0,0.0,3
2026-04-17 08:36:17,"0269 - Marshall, IL",Unlead,Marshall,IL,20.0,0,0.0,1
2026-04-17 08:36:17,"0270 - Moore, TX",Diesel,Moore,TX,118.0,0,0.0,3
2026-04-17 08:36:17,"0270 - Moore, TX",Unlead,Moore,TX,78.0,0,0.0,1
2026-04-17 08:36:17,"0271 - Odessa, TX",Diesel,Odessa,TX,18.64799999999923,0,0.0,3
2026-04-17 08:36:17,"0271 - Odessa, TX",Unlead,Odessa,TX,18.903000000000247,0,0.0,1
2026-04-17 08:36:17,"0272 - Encinal, TX",Diesel,Encinal,TX,146.39899999999943,0,0.0,3
2026-04-17 08:36:17,"0272 - Encinal, TX",Unlead,Encinal,TX,83.54400000000169,0,0.0,1
2026-04-17 08:36:17,"0273 - Combes, TX",Diesel,Combes,TX,9.356999999999971,0,0.0,3
2026-04-17 08:36:17,"0273 - Combes, TX",Unlead,Combes,TX,0.0,1,3498.756000000001,1
2026-04-17 08:36:17,"0275 - Sonora, TX",Diesel,Sonora,TX,274.8784000000014,0,0.0,3
2026-04-17 08:36:17,"0275 - Sonora, TX",Unlead,Sonora,TX,41.82799999999952,0,0.0,1
2026-04-17 08:36:17,"0276 - Waco, TX",Diesel,Waco,TX,452.60199999999895,0,0.0,3
2026-04-17 08:36:17,"0276 - Waco, TX",Unlead,Waco,TX,0.0,0,0.0,1
2026-04-17 08:36:17,"0277 - New Boston, TX",Diesel,New Boston,TX,65.40999999999985,0,0.0,3
2026-04-17 08:36:17,"0277 - New Boston, TX",Unlead,New Boston,TX,23.89600000000064,0,0.0,1
2026-04-17 08:36:17,"0278 - Brinkley, AR",Diesel,Brinkley,AR,313.3040000000019,0,0.0,3
2026-04-17 08:36:17,"0278 - Brinkley, AR",Unlead,Brinkley,AR,19.528000000000247,0,0.0,1
2026-04-17 08:36:17,"0279 - Marion, IL",Diesel,Marion,IL,96.02199999999903,0,0.0,3
2026-04-17 08:36:17,"0279 - Marion, IL",Unlead,Marion,IL,95.41100000000006,0,0.0,1
2026-04-17 08:36:17,"0280 - Monahans, TX",Diesel,Monahans,TX,0.0,0,0.0,3
2026-04-17 08:36:17,"0280 - Monahans, TX",Unlead,Monahans,TX,0.0,0,0.0,1
2026-04-17 08:36:17,"0281 - Cisco, TX",Diesel,Cisco,TX,268.1040000000012,0,0.0,3
2026-04-17 08:36:17,"0281 - Cisco, TX",Unlead,Cisco,TX,39.12299999999959,0,0.0,1
2026-04-17 08:36:17,"0282 - Gainesville, TX",Diesel,Gainesville,TX,0.0,0,0.0,3
2026-04-17 08:36:17,"0282 - Gainesville, TX",Unlead,Gainesville,TX,23.54449999999997,0,0.0,1
2026-04-17 08:36:17,"0283 - Sealy, TX",Diesel,Sealy,TX,61.550999999999476,1,245.57699999999932,3
2026-04-17 08:36:17,"0283 - Sealy, TX",Unlead,Sealy,TX,3.5650000000005093,0,0.0,1
2026-04-17 08:36:17,"0284 - New Deal, TX",Diesel,New Deal,TX,0.0,0,0.0,3
2026-04-17 08:36:17,"0284 - New Deal, TX",Unlead,New Deal,TX,24.378999999997177,0,0.0,1
2026-04-17 08:36:17,"0285 - Seguin, TX",Diesel,Seguin,TX,98.45899999999892,0,0.0,3
2026-04-17 08:36:17,"0285 - Seguin, TX",Unlead,Seguin,TX,91.35900000000038,0,0.0,1
2026-04-17 08:36:17,"0286 - Amarillo, TX",Diesel,Amarillo,TX,0.0,0,0.0,3
2026-04-17 08:36:17,"0286 - Amarillo, TX",Unlead,Amarillo,TX,0.0,0,0.0,1
2026-04-17 08:36:17,"0287 - Burbonnais, IL",Diesel,Burbonnais,IL,177.60999999999876,0,0.0,3
2026-04-17 08:36:17,"0287 - Burbonnais, IL",Unlead,Burbonnais,IL,92.0630000000001,0,0.0,1
2026-04-17 08:36:17,"0289 - Teague, TX",Diesel,Teague,TX,183.01100000000042,0,0.0,3
2026-04-17 08:36:17,"0289 - Teague, TX",Unlead,Teague,TX,50.26499999999942,0,0.0,1
2026-04-17 08:36:17,"0290 - Joplin, MO",Diesel,Joplin,MO,241.52899999999863,0,0.0,3
2026-04-17 08:36:17,"0290 - Joplin, MO",Unlead,Joplin,MO,13.583999999998923,0,0.0,1
2026-04-17 08:36:17,"0312 - Vidor, TX",Diesel,Vidor,TX,130.3834999999999,0,0.0,3
2026-04-17 08:36:17,"0312 - Vidor, TX",Unlead,Vidor,TX,36.96799999999894,0,0.0,1
2026-04-17 08:36:17,"0315 - Laredo, TX",Diesel,Laredo,TX,222.5619999999999,0,0.0,3
2026-04-17 08:36:17,"0315 - Laredo, TX",Unlead,Laredo,TX,11.174000000000888,0,0.0,1
2026-04-17 08:36:17,"0319 - Milford, TX",Diesel,Milford,TX,82.41899999999987,0,0.0,3
2026-04-17 08:36:17,"0319 - Milford, TX",Unlead,Milford,TX,41.350000000000364,0,0.0,1
2026-04-17 08:36:17,"0323 - Canton, TX",Diesel,Canton,TX,0.0,0,0.0,3
2026-04-17 08:36:17,"0323 - Canton, TX",Unlead,Canton,TX,38.11099999999897,0,0.0,1
2026-04-17 08:51:18,"0118 - Springfield, IL",Diesel,Springfield,IL,114.0,0,0.0,3
2026-04-17 08:51:18,"0118 - Springfield, IL",Unlead,Springfield,IL,26.0,0,0.0,1
2026-04-17 08:51:18,"0132 - Champaign, IL",Diesel,Champaign,IL,0.0,0,0.0,3
2026-04-17 08:51:18,"0132 - Champaign, IL",Unlead,Champaign,IL,73.53299999999945,0,0.0,1
2026-04-17 08:51:18,"0136 - Cottage Grove, WI",Diesel,Cottage Grove,WI,185.54399999999987,0,0.0,2
2026-04-17 08:51:18,"0136 - Cottage Grove, WI",Unlead,Cottage Grove,WI,28.78099999999904,0,0.0,1
2026-04-17 08:51:18,"0139 - Tuscola, IL",Diesel,Tuscola,IL,231.0,0,0.0,1
2026-04-17 08:51:18,"0139 - Tuscola, IL",Unlead,Tuscola,IL,26.0,0,0.0,2
2026-04-17 08:51:18,"0140 - Mendota, IL",Diesel,Mendota,IL,28.0,0,0.0,2
2026-04-17 08:51:18,"0140 - Mendota, IL",Unlead,Mendota,IL,12.0,0,0.0,2
2026-04-17 08:51:18,"0141 - Brazil, IN",Diesel,Brazil,IN,0.0,0,0.0,4
2026-04-17 08:51:18,"0141 - Brazil, IN",Unlead,Brazil,IN,13.0,0,0.0,1
2026-04-17 08:51:18,"0144 - Elk Run Height, IA",Diesel,Elk Run Height,IA,185.0,0,0.0,4
2026-04-17 08:51:18,"0144 - Elk Run Height, IA",Unlead,Elk Run Height,IA,28.121399999999994,0,0.0,2
2026-04-17 08:51:18,"0145 - Fenton, MO",Diesel,Fenton,MO,394.0,0,0.0,2
2026-04-17 08:51:18,"0145 - Fenton, MO",Unlead,Fenton,MO,14.0,0,0.0,1
2026-04-17 08:51:18,"0157 - Okawville, IL",Diesel,Okawville,IL,0.0,0,0.0,3
2026-04-17 08:51:18,"0157 - Okawville, IL",Unlead,Okawville,IL,0.0,0,0.0,1
2026-04-17 08:51:18,"0181 - Springfield, IL",Diesel,Springfield,IL,0.0,0,0.0,3
2026-04-17 08:51:18,"0181 - Springfield, IL",Unlead,Springfield,IL,27.367699999999786,0,0.0,1
2026-04-17 08:51:18,"0185 - McLean, IL",Diesel,McLean,IL,32.07550000000265,0,0.0,4
2026-04-17 08:51:18,"0185 - McLean, IL",Unlead,McLean,IL,38.30329999999958,0,0.0,1
2026-04-17 08:51:18,"0186 - Minonk, IL",Diesel,Minonk,IL,61.80029999999988,0,0.0,3
2026-04-17 08:51:18,"0186 - Minonk, IL",Unlead,Minonk,IL,16.03269999999975,0,0.0,1
2026-04-17 08:51:18,"0187 - Chicago, IL",Diesel,Chicago,IL,100.0,0,0.0,3
2026-04-17 08:51:18,"0187 - Chicago, IL",Unlead,Chicago,IL,0.0,1,2876.5820000000003,1
2026-04-17 08:51:18,"0203 - Rockford, IL",Diesel,Rockford,IL,11.319999999999709,0,0.0,1
2026-04-17 08:51:18,"0203 - Rockford, IL",Unlead,Rockford,IL,51.455400000000736,0,0.0,1
2026-04-17 08:51:18,"0205 - South Beloit, IL",Diesel,South Beloit,IL,176.0,0,0.0,3
2026-04-17 08:51:18,"0205 - South Beloit, IL",Unlead,South Beloit,IL,72.0,0,0.0,1
2026-04-17 08:51:18,"0206 - Winnebago, IL",Diesel,Winnebago,IL,0.0,0,0.0,1
2026-04-17 08:51:18,"0206 - Winnebago, IL",Unlead,Winnebago,IL,29.0,0,0.0,1
2026-04-17 08:51:18,"0209 - Oakdale, WI",Diesel,Oakdale,WI,0.0,0,0.0,3
2026-04-17 08:51:18,"0209 - Oakdale, WI",Unlead,Oakdale,WI,8.0,0,0.0,1
2026-04-17 08:51:18,"0210 - Rochelle, IL",Diesel,Rochelle,IL,80.0,0,0.0,3
2026-04-17 08:51:18,"0210 - Rochelle, IL",Unlead,Rochelle,IL,22.0,0,0.0,1
2026-04-17 08:51:18,"0211 - Loves Park, IL",Diesel,Loves Park,IL,0.0,0,0.0,1
2026-04-17 08:51:18,"0211 - Loves Park, IL",Unlead,Loves Park,IL,14.0,0,0.0,1
2026-04-17 08:51:18,"0225 - Princeton, IL",Diesel,Princeton,IL,123.0,0,0.0,4
2026-04-17 08:51:18,"0225 - Princeton, IL",Unlead,Princeton,IL,10.0,0,0.0,2
2026-04-17 08:51:18,"0226 - Greenwood, IN",Diesel,Greenwood,IN,0.0,2,6927.0,2
2026-04-17 08:51:18,"0226 - Greenwood, IN",Unlead,Greenwood,IN,12.0,0,0.0,2
2026-04-17 08:51:18,"0235 - Hampshire, IL",Diesel,Hampshire,IL,0.0,0,0.0,2
2026-04-17 08:51:18,"0235 - Hampshire, IL",Unlead,Hampshire,IL,76.0,0,0.0,2
2026-04-17 08:51:18,"0236 - East Troy, WI",Diesel,East Troy,WI,0.0,0,0.0,2
2026-04-17 08:51:18,"0236 - East Troy, WI",Unlead,East Troy,WI,12.0,0,0.0,1
2026-04-17 08:51:18,"0240 - Lake Station, IN",Diesel,Lake Station,IN,0.0,0,0.0,5
2026-04-17 08:51:18,"0240 - Lake Station, IN",Unlead,Lake Station,IN,15.0,0,0.0,2
2026-04-17 08:51:18,"0242 - St Robert, MO",Diesel,St Robert,MO,104.86499999999978,0,0.0,4
2026-04-17 08:51:18,"0263 - Ottawa, IL",Diesel,Ottawa,IL,0.0,0,0.0,3
2026-04-17 08:51:18,"0263 - Ottawa, IL",Unlead,Ottawa,IL,37.0,0,0.0,1
2026-04-17 08:51:18,"0265 - Dixon, IL",Diesel,Dixon,IL,0.0,0,0.0,3
2026-04-17 08:51:18,"0265 - Dixon, IL",Unlead,Dixon,IL,12.925000000001091,0,0.0,1
2026-04-17 08:51:18,"0266 - New Berlin, IL",Diesel,New Berlin,IL,184.0,0,0.0,3
2026-04-17 08:51:18,"0266 - New Berlin, IL",Unlead,New Berlin,IL,32.11550000000034,0,0.0,1
2026-04-17 08:51:18,"0267 - Pharr, TX",Diesel,Pharr,TX,263.0,0,0.0,4
2026-04-17 08:51:18,"0267 - Pharr, TX",Unlead,Pharr,TX,37.0,0,0.0,1
2026-04-17 08:51:18,"0268 - Grayville, IL",Diesel,Grayville,IL,0.0,0,0.0,3
2026-04-17 08:51:18,"0268 - Grayville, IL",Unlead,Grayville,IL,54.0,0,0.0,1
2026-04-17 08:51:18,"0269 - Marshall, IL",Diesel,Marshall,IL,24.0,0,0.0,3
2026-04-17 08:51:18,"0269 - Marshall, IL",Unlead,Marshall,IL,55.0,0,0.0,1
2026-04-17 08:51:18,"0270 - Moore, TX",Diesel,Moore,TX,26.0,0,0.0,3
2026-04-17 08:51:18,"0270 - Moore, TX",Unlead,Moore,TX,51.0,0,0.0,1
2026-04-17 08:51:18,"0271 - Odessa, TX",Diesel,Odessa,TX,0.0,0,0.0,3
2026-04-17 08:51:18,"0271 - Odessa, TX",Unlead,Odessa,TX,57.71299999999974,0,0.0,1
2026-04-17 08:51:18,"0272 - Encinal, TX",Diesel,Encinal,TX,232.57800000000134,0,0.0,3
2026-04-17 08:51:18,"0272 - Encinal, TX",Unlead,Encinal,TX,48.66599999999926,0,0.0,1
2026-04-17 08:51:18,"0273 - Combes, TX",Diesel,Combes,TX,81.22799999999916,0,0.0,3
2026-04-17 08:51:18,"0273 - Combes, TX",Unlead,Combes,TX,116.82200000000012,0,0.0,1
2026-04-17 08:51:18,"0275 - Sonora, TX",Diesel,Sonora,TX,227.46399999999903,0,0.0,3
2026-04-17 08:51:18,"0275 - Sonora, TX",Unlead,Sonora,TX,23.299000000000888,0,0.0,1
2026-04-17 08:51:18,"0276 - Waco, TX",Diesel,Waco,TX,290.16699999999946,0,0.0,3
2026-04-17 08:51:18,"0276 - Waco, TX",Unlead,Waco,TX,58.83400000000074,0,0.0,1
2026-04-17 08:51:18,"0277 - New Boston, TX",Diesel,New Boston,TX,164.56950000000143,0,0.0,3
2026-04-17 08:51:18,"0277 - New Boston, TX",Unlead,New Boston,TX,33.17000000000007,0,0.0,1
2026-04-17 08:51:18,"0278 - Brinkley, AR",Diesel,Brinkley,AR,0.0,0,0.0,3
2026-04-17 08:51:18,"0278 - Brinkley, AR",Unlead,Brinkley,AR,25.860000000000582,0,0.0,1
2026-04-17 08:51:18,"0279 - Marion, IL",Diesel,Marion,IL,86.42100000000028,0,0.0,3
2026-04-17 08:51:18,"0279 - Marion, IL",Unlead,Marion,IL,86.78700000000026,0,0.0,1
2026-04-17 08:51:18,"0280 - Monahans, TX",Diesel,Monahans,TX,0.0,0,0.0,3
2026-04-17 08:51:18,"0280 - Monahans, TX",Unlead,Monahans,TX,0.0,0,0.0,1
2026-04-17 08:51:18,"0281 - Cisco, TX",Diesel,Cisco,TX,284.16300000000047,0,0.0,3
2026-04-17 08:51:18,"0281 - Cisco, TX",Unlead,Cisco,TX,45.654999999998836,0,0.0,1
2026-04-17 08:51:18,"0282 - Gainesville, TX",Diesel,Gainesville,TX,65.68499999999949,0,0.0,3
2026-04-17 08:51:18,"0282 - Gainesville, TX",Unlead,Gainesville,TX,30.89049999999952,0,0.0,1
2026-04-17 08:51:18,"0283 - Sealy, TX",Diesel,Sealy,TX,0.0,0,0.0,3
2026-04-17 08:51:18,"0283 - Sealy, TX",Unlead,Sealy,TX,0.0,0,0.0,1
2026-04-17 08:51:18,"0284 - New Deal, TX",Diesel,New Deal,TX,57.693999999999505,0,0.0,3
2026-04-17 08:51:18,"0284 - New Deal, TX",Unlead,New Deal,TX,112.00700000000143,0,0.0,1
2026-04-17 08:51:18,"0285 - Seguin, TX",Diesel,Seguin,TX,42.39500000000044,0,0.0,3
2026-04-17 08:51:18,"0285 - Seguin, TX",Unlead,Seguin,TX,13.126000000000204,0,0.0,1
2026-04-17 08:51:18,"0286 - Amarillo, TX",Diesel,Amarillo,TX,226.61000000000058,0,0.0,3
2026-04-17 08:51:18,"0286 - Amarillo, TX",Unlead,Amarillo,TX,9.131000000001222,0,0.0,1
2026-04-17 08:51:18,"0287 - Burbonnais, IL",Diesel,Burbonnais,IL,322.40099999999984,0,0.0,3
2026-04-17 08:51:18,"0287 - Burbonnais, IL",Unlead,Burbonnais,IL,95.74200000000019,0,0.0,1
2026-04-17 08:51:18,"0289 - Teague, TX",Diesel,Teague,TX,40.30999999999949,0,0.0,3
2026-04-17 08:51:18,"0289 - Teague, TX",Unlead,Teague,TX,45.909999999999854,0,0.0,1
2026-04-17 08:51:18,"0290 - Joplin, MO",Diesel,Joplin,MO,0.0,0,0.0,3
2026-04-17 08:51:18,"0290 - Joplin, MO",Unlead,Joplin,MO,55.655000000000655,0,0.0,1
2026-04-17 08:51:18,"0312 - Vidor, TX",Diesel,Vidor,TX,63.228000000000975,1,2905.333999999999,3
2026-04-17 08:51:18,"0312 - Vidor, TX",Unlead,Vidor,TX,23.855000000001382,0,0.0,1
2026-04-17 08:51:18,"0315 - Laredo, TX",Diesel,Laredo,TX,51.624000000001615,0,0.0,3
2026-04-17 08:51:18,"0315 - Laredo, TX",Unlead,Laredo,TX,0.0,0,0.0,1
2026-04-17 08:51:18,"0319 - Milford, TX",Diesel,Milford,TX,134.71900000000096,0,0.0,3
2026-04-17 08:51:18,"0319 - Milford, TX",Unlead,Milford,TX,33.4429999999993,0,0.0,1
2026-04-17 08:51:18,"0323 - Canton, TX",Diesel,Canton,TX,64.47300000000178,0,0.0,3
2026-04-17 08:51:18,"0323 - Canton, TX",Unlead,Canton,TX,21.83300000000054,0,0.0,1
2026-04-17 09:06:20,"0118 - Springfield, IL",Diesel,Springfield,IL,108.0,0,0.0,3
2026-04-17 09:06:20,"0118 - Springfield, IL",Unlead,Springfield,IL,14.0,0,0.0,1
2026-04-17 09:06:20,"0132 - Champaign, IL",Diesel,Champaign,IL,0.0,0,0.0,3
2026-04-17 09:06:20,"0132 - Champaign, IL",Unlead,Champaign,IL,107.62700000000041,0,0.0,1
2026-04-17 09:06:20,"0136 - Cottage Grove, WI",Diesel,Cottage Grove,WI,176.3209999999999,0,0.0,2
2026-04-17 09:06:20,"0136 - Cottage Grove, WI",Unlead,Cottage Grove,WI,19.355000000001382,0,0.0,1
2026-04-17 09:06:20,"0139 - Tuscola, IL",Diesel,Tuscola,IL,0.0,0,0.0,1
2026-04-17 09:06:20,"0139 - Tuscola, IL",Unlead,Tuscola,IL,16.0,0,0.0,2
2026-04-17 09:06:20,"0140 - Mendota, IL",Diesel,Mendota,IL,37.0,0,0.0,2
2026-04-17 09:06:20,"0140 - Mendota, IL",Unlead,Mendota,IL,33.0,0,0.0,2
2026-04-17 09:06:20,"0141 - Brazil, IN",Diesel,Brazil,IN,167.41769999999997,0,0.0,4
2026-04-17 09:06:20,"0141 - Brazil, IN",Unlead,Brazil,IN,16.0,0,0.0,1
2026-04-17 09:06:20,"0144 - Elk Run Height, IA",Diesel,Elk Run Height,IA,210.0,0,0.0,4
2026-04-17 09:06:20,"0144 - Elk Run Height, IA",Unlead,Elk Run Height,IA,7.193400000000111,0,0.0,2
2026-04-17 09:06:20,"0145 - Fenton, MO",Diesel,Fenton,MO,113.0,0,0.0,2
2026-04-17 09:06:20,"0145 - Fenton, MO",Unlead,Fenton,MO,25.0,0,0.0,1
2026-04-17 09:06:20,"0157 - Okawville, IL",Diesel,Okawville,IL,0.0,2,3362.0,3
2026-04-17 09:06:20,"0157 - Okawville, IL",Unlead,Okawville,IL,47.47400000000016,0,0.0,1
2026-04-17 09:06:20,"0181 - Springfield, IL",Diesel,Springfield,IL,54.180999999998676,0,0.0,3
2026-04-17 09:06:20,"0181 - Springfield, IL",Unlead,Springfield,IL,44.86230000000069,0,0.0,1
2026-04-17 09:06:20,"0185 - McLean, IL",Diesel,McLean,IL,12.253999999998996,0,0.0,4
2026-04-17 09:06:20,"0185 - McLean, IL",Unlead,McLean,IL,60.79040000000077,0,0.0,1
2026-04-17 09:06:20,"0186 - Minonk, IL",Diesel,Minonk,IL,59.70600000000013,0,0.0,3
2026-04-17 09:06:20,"0186 - Minonk, IL",Unlead,Minonk,IL,19.659300000000258,0,0.0,1
2026-04-17 09:06:20,"0187 - Chicago, IL",Diesel,Chicago,IL,0.0,1,310.0,3
2026-04-17 09:06:20,"0187 - Chicago, IL",Unlead,Chicago,IL,0.0,1,975.1350000000002,1
2026-04-17 09:06:20,"0203 - Rockford, IL",Diesel,Rockford,IL,0.0,0,0.0,1
2026-04-17 09:06:20,"0203 - Rockford, IL",Unlead,Rockford,IL,0.0,0,0.0,1
2026-04-17 09:06:20,"0205 - South Beloit, IL",Diesel,South Beloit,IL,195.0,0,0.0,3
2026-04-17 09:06:20,"0205 - South Beloit, IL",Unlead,South Beloit,IL,48.0,0,0.0,1
2026-04-17 09:06:20,"0206 - Winnebago, IL",Diesel,Winnebago,IL,78.0,0,0.0,1
2026-04-17 09:06:20,"0206 - Winnebago, IL",Unlead,Winnebago,IL,36.0,0,0.0,1
2026-04-17 09:06:20,"0209 - Oakdale, WI",Diesel,Oakdale,WI,0.0,0,0.0,3
2026-04-17 09:06:20,"0209 - Oakdale, WI",Unlead,Oakdale,WI,44.0,0,0.0,1
2026-04-17 09:06:20,"0210 - Rochelle, IL",Diesel,Rochelle,IL,7.0,0,0.0,3
2026-04-17 09:06:20,"0210 - Rochelle, IL",Unlead,Rochelle,IL,10.0,0,0.0,1
2026-04-17 09:06:20,"0211 - Loves Park, IL",Diesel,Loves Park,IL,19.0,0,0.0,1
2026-04-17 09:06:20,"0211 - Loves Park, IL",Unlead,Loves Park,IL,5.0,0,0.0,1
2026-04-17 09:06:20,"0225 - Princeton, IL",Diesel,Princeton,IL,61.0,0,0.0,4
2026-04-17 09:06:20,"0225 - Princeton, IL",Unlead,Princeton,IL,0.0,0,0.0,2
2026-04-17 09:06:20,"0226 - Greenwood, IN",Diesel,Greenwood,IN,203.0,1,208.0,2
2026-04-17 09:06:20,"0226 - Greenwood, IN",Unlead,Greenwood,IN,11.0,0,0.0,2
2026-04-17 09:06:20,"0235 - Hampshire, IL",Diesel,Hampshire,IL,33.0,0,0.0,2
2026-04-17 09:06:20,"0235 - Hampshire, IL",Unlead,Hampshire,IL,59.0,0,0.0,2
2026-04-17 09:06:20,"0236 - East Troy, WI",Diesel,East Troy,WI,0.0,0,0.0,2
2026-04-17 09:06:20,"0236 - East Troy, WI",Unlead,East Troy,WI,0.0,0,0.0,1
2026-04-17 09:06:20,"0240 - Lake Station, IN",Diesel,Lake Station,IN,301.0,0,0.0,5
2026-04-17 09:06:20,"0240 - Lake Station, IN",Unlead,Lake Station,IN,21.0,0,0.0,2
2026-04-17 09:06:20,"0242 - St Robert, MO",Diesel,St Robert,MO,99.10900000000038,0,0.0,4
2026-04-17 09:06:20,"0263 - Ottawa, IL",Diesel,Ottawa,IL,371.0,0,0.0,3
2026-04-17 09:06:20,"0263 - Ottawa, IL",Unlead,Ottawa,IL,0.0,0,0.0,1
2026-04-17 09:06:20,"0265 - Dixon, IL",Diesel,Dixon,IL,0.0,0,0.0,3
2026-04-17 09:06:20,"0265 - Dixon, IL",Unlead,Dixon,IL,0.0,0,0.0,1
2026-04-17 09:06:20,"0266 - New Berlin, IL",Diesel,New Berlin,IL,36.0,0,0.0,3
2026-04-17 09:06:20,"0266 - New Berlin, IL",Unlead,New Berlin,IL,128.5630000000001,0,0.0,1
2026-04-17 09:06:20,"0267 - Pharr, TX",Diesel,Pharr,TX,178.0,0,0.0,4
2026-04-17 09:06:20,"0267 - Pharr, TX",Unlead,Pharr,TX,15.0,0,0.0,1
2026-04-17 09:06:20,"0268 - Grayville, IL",Diesel,Grayville,IL,73.0,0,0.0,3
2026-04-17 09:06:20,"0268 - Grayville, IL",Unlead,Grayville,IL,25.0,0,0.0,1
2026-04-17 09:06:20,"0269 - Marshall, IL",Diesel,Marshall,IL,68.0,0,0.0,3
2026-04-17 09:06:20,"0269 - Marshall, IL",Unlead,Marshall,IL,23.0,0,0.0,1
2026-04-17 09:06:20,"0270 - Moore, TX",Diesel,Moore,TX,93.0,0,0.0,3
2026-04-17 09:06:20,"0270 - Moore, TX",Unlead,Moore,TX,98.0,0,0.0,1
2026-04-17 09:06:20,"0271 - Odessa, TX",Diesel,Odessa,TX,425.2669999999998,0,0.0,3
2026-04-17 09:06:20,"0271 - Odessa, TX",Unlead,Odessa,TX,92.6239999999998,0,0.0,1
2026-04-17 09:06:20,"0272 - Encinal, TX",Diesel,Encinal,TX,39.326999999999316,0,0.0,3
2026-04-17 09:06:20,"0272 - Encinal, TX",Unlead,Encinal,TX,48.76299999999901,0,0.0,1
2026-04-17 09:06:20,"0273 - Combes, TX",Diesel,Combes,TX,70.98500000000058,0,0.0,3
2026-04-17 09:06:20,"0273 - Combes, TX",Unlead,Combes,TX,73.27800000000207,0,0.0,1
2026-04-17 09:06:20,"0275 - Sonora, TX",Diesel,Sonora,TX,174.71249999999964,0,0.0,3
2026-04-17 09:06:20,"0275 - Sonora, TX",Unlead,Sonora,TX,51.24699999999939,0,0.0,1
2026-04-17 09:06:20,"0276 - Waco, TX",Diesel,Waco,TX,28.91399999999885,0,0.0,3
2026-04-17 09:06:20,"0276 - Waco, TX",Unlead,Waco,TX,46.41899999999987,0,0.0,1
2026-04-17 09:06:20,"0277 - New Boston, TX",Diesel,New Boston,TX,9.348500000000058,0,0.0,3
2026-04-17 09:06:20,"0277 - New Boston, TX",Unlead,New Boston,TX,8.605999999999767,0,0.0,1
2026-04-17 09:06:20,"0278 - Brinkley, AR",Diesel,Brinkley,AR,0.0,0,0.0,3
2026-04-17 09:06:20,"0278 - Brinkley, AR",Unlead,Brinkley,AR,6.07799999999952,0,0.0,1
2026-04-17 09:06:20,"0279 - Marion, IL",Diesel,Marion,IL,30.891999999999825,0,0.0,3
2026-04-17 09:06:20,"0279 - Marion, IL",Unlead,Marion,IL,86.44499999999971,0,0.0,1
2026-04-17 09:06:20,"0280 - Monahans, TX",Diesel,Monahans,TX,0.0,0,0.0,3
2026-04-17 09:06:20,"0280 - Monahans, TX",Unlead,Monahans,TX,0.0,0,0.0,1
2026-04-17 09:06:20,"0281 - Cisco, TX",Diesel,Cisco,TX,174.0530000000017,0,0.0,3
2026-04-17 09:06:20,"0281 - Cisco, TX",Unlead,Cisco,TX,20.187000000001717,0,0.0,1
2026-04-17 09:06:20,"0282 - Gainesville, TX",Diesel,Gainesville,TX,23.609000000002197,0,0.0,3
2026-04-17 09:06:20,"0282 - Gainesville, TX",Unlead,Gainesville,TX,38.159999999999854,0,0.0,1
2026-04-17 09:06:20,"0283 - Sealy, TX",Diesel,Sealy,TX,0.0,0,0.0,3
2026-04-17 09:06:20,"0283 - Sealy, TX",Unlead,Sealy,TX,12.412000000000262,0,0.0,1
2026-04-17 09:06:20,"0284 - New Deal, TX",Diesel,New Deal,TX,27.925999999999476,0,0.0,3
2026-04-17 09:06:20,"0284 - New Deal, TX",Unlead,New Deal,TX,29.295000000000073,0,0.0,1
2026-04-17 09:06:20,"0285 - Seguin, TX",Diesel,Seguin,TX,0.0,0,0.0,3
2026-04-17 09:06:20,"0285 - Seguin, TX",Unlead,Seguin,TX,53.00799999999981,0,0.0,1
2026-04-17 09:06:20,"0286 - Amarillo, TX",Diesel,Amarillo,TX,54.58300000000054,0,0.0,3
2026-04-17 09:06:20,"0286 - Amarillo, TX",Unlead,Amarillo,TX,28.649999999999636,0,0.0,1
2026-04-17 09:06:20,"0287 - Burbonnais, IL",Diesel,Burbonnais,IL,8.143000000000029,0,0.0,3
2026-04-17 09:06:20,"0287 - Burbonnais, IL",Unlead,Burbonnais,IL,104.71999999999935,0,0.0,1
2026-04-17 09:06:20,"0289 - Teague, TX",Diesel,Teague,TX,288.95800000000054,0,0.0,3
2026-04-17 09:06:20,"0289 - Teague, TX",Unlead,Teague,TX,46.245999999999185,0,0.0,1
2026-04-17 09:06:20,"0290 - Joplin, MO",Diesel,Joplin,MO,180.3824999999997,0,0.0,3
2026-04-17 09:06:20,"0290 - Joplin, MO",Unlead,Joplin,MO,20.152000000000044,0,0.0,1
2026-04-17 09:06:20,"0312 - Vidor, TX",Diesel,Vidor,TX,185.0049999999992,1,4388.632000000001,3
2026-04-17 09:06:20,"0312 - Vidor, TX",Unlead,Vidor,TX,25.52099999999882,0,0.0,1
2026-04-17 09:06:20,"0315 - Laredo, TX",Diesel,Laredo,TX,67.91399999999885,0,0.0,3
2026-04-17 09:06:20,"0315 - Laredo, TX",Unlead,Laredo,TX,0.0,0,0.0,1
2026-04-17 09:06:20,"0319 - Milford, TX",Diesel,Milford,TX,29.488499999999476,0,0.0,3
2026-04-17 09:06:20,"0319 - Milford, TX",Unlead,Milford,TX,38.600000000000364,0,0.0,1
2026-04-17 09:06:20,"0323 - Canton, TX",Diesel,Canton,TX,0.0,0,0.0,3
2026-04-17 09:06:20,"0323 - Canton, TX",Unlead,Canton,TX,90.76800000000003,0,0.0,1
2026-04-17 09:21:25,"0118 - Springfield, IL",Diesel,Springfield,IL,0.0,0,0.0,3
2026-04-17 09:21:25,"0118 - Springfield, IL",Unlead,Springfield,IL,126.0,0,0.0,1
2026-04-17 09:21:25,"0132 - Champaign, IL",Diesel,Champaign,IL,0.0,0,0.0,3
2026-04-17 09:21:25,"0132 - Champaign, IL",Unlead,Champaign,IL,53.4950000000008,0,0.0,1
2026-04-17 09:21:25,"0136 - Cottage Grove, WI",Diesel,Cottage Grove,WI,0.0,2,2861.312,2
2026-04-17 09:21:25,"0136 - Cottage Grove, WI",Unlead,Cottage Grove,WI,28.148999999999432,0,0.0,1
2026-04-17 09:21:25,"0139 - Tuscola, IL",Diesel,Tuscola,IL,176.0,0,0.0,1
2026-04-17 09:21:25,"0139 - Tuscola, IL",Unlead,Tuscola,IL,36.0,0,0.0,2
2026-04-17 09:21:25,"0140 - Mendota, IL",Diesel,Mendota,IL,58.0,0,0.0,2
2026-04-17 09:21:25,"0140 - Mendota, IL",Unlead,Mendota,IL,71.0,0,0.0,2
2026-04-17 09:21:25,"0141 - Brazil, IN",Diesel,Brazil,IN,44.55709999999999,0,0.0,4
2026-04-17 09:21:25,"0141 - Brazil, IN",Unlead,Brazil,IN,45.0,0,0.0,1
2026-04-17 09:21:25,"0144 - Elk Run Height, IA",Diesel,Elk Run Height,IA,137.0,0,0.0,4
2026-04-17 09:21:25,"0144 - Elk Run Height, IA",Unlead,Elk Run Height,IA,18.60319999999956,0,0.0,2
2026-04-17 09:21:25,"0145 - Fenton, MO",Diesel,Fenton,MO,144.0,0,0.0,2
2026-04-17 09:21:25,"0145 - Fenton, MO",Unlead,Fenton,MO,0.0,0,0.0,1
2026-04-17 09:21:25,"0157 - Okawville, IL",Diesel,Okawville,IL,35.0,2,2057.0,3
2026-04-17 09:21:25,"0157 - Okawville, IL",Unlead,Okawville,IL,9.805999999998676,0,0.0,1
2026-04-17 09:21:25,"0181 - Springfield, IL",Diesel,Springfield,IL,5.520999999998821,0,0.0,3
2026-04-17 09:21:25,"0181 - Springfield, IL",Unlead,Springfield,IL,82.63479999999981,0,0.0,1
2026-04-17 09:21:25,"0185 - McLean, IL",Diesel,McLean,IL,0.0,0,0.0,4
2026-04-17 09:21:25,"0185 - McLean, IL",Unlead,McLean,IL,52.16019999999935,0,0.0,1
2026-04-17 09:21:25,"0186 - Minonk, IL",Diesel,Minonk,IL,0.0,0,0.0,3
2026-04-17 09:21:25,"0186 - Minonk, IL",Unlead,Minonk,IL,18.085299999999734,0,0.0,1
2026-04-17 09:21:25,"0187 - Chicago, IL",Diesel,Chicago,IL,0.0,2,4030.0,3
2026-04-17 09:21:25,"0187 - Chicago, IL",Unlead,Chicago,IL,47.75300000000061,0,0.0,1
2026-04-17 09:21:25,"0203 - Rockford, IL",Diesel,Rockford,IL,50.92000000000007,0,0.0,1
2026-04-17 09:21:25,"0203 - Rockford, IL",Unlead,Rockford,IL,44.341699999999946,0,0.0,1
2026-04-17 09:21:25,"0205 - South Beloit, IL",Diesel,South Beloit,IL,147.0,0,0.0,3
2026-04-17 09:21:25,"0205 - South Beloit, IL",Unlead,South Beloit,IL,8.0,0,0.0,1
2026-04-17 09:21:25,"0206 - Winnebago, IL",Diesel,Winnebago,IL,0.0,0,0.0,1
2026-04-17 09:21:25,"0206 - Winnebago, IL",Unlead,Winnebago,IL,57.0,0,0.0,1
2026-04-17 09:21:25,"0209 - Oakdale, WI",Diesel,Oakdale,WI,61.0,0,0.0,3
2026-04-17 09:21:25,"0209 - Oakdale, WI",Unlead,Oakdale,WI,19.0,0,0.0,1
2026-04-17 09:21:25,"0210 - Rochelle, IL",Diesel,Rochelle,IL,0.0,0,0.0,3
2026-04-17 09:21:25,"0210 - Rochelle, IL",Unlead,Rochelle,IL,36.0,0,0.0,1
2026-04-17 09:21:25,"0211 - Loves Park, IL",Diesel,Loves Park,IL,0.0,0,0.0,1
2026-04-17 09:21:25,"0211 - Loves Park, IL",Unlead,Loves Park,IL,31.0,0,0.0,1
2026-04-17 09:21:25,"0225 - Princeton, IL",Diesel,Princeton,IL,9.0,0,0.0,4
2026-04-17 09:21:25,"0225 - Princeton, IL",Unlead,Princeton,IL,15.0,0,0.0,2
2026-04-17 09:21:25,"0226 - Greenwood, IN",Diesel,Greenwood,IN,194.0,1,157.0,2
2026-04-17 09:21:25,"0226 - Greenwood, IN",Unlead,Greenwood,IN,28.0,0,0.0,2
2026-04-17 09:21:25,"0235 - Hampshire, IL",Diesel,Hampshire,IL,36.0,0,0.0,2
2026-04-17 09:21:25,"0235 - Hampshire, IL",Unlead,Hampshire,IL,29.0,0,0.0,2
2026-04-17 09:21:25,"0236 - East Troy, WI",Diesel,East Troy,WI,0.0,0,0.0,2
2026-04-17 09:21:25,"0236 - East Troy, WI",Unlead,East Troy,WI,0.0,0,0.0,1
2026-04-17 09:21:25,"0240 - Lake Station, IN",Diesel,Lake Station,IN,0.0,0,0.0,5
2026-04-17 09:21:25,"0240 - Lake Station, IN",Unlead,Lake Station,IN,5.0,0,0.0,2
2026-04-17 09:21:25,"0242 - St Robert, MO",Diesel,St Robert,MO,9.893000000000029,0,0.0,4
2026-04-17 09:21:25,"0263 - Ottawa, IL",Diesel,Ottawa,IL,93.0,1,2152.0,3
2026-04-17 09:21:25,"0263 - Ottawa, IL",Unlead,Ottawa,IL,25.0,0,0.0,1
2026-04-17 09:21:25,"0265 - Dixon, IL",Diesel,Dixon,IL,0.0,0,0.0,3
2026-04-17 09:21:25,"0265 - Dixon, IL",Unlead,Dixon,IL,32.75799999999981,0,0.0,1
2026-04-17 09:21:25,"0266 - New Berlin, IL",Diesel,New Berlin,IL,0.0,0,0.0,3
2026-04-17 09:21:25,"0266 - New Berlin, IL",Unlead,New Berlin,IL,76.40019999999959,0,0.0,1
2026-04-17 09:21:25,"0267 - Pharr, TX",Diesel,Pharr,TX,275.0,0,0.0,4
2026-04-17 09:21:25,"0267 - Pharr, TX",Unlead,Pharr,TX,22.0,0,0.0,1
2026-04-17 09:21:25,"0268 - Grayville, IL",Diesel,Grayville,IL,0.0,0,0.0,3
2026-04-17 09:21:25,"0268 - Grayville, IL",Unlead,Grayville,IL,23.0,0,0.0,1
2026-04-17 09:21:25,"0269 - Marshall, IL",Diesel,Marshall,IL,0.0,0,0.0,3
2026-04-17 09:21:25,"0269 - Marshall, IL",Unlead,Marshall,IL,22.0,0,0.0,1
2026-04-17 09:21:25,"0270 - Moore, TX",Diesel,Moore,TX,45.0,0,0.0,3
2026-04-17 09:21:25,"0270 - Moore, TX",Unlead,Moore,TX,100.0,0,0.0,1
2026-04-17 09:21:25,"0271 - Odessa, TX",Diesel,Odessa,TX,138.69800000000032,0,0.0,3
2026-04-17 09:21:25,"0271 - Odessa, TX",Unlead,Odessa,TX,32.13799999999901,0,0.0,1
2026-04-17 09:21:25,"0272 - Encinal, TX",Diesel,Encinal,TX,110.3020000000015,0,0.0,3
2026-04-17 09:21:25,"0272 - Encinal, TX",Unlead,Encinal,TX,36.96800000000076,0,0.0,1
2026-04-17 09:21:25,"0273 - Combes, TX",Diesel,Combes,TX,240.82200000000012,0,0.0,3
2026-04-17 09:21:25,"0273 - Combes, TX",Unlead,Combes,TX,53.2019999999975,0,0.0,1
2026-04-17 09:21:25,"0275 - Sonora, TX",Diesel,Sonora,TX,93.13589999999931,0,0.0,3
2026-04-17 09:21:25,"0275 - Sonora, TX",Unlead,Sonora,TX,53.27100000000064,0,0.0,1
2026-04-17 09:21:25,"0276 - Waco, TX",Diesel,Waco,TX,35.454499999999825,0,0.0,3
2026-04-17 09:21:25,"0276 - Waco, TX",Unlead,Waco,TX,22.556000000000495,0,0.0,1
2026-04-17 09:21:25,"0277 - New Boston, TX",Diesel,New Boston,TX,39.23199999999997,0,0.0,3
2026-04-17 09:21:25,"0277 - New Boston, TX",Unlead,New Boston,TX,0.0,0,0.0,1
2026-04-17 09:21:25,"0278 - Brinkley, AR",Diesel,Brinkley,AR,147.56700000000092,0,0.0,3
2026-04-17 09:21:25,"0278 - Brinkley, AR",Unlead,Brinkley,AR,22.89300000000003,0,0.0,1
2026-04-17 09:21:25,"0279 - Marion, IL",Diesel,Marion,IL,208.07900000000154,0,0.0,3
2026-04-17 09:21:25,"0279 - Marion, IL",Unlead,Marion,IL,32.68000000000029,0,0.0,1
2026-04-17 09:21:25,"0280 - Monahans, TX",Diesel,Monahans,TX,0.0,0,0.0,3
2026-04-17 09:21:25,"0280 - Monahans, TX",Unlead,Monahans,TX,0.0,0,0.0,1
2026-04-17 09:21:25,"0281 - Cisco, TX",Diesel,Cisco,TX,46.422999999998865,0,0.0,3
2026-04-17 09:21:25,"0281 - Cisco, TX",Unlead,Cisco,TX,24.42199999999866,0,0.0,1
2026-04-17 09:21:25,"0282 - Gainesville, TX",Diesel,Gainesville,TX,151.104000000003,0,0.0,3
2026-04-17 09:21:25,"0282 - Gainesville, TX",Unlead,Gainesville,TX,37.516999999999825,0,0.0,1
2026-04-17 09:21:25,"0283 - Sealy, TX",Diesel,Sealy,TX,5.913000000000466,0,0.0,3
2026-04-17 09:21:25,"0283 - Sealy, TX",Unlead,Sealy,TX,0.0,0,0.0,1
2026-04-17 09:21:25,"0284 - New Deal, TX",Diesel,New Deal,TX,76.6309999999994,0,0.0,3
2026-04-17 09:21:25,"0284 - New Deal, TX",Unlead,New Deal,TX,30.1200000000008,0,0.0,1
2026-04-17 09:21:25,"0285 - Seguin, TX",Diesel,Seguin,TX,21.115499999999884,0,0.0,3
2026-04-17 09:21:25,"0285 - Seguin, TX",Unlead,Seguin,TX,27.950000000000728,0,0.0,1
2026-04-17 09:21:25,"0286 - Amarillo, TX",Diesel,Amarillo,TX,227.41350000000057,0,0.0,3
2026-04-17 09:21:25,"0286 - Amarillo, TX",Unlead,Amarillo,TX,24.235999999998967,0,0.0,1
2026-04-17 09:21:25,"0287 - Burbonnais, IL",Diesel,Burbonnais,IL,120.79000000000087,0,0.0,3
2026-04-17 09:21:25,"0287 - Burbonnais, IL",Unlead,Burbonnais,IL,58.04200000000128,0,0.0,1
2026-04-17 09:21:25,"0289 - Teague, TX",Diesel,Teague,TX,315.66699999999946,0,0.0,3
2026-04-17 09:21:25,"0289 - Teague, TX",Unlead,Teague,TX,35.58100000000013,0,0.0,1
2026-04-17 09:21:25,"0290 - Joplin, MO",Diesel,Joplin,MO,0.0,0,0.0,3
2026-04-17 09:21:25,"0290 - Joplin, MO",Unlead,Joplin,MO,42.564000000000306,0,0.0,1
2026-04-17 09:21:25,"0312 - Vidor, TX",Diesel,Vidor,TX,109.70100000000093,0,0.0,3
2026-04-17 09:21:25,"0312 - Vidor, TX",Unlead,Vidor,TX,0.0,0,0.0,1
2026-04-17 09:21:25,"0315 - Laredo, TX",Diesel,Laredo,TX,37.715000000000146,0,0.0,3
2026-04-17 09:21:25,"0315 - Laredo, TX",Unlead,Laredo,TX,0.0,0,0.0,1
2026-04-17 09:21:25,"0319 - Milford, TX",Diesel,Milford,TX,55.91749999999956,0,0.0,3
2026-04-17 09:21:25,"0319 - Milford, TX",Unlead,Milford,TX,89.22099999999955,0,0.0,1
2026-04-17 09:21:25,"0323 - Canton, TX",Diesel,Canton,TX,52.75200000000041,0,0.0,3
2026-04-17 09:21:25,"0323 - Canton, TX",Unlead,Canton,TX,12.925999999999476,0,0.0,1
2026-04-17 09:36:26,"0118 - Springfield, IL",Diesel,Springfield,IL,251.0,0,0.0,3
2026-04-17 09:36:26,"0118 - Springfield, IL",Unlead,Springfield,IL,38.0,0,0.0,1
2026-04-17 09:36:26,"0132 - Champaign, IL",Diesel,Champaign,IL,0.0,0,0.0,3
2026-04-17 09:36:26,"0132 - Champaign, IL",Unlead,Champaign,IL,48.99200000000019,0,0.0,1
2026-04-17 09:36:26,"0136 - Cottage Grove, WI",Diesel,Cottage Grove,WI,0.0,2,3898.692,2
2026-04-17 09:36:26,"0136 - Cottage Grove, WI",Unlead,Cottage Grove,WI,4.246999999999389,0,0.0,1
2026-04-17 09:36:26,"0139 - Tuscola, IL",Diesel,Tuscola,IL,0.0,0,0.0,1
2026-04-17 09:36:26,"0139 - Tuscola, IL",Unlead,Tuscola,IL,26.0,0,0.0,2
2026-04-17 09:36:26,"0140 - Mendota, IL",Diesel,Mendota,IL,0.0,0,0.0,2
2026-04-17 09:36:26,"0140 - Mendota, IL",Unlead,Mendota,IL,37.0,0,0.0,2
2026-04-17 09:36:26,"0141 - Brazil, IN",Diesel,Brazil,IN,0.0,0,0.0,4
2026-04-17 09:36:26,"0141 - Brazil, IN",Unlead,Brazil,IN,13.0,0,0.0,1
2026-04-17 09:36:26,"0144 - Elk Run Height, IA",Diesel,Elk Run Height,IA,65.0,0,0.0,4
2026-04-17 09:36:26,"0144 - Elk Run Height, IA",Unlead,Elk Run Height,IA,10.490400000000136,0,0.0,2
2026-04-17 09:36:26,"0145 - Fenton, MO",Diesel,Fenton,MO,99.0,0,0.0,2
2026-04-17 09:36:26,"0145 - Fenton, MO",Unlead,Fenton,MO,13.0,0,0.0,1
2026-04-17 09:36:26,"0157 - Okawville, IL",Diesel,Okawville,IL,0.0,1,423.0,3
2026-04-17 09:36:26,"0157 - Okawville, IL",Unlead,Okawville,IL,30.179000000000087,0,0.0,1
2026-04-17 09:36:26,"0181 - Springfield, IL",Diesel,Springfield,IL,0.0,0,0.0,3
2026-04-17 09:36:26,"0181 - Springfield, IL",Unlead,Springfield,IL,39.68459999999959,0,0.0,1
2026-04-17 09:36:26,"0185 - McLean, IL",Diesel,McLean,IL,0.0,0,0.0,4
2026-04-17 09:36:26,"0185 - McLean, IL",Unlead,McLean,IL,45.72410000000036,0,0.0,1
2026-04-17 09:36:26,"0186 - Minonk, IL",Diesel,Minonk,IL,0.0,0,0.0,3
2026-04-17 09:36:26,"0186 - Minonk, IL",Unlead,Minonk,IL,11.321700000000419,0,0.0,1
2026-04-17 09:36:26,"0187 - Chicago, IL",Diesel,Chicago,IL,0.0,0,0.0,3
2026-04-17 09:36:26,"0187 - Chicago, IL",Unlead,Chicago,IL,13.152000000000044,0,0.0,1
2026-04-17 09:36:26,"0203 - Rockford, IL",Diesel,Rockford,IL,0.0,0,0.0,1
2026-04-17 09:36:26,"0203 - Rockford, IL",Unlead,Rockford,IL,22.209499999999935,0,0.0,1
2026-04-17 09:36:26,"0205 - South Beloit, IL",Diesel,South Beloit,IL,435.0,0,0.0,3
2026-04-17 09:36:26,"0205 - South Beloit, IL",Unlead,South Beloit,IL,32.0,0,0.0,1
2026-04-17 09:36:26,"0206 - Winnebago, IL",Diesel,Winnebago,IL,0.0,0,0.0,1
2026-04-17 09:36:26,"0206 - Winnebago, IL",Unlead,Winnebago,IL,62.0,0,0.0,1
2026-04-17 09:36:26,"0209 - Oakdale, WI",Diesel,Oakdale,WI,0.0,0,0.0,3
2026-04-17 09:36:26,"0209 - Oakdale, WI",Unlead,Oakdale,WI,16.0,0,0.0,1
2026-04-17 09:36:26,"0210 - Rochelle, IL",Diesel,Rochelle,IL,0.0,0,0.0,3
2026-04-17 09:36:26,"0210 - Rochelle, IL",Unlead,Rochelle,IL,20.0,0,0.0,1
2026-04-17 09:36:26,"0211 - Loves Park, IL",Diesel,Loves Park,IL,0.0,0,0.0,1
2026-04-17 09:36:26,"0211 - Loves Park, IL",Unlead,Loves Park,IL,22.0,0,0.0,1
2026-04-17 09:36:26,"0225 - Princeton, IL",Diesel,Princeton,IL,0.0,0,0.0,4
2026-04-17 09:36:26,"0225 - Princeton, IL",Unlead,Princeton,IL,8.0,0,0.0,2
2026-04-17 09:36:26,"0226 - Greenwood, IN",Diesel,Greenwood,IN,111.0,0,0.0,2
2026-04-17 09:36:26,"0226 - Greenwood, IN",Unlead,Greenwood,IN,33.0,0,0.0,2
2026-04-17 09:36:26,"0235 - Hampshire, IL",Diesel,Hampshire,IL,93.0,0,0.0,2
2026-04-17 09:36:26,"0235 - Hampshire, IL",Unlead,Hampshire,IL,50.0,0,0.0,2
2026-04-17 09:36:26,"0236 - East Troy, WI",Diesel,East Troy,WI,0.0,0,0.0,2
2026-04-17 09:36:26,"0236 - East Troy, WI",Unlead,East Troy,WI,6.0,0,0.0,1
2026-04-17 09:36:26,"0240 - Lake Station, IN",Diesel,Lake Station,IN,96.0,0,0.0,5
2026-04-17 09:36:26,"0240 - Lake Station, IN",Unlead,Lake Station,IN,34.0,0,0.0,2
2026-04-17 09:36:26,"0242 - St Robert, MO",Diesel,St Robert,MO,0.0,0,0.0,4
2026-04-17 09:36:26,"0263 - Ottawa, IL",Diesel,Ottawa,IL,32.0,2,4186.0,3
2026-04-17 09:36:26,"0263 - Ottawa, IL",Unlead,Ottawa,IL,50.0,0,0.0,1
2026-04-17 09:36:26,"0265 - Dixon, IL",Diesel,Dixon,IL,59.6979999999985,0,0.0,3
2026-04-17 09:36:26,"0265 - Dixon, IL",Unlead,Dixon,IL,0.0,0,0.0,1
2026-04-17 09:36:26,"0266 - New Berlin, IL",Diesel,New Berlin,IL,27.0,0,0.0,3
2026-04-17 09:36:26,"0266 - New Berlin, IL",Unlead,New Berlin,IL,12.609800000000178,0,0.0,1
2026-04-17 09:36:26,"0267 - Pharr, TX",Diesel,Pharr,TX,498.0,0,0.0,4
2026-04-17 09:36:26,"0267 - Pharr, TX",Unlead,Pharr,TX,27.0,0,0.0,1
2026-04-17 09:36:26,"0268 - Grayville, IL",Diesel,Grayville,IL,47.0,0,0.0,3
2026-04-17 09:36:26,"0268 - Grayville, IL",Unlead,Grayville,IL,25.0,0,0.0,1
2026-04-17 09:36:26,"0269 - Marshall, IL",Diesel,Marshall,IL,102.0,0,0.0,3
2026-04-17 09:36:26,"0269 - Marshall, IL",Unlead,Marshall,IL,20.0,0,0.0,1
2026-04-17 09:36:26,"0270 - Moore, TX",Diesel,Moore,TX,182.0,0,0.0,3
2026-04-17 09:36:26,"0270 - Moore, TX",Unlead,Moore,TX,48.0,0,0.0,1
2026-04-17 09:36:26,"0271 - Odessa, TX",Diesel,Odessa,TX,460.6999999999989,0,0.0,3
2026-04-17 09:36:26,"0271 - Odessa, TX",Unlead,Odessa,TX,6.576000000000931,0,0.0,1
2026-04-17 09:36:26,"0272 - Encinal, TX",Diesel,Encinal,TX,0.0,0,0.0,3
2026-04-17 09:36:26,"0272 - Encinal, TX",Unlead,Encinal,TX,46.46700000000055,0,0.0,1
2026-04-17 09:36:26,"0273 - Combes, TX",Diesel,Combes,TX,63.82099999999991,0,0.0,3
2026-04-17 09:36:26,"0273 - Combes, TX",Unlead,Combes,TX,39.6820000000007,0,0.0,1
2026-04-17 09:36:26,"0275 - Sonora, TX",Diesel,Sonora,TX,106.10560000000078,0,0.0,3
2026-04-17 09:36:26,"0275 - Sonora, TX",Unlead,Sonora,TX,90.70299999999952,0,0.0,1
2026-04-17 09:36:26,"0276 - Waco, TX",Diesel,Waco,TX,492.3065000000024,0,0.0,3
2026-04-17 09:36:26,"0276 - Waco, TX",Unlead,Waco,TX,32.50699999999961,0,0.0,1
2026-04-17 09:36:26,"0277 - New Boston, TX",Diesel,New Boston,TX,29.59400000000096,0,0.0,3
2026-04-17 09:36:26,"0277 - New Boston, TX",Unlead,New Boston,TX,3.518000000000029,0,0.0,1
2026-04-17 09:36:26,"0278 - Brinkley, AR",Diesel,Brinkley,AR,199.07699999999932,0,0.0,3
2026-04-17 09:36:26,"0278 - Brinkley, AR",Unlead,Brinkley,AR,28.895000000000437,0,0.0,1
2026-04-17 09:36:26,"0279 - Marion, IL",Diesel,Marion,IL,99.48300000000017,0,0.0,3
2026-04-17 09:36:26,"0279 - Marion, IL",Unlead,Marion,IL,74.72500000000036,0,0.0,1
2026-04-17 09:36:26,"0280 - Monahans, TX",Diesel,Monahans,TX,0.0,0,0.0,3
2026-04-17 09:36:26,"0280 - Monahans, TX",Unlead,Monahans,TX,0.0,0,0.0,1
2026-04-17 09:36:26,"0281 - Cisco, TX",Diesel,Cisco,TX,78.39099999999962,0,0.0,3
2026-04-17 09:36:26,"0281 - Cisco, TX",Unlead,Cisco,TX,2.1120000000009895,0,0.0,1
2026-04-17 09:36:26,"0282 - Gainesville, TX",Diesel,Gainesville,TX,12.657999999999447,0,0.0,3
2026-04-17 09:36:26,"0282 - Gainesville, TX",Unlead,Gainesville,TX,52.5575000000008,0,0.0,1
2026-04-17 09:36:26,"0283 - Sealy, TX",Diesel,Sealy,TX,43.01299999999719,0,0.0,3
2026-04-17 09:36:26,"0283 - Sealy, TX",Unlead,Sealy,TX,10.064000000000306,0,0.0,1
2026-04-17 09:36:26,"0284 - New Deal, TX",Diesel,New Deal,TX,9.32799999999952,2,5236.257,3
2026-04-17 09:36:26,"0284 - New Deal, TX",Unlead,New Deal,TX,38.26199999999881,0,0.0,1
2026-04-17 09:36:26,"0285 - Seguin, TX",Diesel,Seguin,TX,75.9444999999996,0,0.0,3
2026-04-17 09:36:26,"0285 - Seguin, TX",Unlead,Seguin,TX,19.427999999999884,0,0.0,1
2026-04-17 09:36:26,"0286 - Amarillo, TX",Diesel,Amarillo,TX,0.0,0,0.0,3
2026-04-17 09:36:26,"0286 - Amarillo, TX",Unlead,Amarillo,TX,0.0,0,0.0,1
2026-04-17 09:36:26,"0287 - Burbonnais, IL",Diesel,Burbonnais,IL,90.87099999999737,0,0.0,3
2026-04-17 09:36:26,"0287 - Burbonnais, IL",Unlead,Burbonnais,IL,80.41799999999967,0,0.0,1
2026-04-17 09:36:26,"0289 - Teague, TX",Diesel,Teague,TX,35.298000000000684,0,0.0,3
2026-04-17 09:36:26,"0289 - Teague, TX",Unlead,Teague,TX,37.89300000000003,0,0.0,1
2026-04-17 09:36:26,"0290 - Joplin, MO",Diesel,Joplin,MO,78.27000000000226,0,0.0,3
2026-04-17 09:36:26,"0290 - Joplin, MO",Unlead,Joplin,MO,20.896999999999025,0,0.0,1
2026-04-17 09:36:26,"0312 - Vidor, TX",Diesel,Vidor,TX,0.0,0,0.0,3
2026-04-17 09:36:26,"0312 - Vidor, TX",Unlead,Vidor,TX,41.28299999999945,0,0.0,1
2026-04-17 09:36:26,"0315 - Laredo, TX",Diesel,Laredo,TX,0.0,0,0.0,3
2026-04-17 09:36:26,"0315 - Laredo, TX",Unlead,Laredo,TX,6.766999999999825,0,0.0,1
2026-04-17 09:36:26,"0319 - Milford, TX",Diesel,Milford,TX,55.42100000000028,0,0.0,3
2026-04-17 09:36:26,"0319 - Milford, TX",Unlead,Milford,TX,19.345000000001164,0,0.0,1
2026-04-17 09:36:26,"0323 - Canton, TX",Diesel,Canton,TX,0.0,0,0.0,3
2026-04-17 09:36:26,"0323 - Canton, TX",Unlead,Canton,TX,65.84400000000096,0,0.0,1
2026-04-17 09:51:28,"0118 - Springfield, IL",Diesel,Springfield,IL,9.0,0,0.0,3
2026-04-17 09:51:28,"0118 - Springfield, IL",Unlead,Springfield,IL,29.0,0,0.0,1
2026-04-17 09:51:28,"0132 - Champaign, IL",Diesel,Champaign,IL,0.0,0,0.0,3
2026-04-17 09:51:28,"0132 - Champaign, IL",Unlead,Champaign,IL,65.625,0,0.0,1
2026-04-17 09:51:28,"0136 - Cottage Grove, WI",Diesel,Cottage Grove,WI,214.57600000000002,0,0.0,2
2026-04-17 09:51:28,"0136 - Cottage Grove, WI",Unlead,Cottage Grove,WI,22.355999999999767,0,0.0,1
2026-04-17 09:51:28,"0139 - Tuscola, IL",Diesel,Tuscola,IL,0.0,0,0.0,1
2026-04-17 09:51:28,"0139 - Tuscola, IL",Unlead,Tuscola,IL,59.0,0,0.0,2
2026-04-17 09:51:28,"0140 - Mendota, IL",Diesel,Mendota,IL,0.0,0,0.0,2
2026-04-17 09:51:28,"0140 - Mendota, IL",Unlead,Mendota,IL,23.0,0,0.0,2
2026-04-17 09:51:28,"0141 - Brazil, IN",Diesel,Brazil,IN,30.556499999999687,0,0.0,4
2026-04-17 09:51:28,"0141 - Brazil, IN",Unlead,Brazil,IN,31.0,0,0.0,1
2026-04-17 09:51:28,"0144 - Elk Run Height, IA",Diesel,Elk Run Height,IA,205.0,0,0.0,4
2026-04-17 09:51:28,"0144 - Elk Run Height, IA",Unlead,Elk Run Height,IA,34.20440000000008,0,0.0,2
2026-04-17 09:51:28,"0145 - Fenton, MO",Diesel,Fenton,MO,230.0,0,0.0,2
2026-04-17 09:51:28,"0145 - Fenton, MO",Unlead,Fenton,MO,25.0,0,0.0,1
2026-04-17 09:51:28,"0157 - Okawville, IL",Diesel,Okawville,IL,10.0,1,214.0,3
2026-04-17 09:51:28,"0157 - Okawville, IL",Unlead,Okawville,IL,15.676000000001295,0,0.0,1
2026-04-17 09:51:28,"0181 - Springfield, IL",Diesel,Springfield,IL,104.94999999999891,0,0.0,3
2026-04-17 09:51:28,"0181 - Springfield, IL",Unlead,Springfield,IL,36.33930000000055,0,0.0,1
2026-04-17 09:51:28,"0185 - McLean, IL",Diesel,McLean,IL,251.97400000000016,0,0.0,4
2026-04-17 09:51:28,"0185 - McLean, IL",Unlead,McLean,IL,72.8105999999998,0,0.0,1
2026-04-17 09:51:28,"0186 - Minonk, IL",Diesel,Minonk,IL,0.0,0,0.0,3
2026-04-17 09:51:28,"0186 - Minonk, IL",Unlead,Minonk,IL,25.01429999999982,0,0.0,1
2026-04-17 09:51:28,"0187 - Chicago, IL",Diesel,Chicago,IL,0.0,0,0.0,3
2026-04-17 09:51:28,"0187 - Chicago, IL",Unlead,Chicago,IL,55.975000000000364,0,0.0,1
2026-04-17 09:51:28,"0203 - Rockford, IL",Diesel,Rockford,IL,0.0,0,0.0,1
2026-04-17 09:51:28,"0203 - Rockford, IL",Unlead,Rockford,IL,37.05280000000039,0,0.0,1
2026-04-17 09:51:28,"0205 - South Beloit, IL",Diesel,South Beloit,IL,0.0,0,0.0,3
2026-04-17 09:51:28,"0205 - South Beloit, IL",Unlead,South Beloit,IL,46.0,0,0.0,1
2026-04-17 09:51:28,"0206 - Winnebago, IL",Diesel,Winnebago,IL,0.0,0,0.0,1
2026-04-17 09:51:28,"0206 - Winnebago, IL",Unlead,Winnebago,IL,94.0,0,0.0,1
2026-04-17 09:51:28,"0209 - Oakdale, WI",Diesel,Oakdale,WI,0.0,0,0.0,3
2026-04-17 09:51:28,"0209 - Oakdale, WI",Unlead,Oakdale,WI,37.0,0,0.0,1
2026-04-17 09:51:28,"0210 - Rochelle, IL",Diesel,Rochelle,IL,42.0,0,0.0,3
2026-04-17 09:51:28,"0210 - Rochelle, IL",Unlead,Rochelle,IL,39.0,0,0.0,1
2026-04-17 09:51:28,"0211 - Loves Park, IL",Diesel,Loves Park,IL,0.0,0,0.0,1
2026-04-17 09:51:28,"0211 - Loves Park, IL",Unlead,Loves Park,IL,51.0,0,0.0,1
2026-04-17 09:51:28,"0225 - Princeton, IL",Diesel,Princeton,IL,56.0,0,0.0,4
2026-04-17 09:51:28,"0225 - Princeton, IL",Unlead,Princeton,IL,25.0,0,0.0,2
2026-04-17 09:51:28,"0226 - Greenwood, IN",Diesel,Greenwood,IN,65.0,0,0.0,2
2026-04-17 09:51:28,"0226 - Greenwood, IN",Unlead,Greenwood,IN,12.0,0,0.0,2
2026-04-17 09:51:28,"0235 - Hampshire, IL",Diesel,Hampshire,IL,0.0,0,0.0,2
2026-04-17 09:51:28,"0235 - Hampshire, IL",Unlead,Hampshire,IL,31.0,0,0.0,2
2026-04-17 09:51:28,"0236 - East Troy, WI",Diesel,East Troy,WI,0.0,0,0.0,2
2026-04-17 09:51:28,"0236 - East Troy, WI",Unlead,East Troy,WI,18.0,0,0.0,1
2026-04-17 09:51:28,"0240 - Lake Station, IN",Diesel,Lake Station,IN,103.0,0,0.0,5
2026-04-17 09:51:28,"0240 - Lake Station, IN",Unlead,Lake Station,IN,13.0,0,0.0,2
2026-04-17 09:51:28,"0242 - St Robert, MO",Diesel,St Robert,MO,306.0020000000004,0,0.0,4
2026-04-17 09:51:28,"0263 - Ottawa, IL",Diesel,Ottawa,IL,302.0,1,1206.0,3
2026-04-17 09:51:28,"0263 - Ottawa, IL",Unlead,Ottawa,IL,33.0,0,0.0,1
2026-04-17 09:51:28,"0265 - Dixon, IL",Diesel,Dixon,IL,0.0,0,0.0,3
2026-04-17 09:51:28,"0265 - Dixon, IL",Unlead,Dixon,IL,23.23999999999978,0,0.0,1
2026-04-17 09:51:28,"0266 - New Berlin, IL",Diesel,New Berlin,IL,0.0,0,0.0,3
2026-04-17 09:51:28,"0266 - New Berlin, IL",Unlead,New Berlin,IL,22.272500000000036,0,0.0,1
2026-04-17 09:51:28,"0267 - Pharr, TX",Diesel,Pharr,TX,507.0,0,0.0,4
2026-04-17 09:51:28,"0267 - Pharr, TX",Unlead,Pharr,TX,25.0,0,0.0,1
2026-04-17 09:51:28,"0268 - Grayville, IL",Diesel,Grayville,IL,0.0,0,0.0,3
2026-04-17 09:51:28,"0268 - Grayville, IL",Unlead,Grayville,IL,58.0,0,0.0,1
2026-04-17 09:51:28,"0269 - Marshall, IL",Diesel,Marshall,IL,12.0,0,0.0,3
2026-04-17 09:51:28,"0269 - Marshall, IL",Unlead,Marshall,IL,10.0,0,0.0,1
2026-04-17 09:51:28,"0270 - Moore, TX",Diesel,Moore,TX,32.0,0,0.0,3
2026-04-17 09:51:28,"0270 - Moore, TX",Unlead,Moore,TX,56.0,0,0.0,1
2026-04-17 09:51:28,"0271 - Odessa, TX",Diesel,Odessa,TX,191.77200000000084,0,0.0,3
2026-04-17 09:51:28,"0271 - Odessa, TX",Unlead,Odessa,TX,66.04299999999967,0,0.0,1
2026-04-17 09:51:28,"0272 - Encinal, TX",Diesel,Encinal,TX,0.0,0,0.0,3
2026-04-17 09:51:28,"0272 - Encinal, TX",Unlead,Encinal,TX,10.92699999999968,0,0.0,1
2026-04-17 09:51:28,"0273 - Combes, TX",Diesel,Combes,TX,92.93099999999868,0,0.0,3
2026-04-17 09:51:28,"0273 - Combes, TX",Unlead,Combes,TX,54.51800000000003,0,0.0,1
2026-04-17 09:51:28,"0275 - Sonora, TX",Diesel,Sonora,TX,0.0,0,0.0,3
2026-04-17 09:51:28,"0275 - Sonora, TX",Unlead,Sonora,TX,33.46700000000055,0,0.0,1
2026-04-17 09:51:28,"0276 - Waco, TX",Diesel,Waco,TX,209.85000000000036,0,0.0,3
2026-04-17 09:51:28,"0276 - Waco, TX",Unlead,Waco,TX,0.0,0,0.0,1
2026-04-17 09:51:28,"0277 - New Boston, TX",Diesel,New Boston,TX,182.53399999999965,0,0.0,3
2026-04-17 09:51:28,"0277 - New Boston, TX",Unlead,New Boston,TX,41.06500000000051,0,0.0,1
2026-04-17 09:51:28,"0278 - Brinkley, AR",Diesel,Brinkley,AR,101.69100000000071,0,0.0,3
2026-04-17 09:51:28,"0278 - Brinkley, AR",Unlead,Brinkley,AR,14.376000000000204,0,0.0,1
2026-04-17 09:51:28,"0279 - Marion, IL",Diesel,Marion,IL,36.746000000001004,0,0.0,3
2026-04-17 09:51:28,"0279 - Marion, IL",Unlead,Marion,IL,40.27799999999843,0,0.0,1
2026-04-17 09:51:28,"0280 - Monahans, TX",Diesel,Monahans,TX,0.0,0,0.0,3
2026-04-17 09:51:28,"0280 - Monahans, TX",Unlead,Monahans,TX,0.0,0,0.0,1
2026-04-17 09:51:28,"0281 - Cisco, TX",Diesel,Cisco,TX,111.82600000000093,0,0.0,3
2026-04-17 09:51:28,"0281 - Cisco, TX",Unlead,Cisco,TX,38.806000000000495,0,0.0,1
2026-04-17 09:51:28,"0282 - Gainesville, TX",Diesel,Gainesville,TX,6.1159999999999854,0,0.0,3
2026-04-17 09:51:28,"0282 - Gainesville, TX",Unlead,Gainesville,TX,38.51349999999911,0,0.0,1
2026-04-17 09:51:28,"0283 - Sealy, TX",Diesel,Sealy,TX,258.4120000000021,0,0.0,3
2026-04-17 09:51:28,"0283 - Sealy, TX",Unlead,Sealy,TX,0.0,0,0.0,1
2026-04-17 09:51:28,"0284 - New Deal, TX",Diesel,New Deal,TX,24.783000000001266,2,2603.9199999999983,3
2026-04-17 09:51:28,"0284 - New Deal, TX",Unlead,New Deal,TX,68.35000000000036,0,0.0,1
2026-04-17 09:51:28,"0285 - Seguin, TX",Diesel,Seguin,TX,110.77700000000004,0,0.0,3
2026-04-17 09:51:28,"0285 - Seguin, TX",Unlead,Seguin,TX,39.92900000000009,0,0.0,1
2026-04-17 09:51:28,"0286 - Amarillo, TX",Diesel,Amarillo,TX,91.17400000000089,0,0.0,3
2026-04-17 09:51:28,"0286 - Amarillo, TX",Unlead,Amarillo,TX,19.577000000001135,0,0.0,1
2026-04-17 09:51:28,"0287 - Burbonnais, IL",Diesel,Burbonnais,IL,0.0,0,0.0,3
2026-04-17 09:51:28,"0287 - Burbonnais, IL",Unlead,Burbonnais,IL,93.38400000000001,0,0.0,1
2026-04-17 09:51:28,"0289 - Teague, TX",Diesel,Teague,TX,161.4419999999991,0,0.0,3
2026-04-17 09:51:28,"0289 - Teague, TX",Unlead,Teague,TX,20.00300000000061,0,0.0,1
2026-04-17 09:51:28,"0290 - Joplin, MO",Diesel,Joplin,MO,142.79799999999886,0,0.0,3
2026-04-17 09:51:28,"0290 - Joplin, MO",Unlead,Joplin,MO,11.009000000000015,0,0.0,1
2026-04-17 09:51:28,"0312 - Vidor, TX",Diesel,Vidor,TX,0.0,0,0.0,3
2026-04-17 09:51:28,"0312 - Vidor, TX",Unlead,Vidor,TX,20.814000000000306,0,0.0,1
2026-04-17 09:51:28,"0315 - Laredo, TX",Diesel,Laredo,TX,77.08899999999994,0,0.0,3
2026-04-17 09:51:28,"0315 - Laredo, TX",Unlead,Laredo,TX,34.509000000000015,0,0.0,1
2026-04-17 09:51:28,"0319 - Milford, TX",Diesel,Milford,TX,72.84299999999894,0,0.0,3
2026-04-17 09:51:28,"0319 - Milford, TX",Unlead,Milford,TX,28.686999999999898,0,0.0,1
2026-04-17 09:51:28,"0323 - Canton, TX",Diesel,Canton,TX,70.59100000000035,0,0.0,3
2026-04-17 09:51:28,"0323 - Canton, TX",Unlead,Canton,TX,53.04699999999866,0,0.0,1
2026-04-17 10:06:30,"0118 - Springfield, IL",Diesel,Springfield,IL,25.0,0,0.0,3
2026-04-17 10:06:30,"0118 - Springfield, IL",Unlead,Springfield,IL,35.0,0,0.0,1
2026-04-17 10:06:30,"0132 - Champaign, IL",Diesel,Champaign,IL,51.634000000000015,0,0.0,3
2026-04-17 10:06:30,"0132 - Champaign, IL",Unlead,Champaign,IL,38.14899999999943,0,0.0,1
2026-04-17 10:06:30,"0136 - Cottage Grove, WI",Diesel,Cottage Grove,WI,312.7349999999997,0,0.0,2
2026-04-17 10:06:30,"0136 - Cottage Grove, WI",Unlead,Cottage Grove,WI,0.0,0,0.0,1
2026-04-17 10:06:30,"0139 - Tuscola, IL",Diesel,Tuscola,IL,194.0,0,0.0,1
2026-04-17 10:06:30,"0139 - Tuscola, IL",Unlead,Tuscola,IL,13.0,0,0.0,2
2026-04-17 10:06:30,"0140 - Mendota, IL",Diesel,Mendota,IL,0.0,0,0.0,2
2026-04-17 10:06:30,"0140 - Mendota, IL",Unlead,Mendota,IL,0.0,1,3441.0,2
2026-04-17 10:06:30,"0141 - Brazil, IN",Diesel,Brazil,IN,0.0,0,0.0,4
2026-04-17 10:06:30,"0141 - Brazil, IN",Unlead,Brazil,IN,12.0,0,0.0,1
2026-04-17 10:06:30,"0144 - Elk Run Height, IA",Diesel,Elk Run Height,IA,0.0,0,0.0,4
2026-04-17 10:06:30,"0144 - Elk Run Height, IA",Unlead,Elk Run Height,IA,0.0,0,0.0,2
2026-04-17 10:06:30,"0145 - Fenton, MO",Diesel,Fenton,MO,115.0,0,0.0,2
2026-04-17 10:06:30,"0145 - Fenton, MO",Unlead,Fenton,MO,34.0,0,0.0,1
2026-04-17 10:06:30,"0157 - Okawville, IL",Diesel,Okawville,IL,0.0,0,0.0,3
2026-04-17 10:06:30,"0157 - Okawville, IL",Unlead,Okawville,IL,0.0,1,2015.5380000000005,1
2026-04-17 10:06:30,"0181 - Springfield, IL",Diesel,Springfield,IL,86.31200000000172,0,0.0,3
2026-04-17 10:06:30,"0181 - Springfield, IL",Unlead,Springfield,IL,53.84719999999925,0,0.0,1
2026-04-17 10:06:30,"0185 - McLean, IL",Diesel,McLean,IL,77.07899999999972,0,0.0,4
2026-04-17 10:06:30,"0185 - McLean, IL",Unlead,McLean,IL,46.871000000000095,0,0.0,1
2026-04-17 10:06:30,"0186 - Minonk, IL",Diesel,Minonk,IL,22.402600000000348,0,0.0,3
2026-04-17 10:06:30,"0186 - Minonk, IL",Unlead,Minonk,IL,39.054699999999684,0,0.0,1
2026-04-17 10:06:30,"0187 - Chicago, IL",Diesel,Chicago,IL,0.0,0,0.0,3
2026-04-17 10:06:30,"0187 - Chicago, IL",Unlead,Chicago,IL,7.1119999999991705,0,0.0,1
2026-04-17 10:06:30,"0203 - Rockford, IL",Diesel,Rockford,IL,0.0,0,0.0,1
2026-04-17 10:06:30,"0203 - Rockford, IL",Unlead,Rockford,IL,6.201100000000224,0,0.0,1
2026-04-17 10:06:30,"0205 - South Beloit, IL",Diesel,South Beloit,IL,0.0,0,0.0,3
2026-04-17 10:06:30,"0205 - South Beloit, IL",Unlead,South Beloit,IL,77.0,0,0.0,1
2026-04-17 10:06:30,"0206 - Winnebago, IL",Diesel,Winnebago,IL,0.0,0,0.0,1
2026-04-17 10:06:30,"0206 - Winnebago, IL",Unlead,Winnebago,IL,112.0,0,0.0,1
2026-04-17 10:06:30,"0209 - Oakdale, WI",Diesel,Oakdale,WI,0.0,0,0.0,3
2026-04-17 10:06:30,"0209 - Oakdale, WI",Unlead,Oakdale,WI,43.0,0,0.0,1
2026-04-17 10:06:30,"0210 - Rochelle, IL",Diesel,Rochelle,IL,0.0,0,0.0,3
2026-04-17 10:06:30,"0210 - Rochelle, IL",Unlead,Rochelle,IL,30.0,0,0.0,1
2026-04-17 10:06:30,"0211 - Loves Park, IL",Diesel,Loves Park,IL,0.0,0,0.0,1
2026-04-17 10:06:30,"0211 - Loves Park, IL",Unlead,Loves Park,IL,52.0,0,0.0,1
2026-04-17 10:06:30,"0225 - Princeton, IL",Diesel,Princeton,IL,181.0,0,0.0,4
2026-04-17 10:06:30,"0225 - Princeton, IL",Unlead,Princeton,IL,14.0,0,0.0,2
2026-04-17 10:06:30,"0226 - Greenwood, IN",Diesel,Greenwood,IN,0.0,0,0.0,2
2026-04-17 10:06:30,"0226 - Greenwood, IN",Unlead,Greenwood,IN,34.0,0,0.0,2
2026-04-17 10:06:30,"0235 - Hampshire, IL",Diesel,Hampshire,IL,0.0,0,0.0,2
2026-04-17 10:06:30,"0235 - Hampshire, IL",Unlead,Hampshire,IL,31.0,0,0.0,2
2026-04-17 10:06:30,"0236 - East Troy, WI",Diesel,East Troy,WI,0.0,0,0.0,2
2026-04-17 10:06:30,"0236 - East Troy, WI",Unlead,East Troy,WI,10.0,0,0.0,1
2026-04-17 10:06:30,"0240 - Lake Station, IN",Diesel,Lake Station,IN,89.0,0,0.0,5
2026-04-17 10:06:30,"0240 - Lake Station, IN",Unlead,Lake Station,IN,33.0,0,0.0,2
2026-04-17 10:06:30,"0242 - St Robert, MO",Diesel,St Robert,MO,12.40599999999904,0,0.0,4
2026-04-17 10:06:30,"0263 - Ottawa, IL",Diesel,Ottawa,IL,131.0,0,0.0,3
2026-04-17 10:06:30,"0263 - Ottawa, IL",Unlead,Ottawa,IL,22.0,0,0.0,1
2026-04-17 10:06:30,"0265 - Dixon, IL",Diesel,Dixon,IL,225.875,0,0.0,3
2026-04-17 10:06:30,"0265 - Dixon, IL",Unlead,Dixon,IL,15.066000000000713,0,0.0,1
2026-04-17 10:06:30,"0266 - New Berlin, IL",Diesel,New Berlin,IL,0.0,0,0.0,3
2026-04-17 10:06:30,"0266 - New Berlin, IL",Unlead,New Berlin,IL,53.82749999999987,0,0.0,1
2026-04-17 10:06:30,"0267 - Pharr, TX",Diesel,Pharr,TX,508.0,0,0.0,4
2026-04-17 10:06:30,"0267 - Pharr, TX",Unlead,Pharr,TX,24.0,0,0.0,1
2026-04-17 10:06:30,"0268 - Grayville, IL",Diesel,Grayville,IL,21.0,0,0.0,3
2026-04-17 10:06:30,"0268 - Grayville, IL",Unlead,Grayville,IL,68.0,0,0.0,1
2026-04-17 10:06:30,"0269 - Marshall, IL",Diesel,Marshall,IL,195.0,0,0.0,3
2026-04-17 10:06:30,"0269 - Marshall, IL",Unlead,Marshall,IL,39.0,0,0.0,1
2026-04-17 10:06:30,"0270 - Moore, TX",Diesel,Moore,TX,38.0,0,0.0,3
2026-04-17 10:06:30,"0270 - Moore, TX",Unlead,Moore,TX,35.0,0,0.0,1
2026-04-17 10:06:30,"0271 - Odessa, TX",Diesel,Odessa,TX,99.35599999999977,0,0.0,3
2026-04-17 10:06:30,"0271 - Odessa, TX",Unlead,Odessa,TX,83.43499999999949,0,0.0,1
2026-04-17 10:06:30,"0272 - Encinal, TX",Diesel,Encinal,TX,281.2374999999993,0,0.0,3
2026-04-17 10:06:30,"0272 - Encinal, TX",Unlead,Encinal,TX,18.631999999999607,0,0.0,1
2026-04-17 10:06:30,"0273 - Combes, TX",Diesel,Combes,TX,144.42100000000028,0,0.0,3
2026-04-17 10:06:30,"0273 - Combes, TX",Unlead,Combes,TX,71.8799999999992,0,0.0,1
2026-04-17 10:06:30,"0275 - Sonora, TX",Diesel,Sonora,TX,162.27690000000166,0,0.0,3
2026-04-17 10:06:30,"0275 - Sonora, TX",Unlead,Sonora,TX,73.97499999999854,0,0.0,1
2026-04-17 10:06:30,"0276 - Waco, TX",Diesel,Waco,TX,485.85999999999876,0,0.0,3
2026-04-17 10:06:30,"0276 - Waco, TX",Unlead,Waco,TX,126.6190000000006,0,0.0,1
2026-04-17 10:06:30,"0277 - New Boston, TX",Diesel,New Boston,TX,82.6989999999987,0,0.0,3
2026-04-17 10:06:30,"0277 - New Boston, TX",Unlead,New Boston,TX,26.317000000000917,0,0.0,1
2026-04-17 10:06:30,"0278 - Brinkley, AR",Diesel,Brinkley,AR,201.46799999999894,0,0.0,3
2026-04-17 10:06:30,"0278 - Brinkley, AR",Unlead,Brinkley,AR,90.47999999999956,0,0.0,1
2026-04-17 10:06:30,"0279 - Marion, IL",Diesel,Marion,IL,29.890999999997803,0,0.0,3
2026-04-17 10:06:30,"0279 - Marion, IL",Unlead,Marion,IL,69.23000000000138,0,0.0,1
2026-04-17 10:06:30,"0280 - Monahans, TX",Diesel,Monahans,TX,0.0,0,0.0,3
2026-04-17 10:06:30,"0280 - Monahans, TX",Unlead,Monahans,TX,0.0,0,0.0,1
2026-04-17 10:06:30,"0281 - Cisco, TX",Diesel,Cisco,TX,0.0,0,0.0,3
2026-04-17 10:06:30,"0281 - Cisco, TX",Unlead,Cisco,TX,9.940999999998894,0,0.0,1
2026-04-17 10:06:30,"0282 - Gainesville, TX",Diesel,Gainesville,TX,0.0,0,0.0,3
2026-04-17 10:06:30,"0282 - Gainesville, TX",Unlead,Gainesville,TX,34.58400000000074,0,0.0,1
2026-04-17 10:06:30,"0283 - Sealy, TX",Diesel,Sealy,TX,175.98799999999937,0,0.0,3
2026-04-17 10:06:30,"0283 - Sealy, TX",Unlead,Sealy,TX,5.174000000000888,0,0.0,1
2026-04-17 10:06:30,"0284 - New Deal, TX",Diesel,New Deal,TX,0.0,0,0.0,3
2026-04-17 10:06:30,"0284 - New Deal, TX",Unlead,New Deal,TX,135.60599999999977,0,0.0,1
2026-04-17 10:06:30,"0285 - Seguin, TX",Diesel,Seguin,TX,383.01500000000124,0,0.0,3
2026-04-17 10:06:30,"0285 - Seguin, TX",Unlead,Seguin,TX,49.86700000000019,0,0.0,1
2026-04-17 10:06:30,"0286 - Amarillo, TX",Diesel,Amarillo,TX,0.0,0,0.0,3
2026-04-17 10:06:30,"0286 - Amarillo, TX",Unlead,Amarillo,TX,12.942999999999302,0,0.0,1
2026-04-17 10:06:30,"0287 - Burbonnais, IL",Diesel,Burbonnais,IL,0.0,0,0.0,3
2026-04-17 10:06:30,"0287 - Burbonnais, IL",Unlead,Burbonnais,IL,60.50799999999981,0,0.0,1
2026-04-17 10:06:30,"0289 - Teague, TX",Diesel,Teague,TX,29.056000000000495,0,0.0,3
2026-04-17 10:06:30,"0289 - Teague, TX",Unlead,Teague,TX,36.78199999999924,0,0.0,1
2026-04-17 10:06:30,"0290 - Joplin, MO",Diesel,Joplin,MO,27.147000000000844,0,0.0,3
2026-04-17 10:06:30,"0290 - Joplin, MO",Unlead,Joplin,MO,55.91400000000067,0,0.0,1
2026-04-17 10:06:30,"0312 - Vidor, TX",Diesel,Vidor,TX,0.0,0,0.0,3
2026-04-17 10:06:30,"0312 - Vidor, TX",Unlead,Vidor,TX,26.141999999999825,0,0.0,1
2026-04-17 10:06:30,"0315 - Laredo, TX",Diesel,Laredo,TX,0.0,0,0.0,3
2026-04-17 10:06:30,"0315 - Laredo, TX",Unlead,Laredo,TX,51.26400000000103,0,0.0,1
2026-04-17 10:06:30,"0319 - Milford, TX",Diesel,Milford,TX,171.26000000000022,0,0.0,3
2026-04-17 10:06:30,"0319 - Milford, TX",Unlead,Milford,TX,21.26599999999962,0,0.0,1
2026-04-17 10:06:30,"0323 - Canton, TX",Diesel,Canton,TX,117.71500000000015,0,0.0,3
2026-04-17 10:06:30,"0323 - Canton, TX",Unlead,Canton,TX,63.19300000000112,0,0.0,1
2026-04-17 10:21:36,"0118 - Springfield, IL",Diesel,Springfield,IL,0.0,0,0.0,3
2026-04-17 10:21:36,"0118 - Springfield, IL",Unlead,Springfield,IL,40.0,0,0.0,1
2026-04-17 10:21:36,"0132 - Champaign, IL",Diesel,Champaign,IL,48.12699999999859,0,0.0,3
2026-04-17 10:21:36,"0132 - Champaign, IL",Unlead,Champaign,IL,56.62700000000041,0,0.0,1
2026-04-17 10:21:36,"0136 - Cottage Grove, WI",Diesel,Cottage Grove,WI,169.97000000000025,0,0.0,2
2026-04-17 10:21:36,"0136 - Cottage Grove, WI",Unlead,Cottage Grove,WI,66.72499999999854,0,0.0,1
2026-04-17 10:21:36,"0139 - Tuscola, IL",Diesel,Tuscola,IL,13.0,0,0.0,1
2026-04-17 10:21:36,"0139 - Tuscola, IL",Unlead,Tuscola,IL,7.0,0,0.0,2
2026-04-17 10:21:36,"0140 - Mendota, IL",Diesel,Mendota,IL,0.0,0,0.0,2
2026-04-17 10:21:36,"0140 - Mendota, IL",Unlead,Mendota,IL,0.0,1,3013.0,2
2026-04-17 10:21:36,"0141 - Brazil, IN",Diesel,Brazil,IN,0.0,0,0.0,4
2026-04-17 10:21:36,"0141 - Brazil, IN",Unlead,Brazil,IN,0.0,0,0.0,1
2026-04-17 10:21:36,"0144 - Elk Run Height, IA",Diesel,Elk Run Height,IA,384.0,0,0.0,4
2026-04-17 10:21:36,"0144 - Elk Run Height, IA",Unlead,Elk Run Height,IA,0.0,0,0.0,2
2026-04-17 10:21:36,"0145 - Fenton, MO",Diesel,Fenton,MO,132.0,0,0.0,2
2026-04-17 10:21:36,"0145 - Fenton, MO",Unlead,Fenton,MO,13.0,0,0.0,1
2026-04-17 10:21:36,"0157 - Okawville, IL",Diesel,Okawville,IL,0.0,1,154.0,3
2026-04-17 10:21:36,"0157 - Okawville, IL",Unlead,Okawville,IL,37.52000000000044,0,0.0,1
2026-04-17 10:21:36,"0181 - Springfield, IL",Diesel,Springfield,IL,59.07899999999972,0,0.0,3
2026-04-17 10:21:36,"0181 - Springfield, IL",Unlead,Springfield,IL,0.0,0,0.0,1
2026-04-17 10:21:36,"0185 - McLean, IL",Diesel,McLean,IL,112.96200000000135,0,0.0,4
2026-04-17 10:21:36,"0185 - McLean, IL",Unlead,McLean,IL,66.81940000000031,0,0.0,1
2026-04-17 10:21:36,"0186 - Minonk, IL",Diesel,Minonk,IL,33.16299999999865,0,0.0,3
2026-04-17 10:21:36,"0186 - Minonk, IL",Unlead,Minonk,IL,79.85840000000007,0,0.0,1
2026-04-17 10:21:36,"0187 - Chicago, IL",Diesel,Chicago,IL,0.0,0,0.0,3
2026-04-17 10:21:36,"0187 - Chicago, IL",Unlead,Chicago,IL,15.938000000000102,0,0.0,1
2026-04-17 10:21:36,"0203 - Rockford, IL",Diesel,Rockford,IL,0.0,0,0.0,1
2026-04-17 10:21:36,"0203 - Rockford, IL",Unlead,Rockford,IL,6.803599999999278,0,0.0,1
2026-04-17 10:21:36,"0205 - South Beloit, IL",Diesel,South Beloit,IL,194.0,0,0.0,3
2026-04-17 10:21:36,"0205 - South Beloit, IL",Unlead,South Beloit,IL,22.0,0,0.0,1
2026-04-17 10:21:36,"0206 - Winnebago, IL",Diesel,Winnebago,IL,24.0,0,0.0,1
2026-04-17 10:21:36,"0206 - Winnebago, IL",Unlead,Winnebago,IL,52.0,0,0.0,1
2026-04-17 10:21:36,"0209 - Oakdale, WI",Diesel,Oakdale,WI,0.0,0,0.0,3
2026-04-17 10:21:36,"0209 - Oakdale, WI",Unlead,Oakdale,WI,36.0,0,0.0,1
2026-04-17 10:21:36,"0210 - Rochelle, IL",Diesel,Rochelle,IL,28.0,0,0.0,3
2026-04-17 10:21:36,"0210 - Rochelle, IL",Unlead,Rochelle,IL,41.0,0,0.0,1
2026-04-17 10:21:36,"0211 - Loves Park, IL",Diesel,Loves Park,IL,0.0,0,0.0,1
2026-04-17 10:21:36,"0211 - Loves Park, IL",Unlead,Loves Park,IL,31.0,0,0.0,1
2026-04-17 10:21:36,"0225 - Princeton, IL",Diesel,Princeton,IL,152.0,0,0.0,4
2026-04-17 10:21:36,"0225 - Princeton, IL",Unlead,Princeton,IL,18.0,0,0.0,2
2026-04-17 10:21:36,"0226 - Greenwood, IN",Diesel,Greenwood,IN,0.0,0,0.0,2
2026-04-17 10:21:36,"0226 - Greenwood, IN",Unlead,Greenwood,IN,53.0,0,0.0,2
2026-04-17 10:21:36,"0235 - Hampshire, IL",Diesel,Hampshire,IL,49.0,0,0.0,2
2026-04-17 10:21:36,"0235 - Hampshire, IL",Unlead,Hampshire,IL,44.0,0,0.0,2
2026-04-17 10:21:36,"0236 - East Troy, WI",Diesel,East Troy,WI,0.0,0,0.0,2
2026-04-17 10:21:36,"0236 - East Troy, WI",Unlead,East Troy,WI,7.0,0,0.0,1
2026-04-17 10:21:36,"0240 - Lake Station, IN",Diesel,Lake Station,IN,91.0,0,0.0,5
2026-04-17 10:21:36,"0240 - Lake Station, IN",Unlead,Lake Station,IN,12.0,0,0.0,2
2026-04-17 10:21:36,"0242 - St Robert, MO",Diesel,St Robert,MO,41.16600000000108,0,0.0,4
2026-04-17 10:21:36,"0263 - Ottawa, IL",Diesel,Ottawa,IL,46.0,0,0.0,3
2026-04-17 10:21:36,"0263 - Ottawa, IL",Unlead,Ottawa,IL,30.0,0,0.0,1
2026-04-17 10:21:36,"0265 - Dixon, IL",Diesel,Dixon,IL,209.67499999999927,0,0.0,3
2026-04-17 10:21:36,"0265 - Dixon, IL",Unlead,Dixon,IL,0.0,0,0.0,1
2026-04-17 10:21:36,"0266 - New Berlin, IL",Diesel,New Berlin,IL,23.0,0,0.0,3
2026-04-17 10:21:36,"0266 - New Berlin, IL",Unlead,New Berlin,IL,35.95470000000023,0,0.0,1
2026-04-17 10:21:36,"0267 - Pharr, TX",Diesel,Pharr,TX,585.0,0,0.0,4
2026-04-17 10:21:36,"0267 - Pharr, TX",Unlead,Pharr,TX,15.0,0,0.0,1
2026-04-17 10:21:36,"0268 - Grayville, IL",Diesel,Grayville,IL,19.0,0,0.0,3
2026-04-17 10:21:36,"0268 - Grayville, IL",Unlead,Grayville,IL,56.0,0,0.0,1
2026-04-17 10:21:36,"0269 - Marshall, IL",Diesel,Marshall,IL,207.0,0,0.0,3
2026-04-17 10:21:36,"0269 - Marshall, IL",Unlead,Marshall,IL,17.0,0,0.0,1
2026-04-17 10:21:36,"0270 - Moore, TX",Diesel,Moore,TX,157.0,0,0.0,3
2026-04-17 10:21:36,"0270 - Moore, TX",Unlead,Moore,TX,65.0,0,0.0,1
2026-04-17 10:21:36,"0271 - Odessa, TX",Diesel,Odessa,TX,127.89999999999964,0,0.0,3
2026-04-17 10:21:36,"0271 - Odessa, TX",Unlead,Odessa,TX,40.52900000000045,0,0.0,1
2026-04-17 10:21:36,"0272 - Encinal, TX",Diesel,Encinal,TX,74.08600000000297,0,0.0,3
2026-04-17 10:21:36,"0272 - Encinal, TX",Unlead,Encinal,TX,30.365999999999985,0,0.0,1
2026-04-17 10:21:36,"0273 - Combes, TX",Diesel,Combes,TX,576.2039999999997,0,0.0,3
2026-04-17 10:21:36,"0273 - Combes, TX",Unlead,Combes,TX,130.58300000000054,0,0.0,1
2026-04-17 10:21:36,"0275 - Sonora, TX",Diesel,Sonora,TX,303.39799999999923,0,0.0,3
2026-04-17 10:21:36,"0275 - Sonora, TX",Unlead,Sonora,TX,37.314000000000306,0,0.0,1
2026-04-17 10:21:36,"0276 - Waco, TX",Diesel,Waco,TX,207.82899999999972,0,0.0,3
2026-04-17 10:21:36,"0276 - Waco, TX",Unlead,Waco,TX,20.01800000000003,0,0.0,1
2026-04-17 10:21:36,"0277 - New Boston, TX",Diesel,New Boston,TX,16.036000000000058,0,0.0,3
2026-04-17 10:21:36,"0277 - New Boston, TX",Unlead,New Boston,TX,17.589999999998327,0,0.0,1
2026-04-17 10:21:36,"0278 - Brinkley, AR",Diesel,Brinkley,AR,119.59100000000035,0,0.0,3
2026-04-17 10:21:36,"0278 - Brinkley, AR",Unlead,Brinkley,AR,23.85900000000038,0,0.0,1
2026-04-17 10:21:36,"0279 - Marion, IL",Diesel,Marion,IL,84.45199999999932,0,0.0,3
2026-04-17 10:21:36,"0279 - Marion, IL",Unlead,Marion,IL,86.11099999999897,0,0.0,1
2026-04-17 10:21:36,"0280 - Monahans, TX",Diesel,Monahans,TX,0.0,0,0.0,3
2026-04-17 10:21:36,"0280 - Monahans, TX",Unlead,Monahans,TX,0.0,0,0.0,1
2026-04-17 10:21:36,"0281 - Cisco, TX",Diesel,Cisco,TX,87.40800000000127,0,0.0,3
2026-04-17 10:21:36,"0281 - Cisco, TX",Unlead,Cisco,TX,61.974999999998545,0,0.0,1
2026-04-17 10:21:36,"0282 - Gainesville, TX",Diesel,Gainesville,TX,0.0,0,0.0,3
2026-04-17 10:21:36,"0282 - Gainesville, TX",Unlead,Gainesville,TX,20.82600000000093,0,0.0,1
2026-04-17 10:21:36,"0283 - Sealy, TX",Diesel,Sealy,TX,28.434000000001106,0,0.0,3
2026-04-17 10:21:36,"0283 - Sealy, TX",Unlead,Sealy,TX,29.332000000000335,0,0.0,1
2026-04-17 10:21:36,"0284 - New Deal, TX",Diesel,New Deal,TX,31.254000000000815,0,0.0,3
2026-04-17 10:21:36,"0284 - New Deal, TX",Unlead,New Deal,TX,77.70000000000073,0,0.0,1
2026-04-17 10:21:36,"0285 - Seguin, TX",Diesel,Seguin,TX,106.1319999999996,0,0.0,3
2026-04-17 10:21:36,"0285 - Seguin, TX",Unlead,Seguin,TX,13.23399999999856,0,0.0,1
2026-04-17 10:21:36,"0286 - Amarillo, TX",Diesel,Amarillo,TX,205.38300000000163,0,0.0,3
2026-04-17 10:21:36,"0286 - Amarillo, TX",Unlead,Amarillo,TX,7.512000000000626,0,0.0,1
2026-04-17 10:21:36,"0287 - Burbonnais, IL",Diesel,Burbonnais,IL,0.0,0,0.0,3
2026-04-17 10:21:36,"0287 - Burbonnais, IL",Unlead,Burbonnais,IL,39.97099999999955,0,0.0,1
2026-04-17 10:21:36,"0289 - Teague, TX",Diesel,Teague,TX,93.59299999999894,0,0.0,3
2026-04-17 10:21:36,"0289 - Teague, TX",Unlead,Teague,TX,20.236000000000786,0,0.0,1
2026-04-17 10:21:36,"0290 - Joplin, MO",Diesel,Joplin,MO,59.17000000000007,0,0.0,3
2026-04-17 10:21:36,"0290 - Joplin, MO",Unlead,Joplin,MO,49.59299999999894,0,0.0,1
2026-04-17 10:21:36,"0312 - Vidor, TX",Diesel,Vidor,TX,39.05499999999847,0,0.0,3
2026-04-17 10:21:36,"0312 - Vidor, TX",Unlead,Vidor,TX,5.230999999999767,0,0.0,1
2026-04-17 10:21:36,"0315 - Laredo, TX",Diesel,Laredo,TX,20.1299999999992,0,0.0,3
2026-04-17 10:21:36,"0315 - Laredo, TX",Unlead,Laredo,TX,12.043999999999869,0,0.0,1
2026-04-17 10:21:36,"0319 - Milford, TX",Diesel,Milford,TX,43.70299999999952,0,0.0,3
2026-04-17 10:21:36,"0319 - Milford, TX",Unlead,Milford,TX,32.137000000000626,0,0.0,1
2026-04-17 10:21:36,"0323 - Canton, TX",Diesel,Canton,TX,34.20800000000054,0,0.0,3
2026-04-17 10:21:36,"0323 - Canton, TX",Unlead,Canton,TX,41.292999999999665,0,0.0,1
2026-04-17 10:36:38,"0118 - Springfield, IL",Diesel,Springfield,IL,250.0,0,0.0,3
2026-04-17 10:36:38,"0118 - Springfield, IL",Unlead,Springfield,IL,31.0,0,0.0,1
2026-04-17 10:36:38,"0132 - Champaign, IL",Diesel,Champaign,IL,56.21399999999994,0,0.0,3
2026-04-17 10:36:38,"0132 - Champaign, IL",Unlead,Champaign,IL,41.84299999999894,0,0.0,1
2026-04-17 10:36:38,"0136 - Cottage Grove, WI",Diesel,Cottage Grove,WI,240.65499999999975,0,0.0,2
2026-04-17 10:36:38,"0136 - Cottage Grove, WI",Unlead,Cottage Grove,WI,26.858000000000175,0,0.0,1
2026-04-17 10:36:38,"0139 - Tuscola, IL",Diesel,Tuscola,IL,0.0,0,0.0,1
2026-04-17 10:36:38,"0139 - Tuscola, IL",Unlead,Tuscola,IL,48.0,0,0.0,2
2026-04-17 10:36:38,"0140 - Mendota, IL",Diesel,Mendota,IL,34.0,0,0.0,2
2026-04-17 10:36:38,"0140 - Mendota, IL",Unlead,Mendota,IL,5.0,1,2111.0,2
2026-04-17 10:36:38,"0141 - Brazil, IN",Diesel,Brazil,IN,22.004300000000512,0,0.0,4
2026-04-17 10:36:38,"0141 - Brazil, IN",Unlead,Brazil,IN,0.0,0,0.0,1
2026-04-17 10:36:38,"0144 - Elk Run Height, IA",Diesel,Elk Run Height,IA,132.0,0,0.0,4
2026-04-17 10:36:38,"0144 - Elk Run Height, IA",Unlead,Elk Run Height,IA,34.34790000000021,0,0.0,2
2026-04-17 10:36:38,"0145 - Fenton, MO",Diesel,Fenton,MO,81.0,0,0.0,2
2026-04-17 10:36:38,"0145 - Fenton, MO",Unlead,Fenton,MO,0.0,0,0.0,1
2026-04-17 10:36:38,"0157 - Okawville, IL",Diesel,Okawville,IL,101.0,0,0.0,3
2026-04-17 10:36:38,"0157 - Okawville, IL",Unlead,Okawville,IL,0.0,0,0.0,1
2026-04-17 10:36:38,"0181 - Springfield, IL",Diesel,Springfield,IL,155.78199999999742,0,0.0,3
2026-04-17 10:36:38,"0181 - Springfield, IL",Unlead,Springfield,IL,9.724600000000464,0,0.0,1
2026-04-17 10:36:38,"0185 - McLean, IL",Diesel,McLean,IL,73.0590000000011,0,0.0,4
2026-04-17 10:36:38,"0185 - McLean, IL",Unlead,McLean,IL,97.46829999999954,0,0.0,1
2026-04-17 10:36:38,"0186 - Minonk, IL",Diesel,Minonk,IL,25.863000000001193,1,3908.7519999999995,3
2026-04-17 10:36:38,"0186 - Minonk, IL",Unlead,Minonk,IL,10.584899999999834,0,0.0,1
2026-04-17 10:36:38,"0187 - Chicago, IL",Diesel,Chicago,IL,0.0,0,0.0,3
2026-04-17 10:36:38,"0187 - Chicago, IL",Unlead,Chicago,IL,9.807000000000698,0,0.0,1
2026-04-17 10:36:38,"0203 - Rockford, IL",Diesel,Rockford,IL,0.0,0,0.0,1
2026-04-17 10:36:38,"0203 - Rockford, IL",Unlead,Rockford,IL,23.64130000000023,0,0.0,1
2026-04-17 10:36:38,"0205 - South Beloit, IL",Diesel,South Beloit,IL,98.0,0,0.0,3
2026-04-17 10:36:38,"0205 - South Beloit, IL",Unlead,South Beloit,IL,27.0,0,0.0,1
2026-04-17 10:36:38,"0206 - Winnebago, IL",Diesel,Winnebago,IL,0.0,0,0.0,1
2026-04-17 10:36:38,"0206 - Winnebago, IL",Unlead,Winnebago,IL,0.0,0,0.0,1
2026-04-17 10:36:38,"0209 - Oakdale, WI",Diesel,Oakdale,WI,0.0,0,0.0,3
2026-04-17 10:36:38,"0209 - Oakdale, WI",Unlead,Oakdale,WI,23.0,0,0.0,1
2026-04-17 10:36:38,"0210 - Rochelle, IL",Diesel,Rochelle,IL,0.0,0,0.0,3
2026-04-17 10:36:38,"0210 - Rochelle, IL",Unlead,Rochelle,IL,19.0,0,0.0,1
2026-04-17 10:36:38,"0211 - Loves Park, IL",Diesel,Loves Park,IL,0.0,0,0.0,1
2026-04-17 10:36:38,"0211 - Loves Park, IL",Unlead,Loves Park,IL,22.0,0,0.0,1
2026-04-17 10:36:38,"0225 - Princeton, IL",Diesel,Princeton,IL,143.0,0,0.0,4
2026-04-17 10:36:38,"0225 - Princeton, IL",Unlead,Princeton,IL,10.0,0,0.0,2
2026-04-17 10:36:38,"0226 - Greenwood, IN",Diesel,Greenwood,IN,0.0,0,0.0,2
2026-04-17 10:36:38,"0226 - Greenwood, IN",Unlead,Greenwood,IN,18.0,0,0.0,2
2026-04-17 10:36:38,"0235 - Hampshire, IL",Diesel,Hampshire,IL,6.0,0,0.0,2
2026-04-17 10:36:38,"0235 - Hampshire, IL",Unlead,Hampshire,IL,53.0,0,0.0,2
2026-04-17 10:36:38,"0236 - East Troy, WI",Diesel,East Troy,WI,0.0,0,0.0,2
2026-04-17 10:36:38,"0236 - East Troy, WI",Unlead,East Troy,WI,31.0,0,0.0,1
2026-04-17 10:36:38,"0240 - Lake Station, IN",Diesel,Lake Station,IN,147.0,0,0.0,5
2026-04-17 10:36:38,"0240 - Lake Station, IN",Unlead,Lake Station,IN,44.0,0,0.0,2
2026-04-17 10:36:38,"0242 - St Robert, MO",Diesel,St Robert,MO,24.91699999999946,0,0.0,4
2026-04-17 10:36:38,"0263 - Ottawa, IL",Diesel,Ottawa,IL,346.0,0,0.0,3
2026-04-17 10:36:38,"0263 - Ottawa, IL",Unlead,Ottawa,IL,51.0,0,0.0,1
2026-04-17 10:36:38,"0265 - Dixon, IL",Diesel,Dixon,IL,9.787000000000262,0,0.0,3
2026-04-17 10:36:38,"0265 - Dixon, IL",Unlead,Dixon,IL,15.060999999999694,0,0.0,1
2026-04-17 10:36:38,"0266 - New Berlin, IL",Diesel,New Berlin,IL,0.0,0,0.0,3
2026-04-17 10:36:38,"0266 - New Berlin, IL",Unlead,New Berlin,IL,0.0,0,0.0,1
2026-04-17 10:36:38,"0267 - Pharr, TX",Diesel,Pharr,TX,285.0,0,0.0,4
2026-04-17 10:36:38,"0267 - Pharr, TX",Unlead,Pharr,TX,10.0,0,0.0,1
2026-04-17 10:36:38,"0268 - Grayville, IL",Diesel,Grayville,IL,12.0,0,0.0,3
2026-04-17 10:36:38,"0268 - Grayville, IL",Unlead,Grayville,IL,53.0,0,0.0,1
2026-04-17 10:36:38,"0269 - Marshall, IL",Diesel,Marshall,IL,305.0,0,0.0,3
2026-04-17 10:36:38,"0269 - Marshall, IL",Unlead,Marshall,IL,0.0,0,0.0,1
2026-04-17 10:36:38,"0270 - Moore, TX",Diesel,Moore,TX,40.0,0,0.0,3
2026-04-17 10:36:38,"0270 - Moore, TX",Unlead,Moore,TX,50.0,0,0.0,1
2026-04-17 10:36:38,"0271 - Odessa, TX",Diesel,Odessa,TX,52.952000000001135,0,0.0,3
2026-04-17 10:36:38,"0271 - Odessa, TX",Unlead,Odessa,TX,39.90099999999984,0,0.0,1
2026-04-17 10:36:38,"0272 - Encinal, TX",Diesel,Encinal,TX,0.0,0,0.0,3
2026-04-17 10:36:38,"0272 - Encinal, TX",Unlead,Encinal,TX,48.740999999999985,0,0.0,1
2026-04-17 10:36:38,"0273 - Combes, TX",Diesel,Combes,TX,136.75900000000183,0,0.0,3
2026-04-17 10:36:38,"0273 - Combes, TX",Unlead,Combes,TX,29.493000000000393,0,0.0,1
2026-04-17 10:36:38,"0275 - Sonora, TX",Diesel,Sonora,TX,160.22789999999895,0,0.0,3
2026-04-17 10:36:38,"0275 - Sonora, TX",Unlead,Sonora,TX,65.73700000000099,0,0.0,1
2026-04-17 10:36:38,"0276 - Waco, TX",Diesel,Waco,TX,192.69600000000173,0,0.0,3
2026-04-17 10:36:38,"0276 - Waco, TX",Unlead,Waco,TX,33.22400000000016,0,0.0,1
2026-04-17 10:36:38,"0277 - New Boston, TX",Diesel,New Boston,TX,0.0,0,0.0,3
2026-04-17 10:36:38,"0277 - New Boston, TX",Unlead,New Boston,TX,4.06000000000131,0,0.0,1
2026-04-17 10:36:38,"0278 - Brinkley, AR",Diesel,Brinkley,AR,17.370999999999185,0,0.0,3
2026-04-17 10:36:38,"0278 - Brinkley, AR",Unlead,Brinkley,AR,112.02899999999863,0,0.0,1
2026-04-17 10:36:38,"0279 - Marion, IL",Diesel,Marion,IL,79.44300000000112,0,0.0,3
2026-04-17 10:36:38,"0279 - Marion, IL",Unlead,Marion,IL,103.54100000000108,0,0.0,1
2026-04-17 10:36:38,"0280 - Monahans, TX",Diesel,Monahans,TX,0.0,0,0.0,3
2026-04-17 10:36:38,"0280 - Monahans, TX",Unlead,Monahans,TX,0.0,0,0.0,1
2026-04-17 10:36:38,"0281 - Cisco, TX",Diesel,Cisco,TX,0.0,0,0.0,3
2026-04-17 10:36:38,"0281 - Cisco, TX",Unlead,Cisco,TX,60.58600000000297,0,0.0,1
2026-04-17 10:36:38,"0282 - Gainesville, TX",Diesel,Gainesville,TX,0.0,0,0.0,3
2026-04-17 10:36:38,"0282 - Gainesville, TX",Unlead,Gainesville,TX,26.01299999999901,0,0.0,1
2026-04-17 10:36:38,"0283 - Sealy, TX",Diesel,Sealy,TX,235.7479999999996,0,0.0,3
2026-04-17 10:36:38,"0283 - Sealy, TX",Unlead,Sealy,TX,0.0,0,0.0,1
2026-04-17 10:36:38,"0284 - New Deal, TX",Diesel,New Deal,TX,54.70600000000195,0,0.0,3
2026-04-17 10:36:38,"0284 - New Deal, TX",Unlead,New Deal,TX,11.814000000000306,0,0.0,1
2026-04-17 10:36:38,"0285 - Seguin, TX",Diesel,Seguin,TX,117.01000000000022,0,0.0,3
2026-04-17 10:36:38,"0285 - Seguin, TX",Unlead,Seguin,TX,22.990999999999985,0,0.0,1
2026-04-17 10:36:38,"0286 - Amarillo, TX",Diesel,Amarillo,TX,73.32800000000134,0,0.0,3
2026-04-17 10:36:38,"0286 - Amarillo, TX",Unlead,Amarillo,TX,10.61699999999837,0,0.0,1
2026-04-17 10:36:38,"0287 - Burbonnais, IL",Diesel,Burbonnais,IL,0.0,0,0.0,3
2026-04-17 10:36:38,"0287 - Burbonnais, IL",Unlead,Burbonnais,IL,65.45449999999983,0,0.0,1
2026-04-17 10:36:38,"0289 - Teague, TX",Diesel,Teague,TX,180.6130000000012,0,0.0,3
2026-04-17 10:36:38,"0289 - Teague, TX",Unlead,Teague,TX,66.49099999999999,0,0.0,1
2026-04-17 10:36:38,"0290 - Joplin, MO",Diesel,Joplin,MO,0.0,0,0.0,3
2026-04-17 10:36:38,"0290 - Joplin, MO",Unlead,Joplin,MO,95.47800000000097,0,0.0,1
2026-04-17 10:36:38,"0312 - Vidor, TX",Diesel,Vidor,TX,172.08799999999974,0,0.0,3
2026-04-17 10:36:38,"0312 - Vidor, TX",Unlead,Vidor,TX,18.453999999999724,0,0.0,1
2026-04-17 10:36:38,"0315 - Laredo, TX",Diesel,Laredo,TX,0.0,0,0.0,3
2026-04-17 10:36:38,"0315 - Laredo, TX",Unlead,Laredo,TX,0.0,0,0.0,1
2026-04-17 10:36:38,"0319 - Milford, TX",Diesel,Milford,TX,125.02000000000226,0,0.0,3
2026-04-17 10:36:38,"0319 - Milford, TX",Unlead,Milford,TX,82.82899999999972,0,0.0,1
2026-04-17 10:36:38,"0323 - Canton, TX",Diesel,Canton,TX,239.02999999999884,0,0.0,3
2026-04-17 10:36:38,"0323 - Canton, TX",Unlead,Canton,TX,77.5069999999996,0,0.0,1
2026-04-17 10:51:39,"0118 - Springfield, IL",Diesel,Springfield,IL,150.0,0,0.0,3
2026-04-17 10:51:39,"0118 - Springfield, IL",Unlead,Springfield,IL,18.0,0,0.0,1
2026-04-17 10:51:39,"0132 - Champaign, IL",Diesel,Champaign,IL,78.30199999999968,0,0.0,3
2026-04-17 10:51:39,"0132 - Champaign, IL",Unlead,Champaign,IL,81.71500000000015,0,0.0,1
2026-04-17 10:51:39,"0136 - Cottage Grove, WI",Diesel,Cottage Grove,WI,0.0,0,0.0,2
2026-04-17 10:51:39,"0136 - Cottage Grove, WI",Unlead,Cottage Grove,WI,14.52599999999984,0,0.0,1
2026-04-17 10:51:39,"0139 - Tuscola, IL",Diesel,Tuscola,IL,0.0,0,0.0,1
2026-04-17 10:51:39,"0139 - Tuscola, IL",Unlead,Tuscola,IL,11.0,0,0.0,2
2026-04-17 10:51:39,"0140 - Mendota, IL",Diesel,Mendota,IL,0.0,0,0.0,2
2026-04-17 10:51:39,"0140 - Mendota, IL",Unlead,Mendota,IL,0.0,0,0.0,2
2026-04-17 10:51:39,"0141 - Brazil, IN",Diesel,Brazil,IN,76.21969999999965,0,0.0,4
2026-04-17 10:51:39,"0141 - Brazil, IN",Unlead,Brazil,IN,54.0,0,0.0,1
2026-04-17 10:51:39,"0144 - Elk Run Height, IA",Diesel,Elk Run Height,IA,190.0,0,0.0,4
2026-04-17 10:51:39,"0144 - Elk Run Height, IA",Unlead,Elk Run Height,IA,63.13599999999997,0,0.0,2
2026-04-17 10:51:39,"0145 - Fenton, MO",Diesel,Fenton,MO,68.0,0,0.0,2
2026-04-17 10:51:39,"0145 - Fenton, MO",Unlead,Fenton,MO,38.0,0,0.0,1
2026-04-17 10:51:39,"0157 - Okawville, IL",Diesel,Okawville,IL,58.0,0,0.0,3
2026-04-17 10:51:39,"0157 - Okawville, IL",Unlead,Okawville,IL,37.01800000000003,0,0.0,1
2026-04-17 10:51:39,"0181 - Springfield, IL",Diesel,Springfield,IL,0.0,0,0.0,3
2026-04-17 10:51:39,"0181 - Springfield, IL",Unlead,Springfield,IL,47.314000000000306,0,0.0,1
2026-04-17 10:51:39,"0185 - McLean, IL",Diesel,McLean,IL,317.58599999999933,0,0.0,4
2026-04-17 10:51:39,"0185 - McLean, IL",Unlead,McLean,IL,86.98700000000008,0,0.0,1
2026-04-17 10:51:39,"0186 - Minonk, IL",Diesel,Minonk,IL,5.014999999999418,1,3807.638000000001,3
2026-04-17 10:51:39,"0186 - Minonk, IL",Unlead,Minonk,IL,26.661700000000565,0,0.0,1
2026-04-17 10:51:39,"0187 - Chicago, IL",Diesel,Chicago,IL,0.0,0,0.0,3
2026-04-17 10:51:39,"0187 - Chicago, IL",Unlead,Chicago,IL,29.445999999999913,0,0.0,1
2026-04-17 10:51:39,"0203 - Rockford, IL",Diesel,Rockford,IL,0.0,0,0.0,1
2026-04-17 10:51:39,"0203 - Rockford, IL",Unlead,Rockford,IL,23.70010000000002,0,0.0,1
2026-04-17 10:51:39,"0205 - South Beloit, IL",Diesel,South Beloit,IL,0.0,0,0.0,3
2026-04-17 10:51:39,"0205 - South Beloit, IL",Unlead,South Beloit,IL,22.0,0,0.0,1
2026-04-17 10:51:39,"0206 - Winnebago, IL",Diesel,Winnebago,IL,0.0,0,0.0,1
2026-04-17 10:51:39,"0206 - Winnebago, IL",Unlead,Winnebago,IL,86.0,0,0.0,1
2026-04-17 10:51:39,"0209 - Oakdale, WI",Diesel,Oakdale,WI,38.0,0,0.0,3
2026-04-17 10:51:39,"0209 - Oakdale, WI",Unlead,Oakdale,WI,36.0,0,0.0,1
2026-04-17 10:51:39,"0210 - Rochelle, IL",Diesel,Rochelle,IL,28.0,0,0.0,3
2026-04-17 10:51:39,"0210 - Rochelle, IL",Unlead,Rochelle,IL,5.0,0,0.0,1
2026-04-17 10:51:39,"0211 - Loves Park, IL",Diesel,Loves Park,IL,0.0,0,0.0,1
2026-04-17 10:51:39,"0211 - Loves Park, IL",Unlead,Loves Park,IL,38.0,0,0.0,1
2026-04-17 10:51:39,"0225 - Princeton, IL",Diesel,Princeton,IL,85.0,0,0.0,4
2026-04-17 10:51:39,"0225 - Princeton, IL",Unlead,Princeton,IL,23.0,0,0.0,2
2026-04-17 10:51:39,"0226 - Greenwood, IN",Diesel,Greenwood,IN,0.0,2,5725.0,2
2026-04-17 10:51:39,"0226 - Greenwood, IN",Unlead,Greenwood,IN,2.0,0,0.0,2
2026-04-17 10:51:39,"0235 - Hampshire, IL",Diesel,Hampshire,IL,53.0,0,0.0,2
2026-04-17 10:51:39,"0235 - Hampshire, IL",Unlead,Hampshire,IL,43.0,0,0.0,2
2026-04-17 10:51:39,"0236 - East Troy, WI",Diesel,East Troy,WI,79.0,0,0.0,2
2026-04-17 10:51:39,"0236 - East Troy, WI",Unlead,East Troy,WI,24.0,0,0.0,1
2026-04-17 10:51:39,"0240 - Lake Station, IN",Diesel,Lake Station,IN,72.0,0,0.0,5
2026-04-17 10:51:39,"0240 - Lake Station, IN",Unlead,Lake Station,IN,25.0,0,0.0,2
2026-04-17 10:51:39,"0242 - St Robert, MO",Diesel,St Robert,MO,0.0,0,0.0,4
2026-04-17 10:51:39,"0263 - Ottawa, IL",Diesel,Ottawa,IL,43.0,0,0.0,3
2026-04-17 10:51:39,"0263 - Ottawa, IL",Unlead,Ottawa,IL,44.0,0,0.0,1
2026-04-17 10:51:39,"0265 - Dixon, IL",Diesel,Dixon,IL,64.45399999999972,0,0.0,3
2026-04-17 10:51:39,"0265 - Dixon, IL",Unlead,Dixon,IL,29.980999999999767,0,0.0,1
2026-04-17 10:51:39,"0266 - New Berlin, IL",Diesel,New Berlin,IL,20.0,0,0.0,3
2026-04-17 10:51:39,"0266 - New Berlin, IL",Unlead,New Berlin,IL,26.595500000000357,0,0.0,1
2026-04-17 10:51:39,"0267 - Pharr, TX",Diesel,Pharr,TX,825.0,0,0.0,4
2026-04-17 10:51:39,"0267 - Pharr, TX",Unlead,Pharr,TX,39.0,0,0.0,1
2026-04-17 10:51:39,"0268 - Grayville, IL",Diesel,Grayville,IL,167.0,0,0.0,3
2026-04-17 10:51:39,"0268 - Grayville, IL",Unlead,Grayville,IL,52.0,0,0.0,1
2026-04-17 10:51:39,"0269 - Marshall, IL",Diesel,Marshall,IL,0.0,0,0.0,3
2026-04-17 10:51:39,"0269 - Marshall, IL",Unlead,Marshall,IL,49.0,0,0.0,1
2026-04-17 10:51:39,"0270 - Moore, TX",Diesel,Moore,TX,307.0,0,0.0,3
2026-04-17 10:51:39,"0270 - Moore, TX",Unlead,Moore,TX,115.0,0,0.0,1
2026-04-17 10:51:39,"0271 - Odessa, TX",Diesel,Odessa,TX,162.21999999999935,0,0.0,3
2026-04-17 10:51:39,"0271 - Odessa, TX",Unlead,Odessa,TX,35.22999999999956,0,0.0,1
2026-04-17 10:51:39,"0272 - Encinal, TX",Diesel,Encinal,TX,72.34999999999854,0,0.0,3
2026-04-17 10:51:39,"0272 - Encinal, TX",Unlead,Encinal,TX,17.502000000000407,0,0.0,1
2026-04-17 10:51:39,"0273 - Combes, TX",Diesel,Combes,TX,192.04899999999907,0,0.0,3
2026-04-17 10:51:39,"0273 - Combes, TX",Unlead,Combes,TX,68.91100000000006,0,0.0,1
2026-04-17 10:51:39,"0275 - Sonora, TX",Diesel,Sonora,TX,0.0,0,0.0,3
2026-04-17 10:51:39,"0275 - Sonora, TX",Unlead,Sonora,TX,51.47899999999936,0,0.0,1
2026-04-17 10:51:39,"0276 - Waco, TX",Diesel,Waco,TX,256.1850000000013,0,0.0,3
2026-04-17 10:51:39,"0276 - Waco, TX",Unlead,Waco,TX,0.0,0,0.0,1
2026-04-17 10:51:39,"0277 - New Boston, TX",Diesel,New Boston,TX,18.32799999999952,0,0.0,3
2026-04-17 10:51:39,"0277 - New Boston, TX",Unlead,New Boston,TX,13.034999999999854,0,0.0,1
2026-04-17 10:51:39,"0278 - Brinkley, AR",Diesel,Brinkley,AR,98.12550000000192,0,0.0,3
2026-04-17 10:51:39,"0278 - Brinkley, AR",Unlead,Brinkley,AR,116.54000000000087,0,0.0,1
2026-04-17 10:51:39,"0279 - Marion, IL",Diesel,Marion,IL,39.49699999999939,0,0.0,3
2026-04-17 10:51:39,"0279 - Marion, IL",Unlead,Marion,IL,88.61399999999958,0,0.0,1
2026-04-17 10:51:39,"0280 - Monahans, TX",Diesel,Monahans,TX,0.0,0,0.0,3
2026-04-17 10:51:39,"0280 - Monahans, TX",Unlead,Monahans,TX,0.0,0,0.0,1
2026-04-17 10:51:39,"0281 - Cisco, TX",Diesel,Cisco,TX,87.10299999999916,0,0.0,3
2026-04-17 10:51:39,"0281 - Cisco, TX",Unlead,Cisco,TX,58.073999999996886,0,0.0,1
2026-04-17 10:51:39,"0282 - Gainesville, TX",Diesel,Gainesville,TX,79.66300000000047,0,0.0,3
2026-04-17 10:51:39,"0282 - Gainesville, TX",Unlead,Gainesville,TX,56.88500000000022,0,0.0,1
2026-04-17 10:51:39,"0283 - Sealy, TX",Diesel,Sealy,TX,132.54099999999744,0,0.0,3
2026-04-17 10:51:39,"0283 - Sealy, TX",Unlead,Sealy,TX,14.144000000000233,0,0.0,1
2026-04-17 10:51:39,"0284 - New Deal, TX",Diesel,New Deal,TX,9.736999999997352,0,0.0,3
2026-04-17 10:51:39,"0284 - New Deal, TX",Unlead,New Deal,TX,7.871999999999389,0,0.0,1
2026-04-17 10:51:39,"0285 - Seguin, TX",Diesel,Seguin,TX,164.378999999999,0,0.0,3
2026-04-17 10:51:39,"0285 - Seguin, TX",Unlead,Seguin,TX,39.78700000000026,0,0.0,1
2026-04-17 10:51:39,"0286 - Amarillo, TX",Diesel,Amarillo,TX,166.87199999999757,0,0.0,3
2026-04-17 10:51:39,"0286 - Amarillo, TX",Unlead,Amarillo,TX,5.530000000000655,0,0.0,1
2026-04-17 10:51:39,"0287 - Burbonnais, IL",Diesel,Burbonnais,IL,167.86000000000058,0,0.0,3
2026-04-17 10:51:39,"0287 - Burbonnais, IL",Unlead,Burbonnais,IL,65.80950000000121,0,0.0,1
2026-04-17 10:51:39,"0289 - Teague, TX",Diesel,Teague,TX,0.0,1,2736.415000000001,3
2026-04-17 10:51:39,"0289 - Teague, TX",Unlead,Teague,TX,119.20800000000054,0,0.0,1
2026-04-17 10:51:39,"0290 - Joplin, MO",Diesel,Joplin,MO,0.0,0,0.0,3
2026-04-17 10:51:39,"0290 - Joplin, MO",Unlead,Joplin,MO,47.47099999999955,0,0.0,1
2026-04-17 10:51:39,"0312 - Vidor, TX",Diesel,Vidor,TX,112.4359999999997,0,0.0,3
2026-04-17 10:51:39,"0312 - Vidor, TX",Unlead,Vidor,TX,64.63100000000122,0,0.0,1
2026-04-17 10:51:39,"0315 - Laredo, TX",Diesel,Laredo,TX,18.862999999999374,0,0.0,3
2026-04-17 10:51:39,"0315 - Laredo, TX",Unlead,Laredo,TX,41.80699999999888,0,0.0,1
2026-04-17 10:51:39,"0319 - Milford, TX",Diesel,Milford,TX,29.099999999998545,0,0.0,3
2026-04-17 10:51:39,"0319 - Milford, TX",Unlead,Milford,TX,104.25299999999879,0,0.0,1
2026-04-17 10:51:39,"0323 - Canton, TX",Diesel,Canton,TX,235.27050000000054,0,0.0,3
2026-04-17 10:51:39,"0323 - Canton, TX",Unlead,Canton,TX,26.403000000000247,0,0.0,1
2026-04-17 11:06:41,"0118 - Springfield, IL",Diesel,Springfield,IL,0.0,0,0.0,3
2026-04-17 11:06:41,"0118 - Springfield, IL",Unlead,Springfield,IL,46.0,0,0.0,1
2026-04-17 11:06:41,"0132 - Champaign, IL",Diesel,Champaign,IL,57.389499999999316,0,0.0,3
2026-04-17 11:06:41,"0132 - Champaign, IL",Unlead,Champaign,IL,122.0590000000011,0,0.0,1
2026-04-17 11:06:41,"0136 - Cottage Grove, WI",Diesel,Cottage Grove,WI,0.0,2,6952.139000000001,2
2026-04-17 11:06:41,"0136 - Cottage Grove, WI",Unlead,Cottage Grove,WI,17.381000000001222,0,0.0,1
2026-04-17 11:06:41,"0139 - Tuscola, IL",Diesel,Tuscola,IL,0.0,0,0.0,1
2026-04-17 11:06:41,"0139 - Tuscola, IL",Unlead,Tuscola,IL,39.0,0,0.0,2
2026-04-17 11:06:41,"0140 - Mendota, IL",Diesel,Mendota,IL,14.0,0,0.0,2
2026-04-17 11:06:41,"0140 - Mendota, IL",Unlead,Mendota,IL,52.0,0,0.0,2
2026-04-17 11:06:41,"0141 - Brazil, IN",Diesel,Brazil,IN,19.571799999999712,0,0.0,4
2026-04-17 11:06:41,"0141 - Brazil, IN",Unlead,Brazil,IN,25.0,0,0.0,1
2026-04-17 11:06:41,"0144 - Elk Run Height, IA",Diesel,Elk Run Height,IA,24.0,0,0.0,4
2026-04-17 11:06:41,"0144 - Elk Run Height, IA",Unlead,Elk Run Height,IA,45.72659999999996,0,0.0,2
2026-04-17 11:06:41,"0145 - Fenton, MO",Diesel,Fenton,MO,98.0,0,0.0,2
2026-04-17 11:06:41,"0145 - Fenton, MO",Unlead,Fenton,MO,15.0,0,0.0,1
2026-04-17 11:06:41,"0157 - Okawville, IL",Diesel,Okawville,IL,0.0,0,0.0,3
2026-04-17 11:06:41,"0157 - Okawville, IL",Unlead,Okawville,IL,48.57799999999952,0,0.0,1
2026-04-17 11:06:41,"0181 - Springfield, IL",Diesel,Springfield,IL,50.030000000000655,0,0.0,3
2026-04-17 11:06:41,"0181 - Springfield, IL",Unlead,Springfield,IL,57.0646999999999,0,0.0,1
2026-04-17 11:06:41,"0185 - McLean, IL",Diesel,McLean,IL,56.948999999998705,0,0.0,4
2026-04-17 11:06:41,"0185 - McLean, IL",Unlead,McLean,IL,92.5636999999997,0,0.0,1
2026-04-17 11:06:41,"0186 - Minonk, IL",Diesel,Minonk,IL,23.119000000000597,0,0.0,3
2026-04-17 11:06:41,"0186 - Minonk, IL",Unlead,Minonk,IL,40.40470000000005,0,0.0,1
2026-04-17 11:06:41,"0187 - Chicago, IL",Diesel,Chicago,IL,0.0,0,0.0,3
2026-04-17 11:06:41,"0187 - Chicago, IL",Unlead,Chicago,IL,15.591999999998734,0,0.0,1
2026-04-17 11:06:41,"0203 - Rockford, IL",Diesel,Rockford,IL,0.0,0,0.0,1
2026-04-17 11:06:41,"0203 - Rockford, IL",Unlead,Rockford,IL,26.96560000000045,0,0.0,1
2026-04-17 11:06:41,"0205 - South Beloit, IL",Diesel,South Beloit,IL,75.0,0,0.0,3
2026-04-17 11:06:41,"0205 - South Beloit, IL",Unlead,South Beloit,IL,21.0,0,0.0,1
2026-04-17 11:06:41,"0206 - Winnebago, IL",Diesel,Winnebago,IL,0.0,0,0.0,1
2026-04-17 11:06:41,"0206 - Winnebago, IL",Unlead,Winnebago,IL,82.0,0,0.0,1
2026-04-17 11:06:41,"0209 - Oakdale, WI",Diesel,Oakdale,WI,107.0,0,0.0,3
2026-04-17 11:06:41,"0209 - Oakdale, WI",Unlead,Oakdale,WI,90.0,0,0.0,1
2026-04-17 11:06:41,"0210 - Rochelle, IL",Diesel,Rochelle,IL,85.0,0,0.0,3
2026-04-17 11:06:41,"0210 - Rochelle, IL",Unlead,Rochelle,IL,66.0,0,0.0,1
2026-04-17 11:06:41,"0211 - Loves Park, IL",Diesel,Loves Park,IL,0.0,0,0.0,1
2026-04-17 11:06:41,"0211 - Loves Park, IL",Unlead,Loves Park,IL,7.0,0,0.0,1
2026-04-17 11:06:41,"0225 - Princeton, IL",Diesel,Princeton,IL,129.0,0,0.0,4
2026-04-17 11:06:41,"0225 - Princeton, IL",Unlead,Princeton,IL,2.0,0,0.0,2
2026-04-17 11:06:41,"0226 - Greenwood, IN",Diesel,Greenwood,IN,0.0,2,1779.0,2
2026-04-17 11:06:41,"0226 - Greenwood, IN",Unlead,Greenwood,IN,53.0,0,0.0,2
2026-04-17 11:06:41,"0235 - Hampshire, IL",Diesel,Hampshire,IL,0.0,0,0.0,2
2026-04-17 11:06:41,"0235 - Hampshire, IL",Unlead,Hampshire,IL,31.0,0,0.0,2
2026-04-17 11:06:41,"0236 - East Troy, WI",Diesel,East Troy,WI,80.0,0,0.0,2
2026-04-17 11:06:41,"0236 - East Troy, WI",Unlead,East Troy,WI,5.0,0,0.0,1
2026-04-17 11:06:41,"0240 - Lake Station, IN",Diesel,Lake Station,IN,45.0,0,0.0,5
2026-04-17 11:06:41,"0240 - Lake Station, IN",Unlead,Lake Station,IN,19.0,0,0.0,2
2026-04-17 11:06:41,"0242 - St Robert, MO",Diesel,St Robert,MO,53.66100000000006,0,0.0,4
2026-04-17 11:06:41,"0263 - Ottawa, IL",Diesel,Ottawa,IL,59.0,0,0.0,3
2026-04-17 11:06:41,"0263 - Ottawa, IL",Unlead,Ottawa,IL,71.0,0,0.0,1
2026-04-17 11:06:41,"0265 - Dixon, IL",Diesel,Dixon,IL,0.0,0,0.0,3
2026-04-17 11:06:41,"0265 - Dixon, IL",Unlead,Dixon,IL,11.905000000000655,0,0.0,1
2026-04-17 11:06:41,"0266 - New Berlin, IL",Diesel,New Berlin,IL,41.0,0,0.0,3
2026-04-17 11:06:41,"0266 - New Berlin, IL",Unlead,New Berlin,IL,20.19290000000001,0,0.0,1
2026-04-17 11:06:41,"0267 - Pharr, TX",Diesel,Pharr,TX,341.0,0,0.0,4
2026-04-17 11:06:41,"0267 - Pharr, TX",Unlead,Pharr,TX,33.0,0,0.0,1
2026-04-17 11:06:41,"0268 - Grayville, IL",Diesel,Grayville,IL,30.0,0,0.0,3
2026-04-17 11:06:41,"0268 - Grayville, IL",Unlead,Grayville,IL,66.0,0,0.0,1
2026-04-17 11:06:41,"0269 - Marshall, IL",Diesel,Marshall,IL,0.0,0,0.0,3
2026-04-17 11:06:41,"0269 - Marshall, IL",Unlead,Marshall,IL,71.0,0,0.0,1
2026-04-17 11:06:41,"0270 - Moore, TX",Diesel,Moore,TX,255.0,0,0.0,3
2026-04-17 11:06:41,"0270 - Moore, TX",Unlead,Moore,TX,90.0,0,0.0,1
2026-04-17 11:06:41,"0271 - Odessa, TX",Diesel,Odessa,TX,291.95900000000074,0,0.0,3
2026-04-17 11:06:41,"0271 - Odessa, TX",Unlead,Odessa,TX,35.0630000000001,0,0.0,1
2026-04-17 11:06:41,"0272 - Encinal, TX",Diesel,Encinal,TX,39.47099999999955,0,0.0,3
2026-04-17 11:06:41,"0272 - Encinal, TX",Unlead,Encinal,TX,27.709999999999127,0,0.0,1
2026-04-17 11:06:41,"0273 - Combes, TX",Diesel,Combes,TX,0.0,0,0.0,3
2026-04-17 11:06:41,"0273 - Combes, TX",Unlead,Combes,TX,68.66799999999967,0,0.0,1
2026-04-17 11:06:41,"0275 - Sonora, TX",Diesel,Sonora,TX,93.13970000000063,0,0.0,3
2026-04-17 11:06:41,"0275 - Sonora, TX",Unlead,Sonora,TX,71.9380000000001,0,0.0,1
2026-04-17 11:06:41,"0276 - Waco, TX",Diesel,Waco,TX,159.22799999999552,0,0.0,3
2026-04-17 11:06:41,"0276 - Waco, TX",Unlead,Waco,TX,11.52100000000064,0,0.0,1
2026-04-17 11:06:41,"0277 - New Boston, TX",Diesel,New Boston,TX,109.6060000000034,0,0.0,3
2026-04-17 11:06:41,"0277 - New Boston, TX",Unlead,New Boston,TX,88.27099999999882,0,0.0,1
2026-04-17 11:06:41,"0278 - Brinkley, AR",Diesel,Brinkley,AR,143.9524999999976,0,0.0,3
2026-04-17 11:06:41,"0278 - Brinkley, AR",Unlead,Brinkley,AR,8.711999999999534,0,0.0,1
2026-04-17 11:06:41,"0279 - Marion, IL",Diesel,Marion,IL,9.588999999999942,0,0.0,3
2026-04-17 11:06:41,"0279 - Marion, IL",Unlead,Marion,IL,126.79099999999926,0,0.0,1
2026-04-17 11:06:41,"0280 - Monahans, TX",Diesel,Monahans,TX,0.0,0,0.0,3
2026-04-17 11:06:41,"0280 - Monahans, TX",Unlead,Monahans,TX,0.0,0,0.0,1
2026-04-17 11:06:41,"0281 - Cisco, TX",Diesel,Cisco,TX,18.864000000001397,0,0.0,3
2026-04-17 11:06:41,"0281 - Cisco, TX",Unlead,Cisco,TX,35.153000000002066,0,0.0,1
2026-04-17 11:06:41,"0282 - Gainesville, TX",Diesel,Gainesville,TX,0.0,0,0.0,3
2026-04-17 11:06:41,"0282 - Gainesville, TX",Unlead,Gainesville,TX,42.54700000000048,0,0.0,1
2026-04-17 11:06:41,"0283 - Sealy, TX",Diesel,Sealy,TX,209.84400000000278,0,0.0,3
2026-04-17 11:06:41,"0283 - Sealy, TX",Unlead,Sealy,TX,8.439000000000306,0,0.0,1
2026-04-17 11:06:41,"0284 - New Deal, TX",Diesel,New Deal,TX,74.78200000000106,0,0.0,3
2026-04-17 11:06:41,"0284 - New Deal, TX",Unlead,New Deal,TX,73.49200000000019,0,0.0,1
2026-04-17 11:06:41,"0285 - Seguin, TX",Diesel,Seguin,TX,12.921000000000276,0,0.0,3
2026-04-17 11:06:41,"0285 - Seguin, TX",Unlead,Seguin,TX,84.14999999999964,0,0.0,1
2026-04-17 11:06:41,"0286 - Amarillo, TX",Diesel,Amarillo,TX,0.0,0,0.0,3
2026-04-17 11:06:41,"0286 - Amarillo, TX",Unlead,Amarillo,TX,30.416000000001077,0,0.0,1
2026-04-17 11:06:41,"0287 - Burbonnais, IL",Diesel,Burbonnais,IL,8.220999999999549,0,0.0,3
2026-04-17 11:06:41,"0287 - Burbonnais, IL",Unlead,Burbonnais,IL,30.623999999999796,0,0.0,1
2026-04-17 11:06:41,"0289 - Teague, TX",Diesel,Teague,TX,0.0,2,3028.5260000000017,3
2026-04-17 11:06:41,"0289 - Teague, TX",Unlead,Teague,TX,82.98999999999978,0,0.0,1
2026-04-17 11:06:41,"0290 - Joplin, MO",Diesel,Joplin,MO,9.459999999999127,0,0.0,3
2026-04-17 11:06:41,"0290 - Joplin, MO",Unlead,Joplin,MO,29.629000000000815,0,0.0,1
2026-04-17 11:06:41,"0312 - Vidor, TX",Diesel,Vidor,TX,193.20800000000054,0,0.0,3
2026-04-17 11:06:41,"0312 - Vidor, TX",Unlead,Vidor,TX,19.719999999999345,0,0.0,1
2026-04-17 11:06:41,"0315 - Laredo, TX",Diesel,Laredo,TX,263.3240000000005,0,0.0,3
2026-04-17 11:06:41,"0315 - Laredo, TX",Unlead,Laredo,TX,29.381000000001222,0,0.0,1
2026-04-17 11:06:41,"0319 - Milford, TX",Diesel,Milford,TX,248.18900000000212,0,0.0,3
2026-04-17 11:06:41,"0319 - Milford, TX",Unlead,Milford,TX,8.807000000000698,0,0.0,1
2026-04-17 11:06:41,"0323 - Canton, TX",Diesel,Canton,TX,51.77900000000045,0,0.0,3
2026-04-17 11:06:41,"0323 - Canton, TX",Unlead,Canton,TX,82.53399999999965,0,0.0,1
2026-04-17 11:21:43,"0118 - Springfield, IL",Diesel,Springfield,IL,0.0,0,0.0,3
2026-04-17 11:21:43,"0118 - Springfield, IL",Unlead,Springfield,IL,49.0,0,0.0,1
2026-04-17 11:21:43,"0132 - Champaign, IL",Diesel,Champaign,IL,178.6230000000014,0,0.0,3
2026-04-17 11:21:43,"0132 - Champaign, IL",Unlead,Champaign,IL,75.86699999999837,0,0.0,1
2026-04-17 11:21:43,"0136 - Cottage Grove, WI",Diesel,Cottage Grove,WI,14.140000000001237,1,399.9399999999987,2
2026-04-17 11:21:43,"0136 - Cottage Grove, WI",Unlead,Cottage Grove,WI,32.612999999999374,0,0.0,1
2026-04-17 11:21:43,"0139 - Tuscola, IL",Diesel,Tuscola,IL,116.0,0,0.0,1
2026-04-17 11:21:43,"0139 - Tuscola, IL",Unlead,Tuscola,IL,34.0,0,0.0,2
2026-04-17 11:21:43,"0140 - Mendota, IL",Diesel,Mendota,IL,139.0,0,0.0,2
2026-04-17 11:21:43,"0140 - Mendota, IL",Unlead,Mendota,IL,51.0,0,0.0,2
2026-04-17 11:21:43,"0141 - Brazil, IN",Diesel,Brazil,IN,0.0,0,0.0,4
2026-04-17 11:21:43,"0141 - Brazil, IN",Unlead,Brazil,IN,15.0,0,0.0,1
2026-04-17 11:21:43,"0144 - Elk Run Height, IA",Diesel,Elk Run Height,IA,347.0,0,0.0,4
2026-04-17 11:21:43,"0144 - Elk Run Height, IA",Unlead,Elk Run Height,IA,31.534900000000107,0,0.0,2
2026-04-17 11:21:43,"0145 - Fenton, MO",Diesel,Fenton,MO,365.0,0,0.0,2
2026-04-17 11:21:43,"0145 - Fenton, MO",Unlead,Fenton,MO,36.0,0,0.0,1
2026-04-17 11:21:43,"0157 - Okawville, IL",Diesel,Okawville,IL,0.0,0,0.0,3
2026-04-17 11:21:43,"0157 - Okawville, IL",Unlead,Okawville,IL,68.62700000000041,0,0.0,1
2026-04-17 11:21:43,"0181 - Springfield, IL",Diesel,Springfield,IL,285.53349999999773,0,0.0,3
2026-04-17 11:21:43,"0181 - Springfield, IL",Unlead,Springfield,IL,47.91399999999976,0,0.0,1
2026-04-17 11:21:43,"0185 - McLean, IL",Diesel,McLean,IL,40.332000000000335,0,0.0,4
2026-04-17 11:21:43,"0185 - McLean, IL",Unlead,McLean,IL,115.96129999999994,0,0.0,1
2026-04-17 11:21:43,"0186 - Minonk, IL",Diesel,Minonk,IL,127.34399999999914,0,0.0,3
2026-04-17 11:21:43,"0186 - Minonk, IL",Unlead,Minonk,IL,68.1273000000001,0,0.0,1
2026-04-17 11:21:43,"0187 - Chicago, IL",Diesel,Chicago,IL,47.0,0,0.0,3
2026-04-17 11:21:43,"0187 - Chicago, IL",Unlead,Chicago,IL,6.074000000000524,0,0.0,1
2026-04-17 11:21:43,"0203 - Rockford, IL",Diesel,Rockford,IL,55.15699999999924,0,0.0,1
2026-04-17 11:21:43,"0203 - Rockford, IL",Unlead,Rockford,IL,58.13749999999982,0,0.0,1
2026-04-17 11:21:43,"0205 - South Beloit, IL",Diesel,South Beloit,IL,0.0,0,0.0,3
2026-04-17 11:21:43,"0205 - South Beloit, IL",Unlead,South Beloit,IL,44.0,0,0.0,1
2026-04-17 11:21:43,"0206 - Winnebago, IL",Diesel,Winnebago,IL,90.0,0,0.0,1
2026-04-17 11:21:43,"0206 - Winnebago, IL",Unlead,Winnebago,IL,61.0,0,0.0,1
2026-04-17 11:21:43,"0209 - Oakdale, WI",Diesel,Oakdale,WI,0.0,0,0.0,3
2026-04-17 11:21:43,"0209 - Oakdale, WI",Unlead,Oakdale,WI,74.0,0,0.0,1
2026-04-17 11:21:43,"0210 - Rochelle, IL",Diesel,Rochelle,IL,120.0,0,0.0,3
2026-04-17 11:21:43,"0210 - Rochelle, IL",Unlead,Rochelle,IL,4.0,0,0.0,1
2026-04-17 11:21:43,"0211 - Loves Park, IL",Diesel,Loves Park,IL,0.0,0,0.0,1
2026-04-17 11:21:43,"0211 - Loves Park, IL",Unlead,Loves Park,IL,42.0,0,0.0,1
2026-04-17 11:21:43,"0225 - Princeton, IL",Diesel,Princeton,IL,118.0,0,0.0,4
2026-04-17 11:21:43,"0225 - Princeton, IL",Unlead,Princeton,IL,11.0,0,0.0,2
2026-04-17 11:21:43,"0226 - Greenwood, IN",Diesel,Greenwood,IN,180.0,1,109.0,2
2026-04-17 11:21:43,"0226 - Greenwood, IN",Unlead,Greenwood,IN,37.0,0,0.0,2
2026-04-17 11:21:43,"0235 - Hampshire, IL",Diesel,Hampshire,IL,0.0,0,0.0,2
2026-04-17 11:21:43,"0235 - Hampshire, IL",Unlead,Hampshire,IL,80.0,0,0.0,2
2026-04-17 11:21:43,"0236 - East Troy, WI",Diesel,East Troy,WI,65.0,0,0.0,2
2026-04-17 11:21:43,"0236 - East Troy, WI",Unlead,East Troy,WI,16.0,0,0.0,1
2026-04-17 11:21:43,"0240 - Lake Station, IN",Diesel,Lake Station,IN,0.0,0,0.0,5
2026-04-17 11:21:43,"0240 - Lake Station, IN",Unlead,Lake Station,IN,6.0,0,0.0,2
2026-04-17 11:21:43,"0242 - St Robert, MO",Diesel,St Robert,MO,30.74800000000141,0,0.0,4
2026-04-17 11:21:43,"0263 - Ottawa, IL",Diesel,Ottawa,IL,78.0,0,0.0,3
2026-04-17 11:21:43,"0263 - Ottawa, IL",Unlead,Ottawa,IL,9.0,0,0.0,1
2026-04-17 11:21:43,"0265 - Dixon, IL",Diesel,Dixon,IL,20.81000000000131,0,0.0,3
2026-04-17 11:21:43,"0265 - Dixon, IL",Unlead,Dixon,IL,3.5599999999994907,0,0.0,1
2026-04-17 11:21:43,"0266 - New Berlin, IL",Diesel,New Berlin,IL,0.0,0,0.0,3
2026-04-17 11:21:43,"0266 - New Berlin, IL",Unlead,New Berlin,IL,62.79009999999971,0,0.0,1
2026-04-17 11:21:43,"0267 - Pharr, TX",Diesel,Pharr,TX,483.0,0,0.0,4
2026-04-17 11:21:43,"0267 - Pharr, TX",Unlead,Pharr,TX,55.0,0,0.0,1
2026-04-17 11:21:43,"0268 - Grayville, IL",Diesel,Grayville,IL,0.0,0,0.0,3
2026-04-17 11:21:43,"0268 - Grayville, IL",Unlead,Grayville,IL,51.0,0,0.0,1
2026-04-17 11:21:43,"0269 - Marshall, IL",Diesel,Marshall,IL,12.0,0,0.0,3
2026-04-17 11:21:43,"0269 - Marshall, IL",Unlead,Marshall,IL,16.0,0,0.0,1
2026-04-17 11:21:43,"0270 - Moore, TX",Diesel,Moore,TX,232.0,0,0.0,3
2026-04-17 11:21:43,"0270 - Moore, TX",Unlead,Moore,TX,82.0,0,0.0,1
2026-04-17 11:21:43,"0271 - Odessa, TX",Diesel,Odessa,TX,242.79999999999927,0,0.0,3
2026-04-17 11:21:43,"0271 - Odessa, TX",Unlead,Odessa,TX,29.22200000000157,0,0.0,1
2026-04-17 11:21:43,"0272 - Encinal, TX",Diesel,Encinal,TX,122.39549999999872,0,0.0,3
2026-04-17 11:21:43,"0272 - Encinal, TX",Unlead,Encinal,TX,34.030000000000655,0,0.0,1
2026-04-17 11:21:43,"0273 - Combes, TX",Diesel,Combes,TX,324.3949999999986,0,0.0,3
2026-04-17 11:21:43,"0273 - Combes, TX",Unlead,Combes,TX,55.685999999999694,0,0.0,1
2026-04-17 11:21:43,"0275 - Sonora, TX",Diesel,Sonora,TX,114.35770000000048,0,0.0,3
2026-04-17 11:21:43,"0275 - Sonora, TX",Unlead,Sonora,TX,19.47400000000016,0,0.0,1
2026-04-17 11:21:43,"0276 - Waco, TX",Diesel,Waco,TX,155.01100000000042,0,0.0,3
2026-04-17 11:21:43,"0276 - Waco, TX",Unlead,Waco,TX,31.684000000001106,0,0.0,1
2026-04-17 11:21:43,"0277 - New Boston, TX",Diesel,New Boston,TX,0.0,0,0.0,3
2026-04-17 11:21:43,"0277 - New Boston, TX",Unlead,New Boston,TX,0.0,0,0.0,1
2026-04-17 11:21:43,"0278 - Brinkley, AR",Diesel,Brinkley,AR,196.03500000000167,0,0.0,3
2026-04-17 11:21:43,"0278 - Brinkley, AR",Unlead,Brinkley,AR,63.63600000000042,0,0.0,1
2026-04-17 11:21:43,"0279 - Marion, IL",Diesel,Marion,IL,0.0,0,0.0,3
2026-04-17 11:21:43,"0279 - Marion, IL",Unlead,Marion,IL,148.25600000000122,0,0.0,1
2026-04-17 11:21:43,"0280 - Monahans, TX",Diesel,Monahans,TX,0.0,0,0.0,3
2026-04-17 11:21:43,"0280 - Monahans, TX",Unlead,Monahans,TX,0.0,0,0.0,1
2026-04-17 11:21:43,"0281 - Cisco, TX",Diesel,Cisco,TX,132.48350000000028,0,0.0,3
2026-04-17 11:21:43,"0281 - Cisco, TX",Unlead,Cisco,TX,84.31000000000131,0,0.0,1
2026-04-17 11:21:43,"0282 - Gainesville, TX",Diesel,Gainesville,TX,44.57099999999991,0,0.0,3
2026-04-17 11:21:43,"0282 - Gainesville, TX",Unlead,Gainesville,TX,15.394999999998618,0,0.0,1
2026-04-17 11:21:43,"0283 - Sealy, TX",Diesel,Sealy,TX,185.89049999999952,0,0.0,3
2026-04-17 11:21:43,"0283 - Sealy, TX",Unlead,Sealy,TX,0.0,0,0.0,1
2026-04-17 11:21:43,"0284 - New Deal, TX",Diesel,New Deal,TX,138.59900000000198,0,0.0,3
2026-04-17 11:21:43,"0284 - New Deal, TX",Unlead,New Deal,TX,67.96500000000015,0,0.0,1
2026-04-17 11:21:43,"0285 - Seguin, TX",Diesel,Seguin,TX,23.087999999999738,0,0.0,3
2026-04-17 11:21:43,"0285 - Seguin, TX",Unlead,Seguin,TX,63.08899999999994,0,0.0,1
2026-04-17 11:21:43,"0286 - Amarillo, TX",Diesel,Amarillo,TX,128.65600000000086,0,0.0,3
2026-04-17 11:21:43,"0286 - Amarillo, TX",Unlead,Amarillo,TX,14.742999999998574,0,0.0,1
2026-04-17 11:21:43,"0287 - Burbonnais, IL",Diesel,Burbonnais,IL,139.60149999999885,0,0.0,3
2026-04-17 11:21:43,"0287 - Burbonnais, IL",Unlead,Burbonnais,IL,58.05199999999968,0,0.0,1
2026-04-17 11:21:43,"0289 - Teague, TX",Diesel,Teague,TX,44.10900000000038,1,1829.7039999999997,3
2026-04-17 11:21:43,"0289 - Teague, TX",Unlead,Teague,TX,14.699999999998909,0,0.0,1
2026-04-17 11:21:43,"0290 - Joplin, MO",Diesel,Joplin,MO,242.52599999999984,0,0.0,3
2026-04-17 11:21:43,"0290 - Joplin, MO",Unlead,Joplin,MO,104.6239999999998,0,0.0,1
2026-04-17 11:21:43,"0312 - Vidor, TX",Diesel,Vidor,TX,72.51699999999983,0,0.0,3
2026-04-17 11:21:43,"0312 - Vidor, TX",Unlead,Vidor,TX,30.145000000000437,0,0.0,1
2026-04-17 11:21:43,"0315 - Laredo, TX",Diesel,Laredo,TX,50.63500000000022,0,0.0,3
2026-04-17 11:21:43,"0315 - Laredo, TX",Unlead,Laredo,TX,34.6929999999993,0,0.0,1
2026-04-17 11:21:43,"0319 - Milford, TX",Diesel,Milford,TX,78.08600000000115,0,0.0,3
2026-04-17 11:21:43,"0319 - Milford, TX",Unlead,Milford,TX,37.04700000000048,0,0.0,1
2026-04-17 11:21:43,"0323 - Canton, TX",Diesel,Canton,TX,73.54199999999946,0,0.0,3
2026-04-17 11:21:43,"0323 - Canton, TX",Unlead,Canton,TX,21.86499999999978,0,0.0,1
2026-04-17 11:36:45,"0118 - Springfield, IL",Diesel,Springfield,IL,9.0,0,0.0,3
2026-04-17 11:36:45,"0118 - Springfield, IL",Unlead,Springfield,IL,6.0,0,0.0,1
2026-04-17 11:36:45,"0132 - Champaign, IL",Diesel,Champaign,IL,46.23499999999876,0,0.0,3
2026-04-17 11:36:45,"0132 - Champaign, IL",Unlead,Champaign,IL,40.75800000000163,0,0.0,1
2026-04-17 11:36:45,"0136 - Cottage Grove, WI",Diesel,Cottage Grove,WI,155.4399999999987,0,0.0,2
2026-04-17 11:36:45,"0136 - Cottage Grove, WI",Unlead,Cottage Grove,WI,31.6200000000008,0,0.0,1
2026-04-17 11:36:45,"0139 - Tuscola, IL",Diesel,Tuscola,IL,111.0,0,0.0,1
2026-04-17 11:36:45,"0139 - Tuscola, IL",Unlead,Tuscola,IL,26.0,0,0.0,2
2026-04-17 11:36:45,"0140 - Mendota, IL",Diesel,Mendota,IL,107.0,0,0.0,2
2026-04-17 11:36:45,"0140 - Mendota, IL",Unlead,Mendota,IL,14.0,0,0.0,2
2026-04-17 11:36:45,"0141 - Brazil, IN",Diesel,Brazil,IN,0.0,0,0.0,4
2026-04-17 11:36:45,"0141 - Brazil, IN",Unlead,Brazil,IN,22.0,0,0.0,1
2026-04-17 11:36:45,"0144 - Elk Run Height, IA",Diesel,Elk Run Height,IA,143.0,0,0.0,4
2026-04-17 11:36:45,"0144 - Elk Run Height, IA",Unlead,Elk Run Height,IA,38.839100000000144,0,0.0,2
2026-04-17 11:36:45,"0145 - Fenton, MO",Diesel,Fenton,MO,117.0,0,0.0,2
2026-04-17 11:36:45,"0145 - Fenton, MO",Unlead,Fenton,MO,15.0,0,0.0,1
2026-04-17 11:36:45,"0157 - Okawville, IL",Diesel,Okawville,IL,108.0,0,0.0,3
2026-04-17 11:36:45,"0157 - Okawville, IL",Unlead,Okawville,IL,16.520000000000437,0,0.0,1
2026-04-17 11:36:45,"0181 - Springfield, IL",Diesel,Springfield,IL,0.0,0,0.0,3
2026-04-17 11:36:45,"0181 - Springfield, IL",Unlead,Springfield,IL,50.53349999999955,0,0.0,1
2026-04-17 11:36:45,"0185 - McLean, IL",Diesel,McLean,IL,141.67299999999886,0,0.0,4
2026-04-17 11:36:45,"0185 - McLean, IL",Unlead,McLean,IL,127.01000000000022,0,0.0,1
2026-04-17 11:36:45,"0186 - Minonk, IL",Diesel,Minonk,IL,37.9270000000015,0,0.0,3
2026-04-17 11:36:45,"0186 - Minonk, IL",Unlead,Minonk,IL,43.10499999999956,0,0.0,1
2026-04-17 11:36:45,"0187 - Chicago, IL",Diesel,Chicago,IL,0.0,0,0.0,3
2026-04-17 11:36:45,"0187 - Chicago, IL",Unlead,Chicago,IL,12.002000000000407,0,0.0,1
2026-04-17 11:36:45,"0203 - Rockford, IL",Diesel,Rockford,IL,0.0,0,0.0,1
2026-04-17 11:36:45,"0203 - Rockford, IL",Unlead,Rockford,IL,34.91449999999986,0,0.0,1
2026-04-17 11:36:45,"0205 - South Beloit, IL",Diesel,South Beloit,IL,117.0,0,0.0,3
2026-04-17 11:36:45,"0205 - South Beloit, IL",Unlead,South Beloit,IL,53.0,0,0.0,1
2026-04-17 11:36:45,"0206 - Winnebago, IL",Diesel,Winnebago,IL,0.0,0,0.0,1
2026-04-17 11:36:45,"0206 - Winnebago, IL",Unlead,Winnebago,IL,0.0,0,0.0,1
2026-04-17 11:36:45,"0209 - Oakdale, WI",Diesel,Oakdale,WI,0.0,0,0.0,3
2026-04-17 11:36:45,"0209 - Oakdale, WI",Unlead,Oakdale,WI,46.0,0,0.0,1
2026-04-17 11:36:45,"0210 - Rochelle, IL",Diesel,Rochelle,IL,68.0,0,0.0,3
2026-04-17 11:36:45,"0210 - Rochelle, IL",Unlead,Rochelle,IL,87.0,0,0.0,1
2026-04-17 11:36:45,"0211 - Loves Park, IL",Diesel,Loves Park,IL,0.0,0,0.0,1
2026-04-17 11:36:45,"0211 - Loves Park, IL",Unlead,Loves Park,IL,47.0,0,0.0,1
2026-04-17 11:36:45,"0225 - Princeton, IL",Diesel,Princeton,IL,16.0,0,0.0,4
2026-04-17 11:36:45,"0225 - Princeton, IL",Unlead,Princeton,IL,9.0,0,0.0,2
2026-04-17 11:36:45,"0226 - Greenwood, IN",Diesel,Greenwood,IN,162.0,1,133.0,2
2026-04-17 11:36:45,"0226 - Greenwood, IN",Unlead,Greenwood,IN,84.0,0,0.0,2
2026-04-17 11:36:45,"0235 - Hampshire, IL",Diesel,Hampshire,IL,37.0,0,0.0,2
2026-04-17 11:36:45,"0235 - Hampshire, IL",Unlead,Hampshire,IL,53.0,0,0.0,2
2026-04-17 11:36:45,"0236 - East Troy, WI",Diesel,East Troy,WI,98.0,0,0.0,2
2026-04-17 11:36:45,"0236 - East Troy, WI",Unlead,East Troy,WI,13.0,0,0.0,1
2026-04-17 11:36:45,"0240 - Lake Station, IN",Diesel,Lake Station,IN,92.0,0,0.0,5
2026-04-17 11:36:45,"0240 - Lake Station, IN",Unlead,Lake Station,IN,12.0,0,0.0,2
2026-04-17 11:36:45,"0242 - St Robert, MO",Diesel,St Robert,MO,124.37099999999919,0,0.0,4
2026-04-17 11:36:45,"0263 - Ottawa, IL",Diesel,Ottawa,IL,162.0,0,0.0,3
2026-04-17 11:36:45,"0263 - Ottawa, IL",Unlead,Ottawa,IL,76.0,0,0.0,1
2026-04-17 11:36:45,"0265 - Dixon, IL",Diesel,Dixon,IL,70.06999999999971,0,0.0,3
2026-04-17 11:36:45,"0265 - Dixon, IL",Unlead,Dixon,IL,3.930000000000291,0,0.0,1
2026-04-17 11:36:45,"0266 - New Berlin, IL",Diesel,New Berlin,IL,0.0,0,0.0,3
2026-04-17 11:36:45,"0266 - New Berlin, IL",Unlead,New Berlin,IL,67.71669999999995,0,0.0,1
2026-04-17 11:36:45,"0267 - Pharr, TX",Diesel,Pharr,TX,539.0,0,0.0,4
2026-04-17 11:36:45,"0267 - Pharr, TX",Unlead,Pharr,TX,5.0,0,0.0,1
2026-04-17 11:36:45,"0268 - Grayville, IL",Diesel,Grayville,IL,350.0,0,0.0,3
2026-04-17 11:36:45,"0268 - Grayville, IL",Unlead,Grayville,IL,46.0,0,0.0,1
2026-04-17 11:36:45,"0269 - Marshall, IL",Diesel,Marshall,IL,144.0,0,0.0,3
2026-04-17 11:36:45,"0269 - Marshall, IL",Unlead,Marshall,IL,16.0,0,0.0,1
2026-04-17 11:36:45,"0270 - Moore, TX",Diesel,Moore,TX,642.0,0,0.0,3
2026-04-17 11:36:45,"0270 - Moore, TX",Unlead,Moore,TX,43.0,0,0.0,1
2026-04-17 11:36:45,"0271 - Odessa, TX",Diesel,Odessa,TX,29.670000000000073,0,0.0,3
2026-04-17 11:36:45,"0271 - Odessa, TX",Unlead,Odessa,TX,68.64099999999962,0,0.0,1
2026-04-17 11:36:45,"0272 - Encinal, TX",Diesel,Encinal,TX,13.72650000000067,0,0.0,3
2026-04-17 11:36:45,"0272 - Encinal, TX",Unlead,Encinal,TX,0.0,0,0.0,1
2026-04-17 11:36:45,"0273 - Combes, TX",Diesel,Combes,TX,84.50900000000001,0,0.0,3
2026-04-17 11:36:45,"0273 - Combes, TX",Unlead,Combes,TX,67.95100000000093,0,0.0,1
2026-04-17 11:36:45,"0275 - Sonora, TX",Diesel,Sonora,TX,80.00229999999829,0,0.0,3
2026-04-17 11:36:45,"0275 - Sonora, TX",Unlead,Sonora,TX,25.20800000000054,0,0.0,1
2026-04-17 11:36:45,"0276 - Waco, TX",Diesel,Waco,TX,548.9670000000024,0,0.0,3
2026-04-17 11:36:45,"0276 - Waco, TX",Unlead,Waco,TX,73.43899999999849,0,0.0,1
2026-04-17 11:36:45,"0277 - New Boston, TX",Diesel,New Boston,TX,206.71850000000086,0,0.0,3
2026-04-17 11:36:45,"0277 - New Boston, TX",Unlead,New Boston,TX,27.14900000000125,0,0.0,1
2026-04-17 11:36:45,"0278 - Brinkley, AR",Diesel,Brinkley,AR,370.5740000000005,0,0.0,3
2026-04-17 11:36:45,"0278 - Brinkley, AR",Unlead,Brinkley,AR,61.73999999999978,0,0.0,1
2026-04-17 11:36:45,"0279 - Marion, IL",Diesel,Marion,IL,37.56299999999828,0,0.0,3
2026-04-17 11:36:45,"0279 - Marion, IL",Unlead,Marion,IL,133.0059999999994,0,0.0,1
2026-04-17 11:36:45,"0280 - Monahans, TX",Diesel,Monahans,TX,0.0,0,0.0,3
2026-04-17 11:36:45,"0280 - Monahans, TX",Unlead,Monahans,TX,0.0,0,0.0,1
2026-04-17 11:36:45,"0281 - Cisco, TX",Diesel,Cisco,TX,110.42549999999937,0,0.0,3
2026-04-17 11:36:45,"0281 - Cisco, TX",Unlead,Cisco,TX,33.79899999999907,0,0.0,1
2026-04-17 11:36:45,"0282 - Gainesville, TX",Diesel,Gainesville,TX,115.97200000000157,0,0.0,3
2026-04-17 11:36:45,"0282 - Gainesville, TX",Unlead,Gainesville,TX,29.621000000001004,0,0.0,1
2026-04-17 11:36:45,"0283 - Sealy, TX",Diesel,Sealy,TX,62.85350000000108,0,0.0,3
2026-04-17 11:36:45,"0283 - Sealy, TX",Unlead,Sealy,TX,8.656999999999243,0,0.0,1
2026-04-17 11:36:45,"0284 - New Deal, TX",Diesel,New Deal,TX,11.593999999997322,0,0.0,3
2026-04-17 11:36:45,"0284 - New Deal, TX",Unlead,New Deal,TX,63.54600000000028,0,0.0,1
2026-04-17 11:36:45,"0285 - Seguin, TX",Diesel,Seguin,TX,25.37199999999939,0,0.0,3
2026-04-17 11:36:45,"0285 - Seguin, TX",Unlead,Seguin,TX,30.33600000000115,0,0.0,1
2026-04-17 11:36:45,"0286 - Amarillo, TX",Diesel,Amarillo,TX,73.26499999999942,0,0.0,3
2026-04-17 11:36:45,"0286 - Amarillo, TX",Unlead,Amarillo,TX,17.38299999999981,0,0.0,1
2026-04-17 11:36:45,"0287 - Burbonnais, IL",Diesel,Burbonnais,IL,43.40700000000106,2,6006.091499999999,3
2026-04-17 11:36:45,"0287 - Burbonnais, IL",Unlead,Burbonnais,IL,194.78099999999904,0,0.0,1
2026-04-17 11:36:45,"0289 - Teague, TX",Diesel,Teague,TX,21.622999999999593,0,0.0,3
2026-04-17 11:36:45,"0289 - Teague, TX",Unlead,Teague,TX,31.968000000000757,0,0.0,1
2026-04-17 11:36:45,"0290 - Joplin, MO",Diesel,Joplin,MO,5.763999999999214,0,0.0,3
2026-04-17 11:36:45,"0290 - Joplin, MO",Unlead,Joplin,MO,19.451999999999316,0,0.0,1
2026-04-17 11:36:45,"0312 - Vidor, TX",Diesel,Vidor,TX,56.4320000000007,0,0.0,3
2026-04-17 11:36:45,"0312 - Vidor, TX",Unlead,Vidor,TX,104.80099999999948,0,0.0,1
2026-04-17 11:36:45,"0315 - Laredo, TX",Diesel,Laredo,TX,0.0,0,0.0,3
2026-04-17 11:36:45,"0315 - Laredo, TX",Unlead,Laredo,TX,29.723500000000058,0,0.0,1
2026-04-17 11:36:45,"0319 - Milford, TX",Diesel,Milford,TX,111.2034999999978,0,0.0,3
2026-04-17 11:36:45,"0319 - Milford, TX",Unlead,Milford,TX,36.237999999999374,0,0.0,1
2026-04-17 11:36:45,"0323 - Canton, TX",Diesel,Canton,TX,0.0,0,0.0,3
2026-04-17 11:36:45,"0323 - Canton, TX",Unlead,Canton,TX,44.095000000001164,0,0.0,1
2026-04-17 11:51:46,"0118 - Springfield, IL",Diesel,Springfield,IL,42.0,0,0.0,3
2026-04-17 11:51:46,"0118 - Springfield, IL",Unlead,Springfield,IL,18.0,0,0.0,1
2026-04-17 11:51:46,"0132 - Champaign, IL",Diesel,Champaign,IL,34.009000000000015,0,0.0,3
2026-04-17 11:51:46,"0132 - Champaign, IL",Unlead,Champaign,IL,78.78399999999965,0,0.0,1
2026-04-17 11:51:46,"0136 - Cottage Grove, WI",Diesel,Cottage Grove,WI,262.1700000000001,0,0.0,2
2026-04-17 11:51:46,"0136 - Cottage Grove, WI",Unlead,Cottage Grove,WI,15.475999999998749,0,0.0,1
2026-04-17 11:51:46,"0139 - Tuscola, IL",Diesel,Tuscola,IL,402.0,0,0.0,1
2026-04-17 11:51:46,"0139 - Tuscola, IL",Unlead,Tuscola,IL,16.0,0,0.0,2
2026-04-17 11:51:46,"0140 - Mendota, IL",Diesel,Mendota,IL,66.0,0,0.0,2
2026-04-17 11:51:46,"0140 - Mendota, IL",Unlead,Mendota,IL,30.0,0,0.0,2
2026-04-17 11:51:46,"0141 - Brazil, IN",Diesel,Brazil,IN,0.0,0,0.0,4
2026-04-17 11:51:46,"0141 - Brazil, IN",Unlead,Brazil,IN,36.0,0,0.0,1
2026-04-17 11:51:46,"0144 - Elk Run Height, IA",Diesel,Elk Run Height,IA,216.0,0,0.0,4
2026-04-17 11:51:46,"0144 - Elk Run Height, IA",Unlead,Elk Run Height,IA,0.0,0,0.0,2
2026-04-17 11:51:46,"0145 - Fenton, MO",Diesel,Fenton,MO,7.0,0,0.0,2
2026-04-17 11:51:46,"0145 - Fenton, MO",Unlead,Fenton,MO,58.0,0,0.0,1
2026-04-17 11:51:46,"0157 - Okawville, IL",Diesel,Okawville,IL,0.0,0,0.0,3
2026-04-17 11:51:46,"0157 - Okawville, IL",Unlead,Okawville,IL,8.435999999999694,0,0.0,1
2026-04-17 11:51:46,"0181 - Springfield, IL",Diesel,Springfield,IL,58.862999999999374,0,0.0,3
2026-04-17 11:51:46,"0181 - Springfield, IL",Unlead,Springfield,IL,42.38920000000053,0,0.0,1
2026-04-17 11:51:46,"0185 - McLean, IL",Diesel,McLean,IL,0.0,0,0.0,4
2026-04-17 11:51:46,"0185 - McLean, IL",Unlead,McLean,IL,78.17399999999998,0,0.0,1
2026-04-17 11:51:46,"0186 - Minonk, IL",Diesel,Minonk,IL,0.0,0,0.0,3
2026-04-17 11:51:46,"0186 - Minonk, IL",Unlead,Minonk,IL,37.74499999999989,0,0.0,1
2026-04-17 11:51:46,"0187 - Chicago, IL",Diesel,Chicago,IL,157.0,0,0.0,3
2026-04-17 11:51:46,"0187 - Chicago, IL",Unlead,Chicago,IL,21.25300000000061,0,0.0,1
2026-04-17 11:51:46,"0203 - Rockford, IL",Diesel,Rockford,IL,0.0,0,0.0,1
2026-04-17 11:51:46,"0203 - Rockford, IL",Unlead,Rockford,IL,62.876500000000306,0,0.0,1
2026-04-17 11:51:46,"0205 - South Beloit, IL",Diesel,South Beloit,IL,156.0,0,0.0,3
2026-04-17 11:51:46,"0205 - South Beloit, IL",Unlead,South Beloit,IL,66.0,0,0.0,1
2026-04-17 11:51:46,"0206 - Winnebago, IL",Diesel,Winnebago,IL,31.0,0,0.0,1
2026-04-17 11:51:46,"0206 - Winnebago, IL",Unlead,Winnebago,IL,167.0,0,0.0,1
2026-04-17 11:51:46,"0209 - Oakdale, WI",Diesel,Oakdale,WI,174.0,0,0.0,3
2026-04-17 11:51:46,"0209 - Oakdale, WI",Unlead,Oakdale,WI,37.0,0,0.0,1
2026-04-17 11:51:46,"0210 - Rochelle, IL",Diesel,Rochelle,IL,0.0,0,0.0,3
2026-04-17 11:51:46,"0210 - Rochelle, IL",Unlead,Rochelle,IL,92.0,0,0.0,1
2026-04-17 11:51:46,"0211 - Loves Park, IL",Diesel,Loves Park,IL,9.0,0,0.0,1
2026-04-17 11:51:46,"0211 - Loves Park, IL",Unlead,Loves Park,IL,5.0,0,0.0,1
2026-04-17 11:51:46,"0225 - Princeton, IL",Diesel,Princeton,IL,142.0,0,0.0,4
2026-04-17 11:51:46,"0225 - Princeton, IL",Unlead,Princeton,IL,0.0,0,0.0,2
2026-04-17 11:51:46,"0226 - Greenwood, IN",Diesel,Greenwood,IN,108.0,0,0.0,2
2026-04-17 11:51:46,"0226 - Greenwood, IN",Unlead,Greenwood,IN,11.0,0,0.0,2
2026-04-17 11:51:46,"0235 - Hampshire, IL",Diesel,Hampshire,IL,33.0,0,0.0,2
2026-04-17 11:51:46,"0235 - Hampshire, IL",Unlead,Hampshire,IL,116.0,0,0.0,2
2026-04-17 11:51:46,"0236 - East Troy, WI",Diesel,East Troy,WI,0.0,0,0.0,2
2026-04-17 11:51:46,"0236 - East Troy, WI",Unlead,East Troy,WI,9.0,0,0.0,1
2026-04-17 11:51:46,"0240 - Lake Station, IN",Diesel,Lake Station,IN,286.0,0,0.0,5
2026-04-17 11:51:46,"0240 - Lake Station, IN",Unlead,Lake Station,IN,20.0,0,0.0,2
2026-04-17 11:51:46,"0242 - St Robert, MO",Diesel,St Robert,MO,122.27000000000226,0,0.0,4
2026-04-17 11:51:46,"0263 - Ottawa, IL",Diesel,Ottawa,IL,257.0,0,0.0,3
2026-04-17 11:51:46,"0263 - Ottawa, IL",Unlead,Ottawa,IL,25.0,0,0.0,1
2026-04-17 11:51:46,"0265 - Dixon, IL",Diesel,Dixon,IL,0.0,0,0.0,3
2026-04-17 11:51:46,"0265 - Dixon, IL",Unlead,Dixon,IL,25.371000000001004,0,0.0,1
2026-04-17 11:51:46,"0266 - New Berlin, IL",Diesel,New Berlin,IL,35.0,0,0.0,3
2026-04-17 11:51:46,"0266 - New Berlin, IL",Unlead,New Berlin,IL,68.69230000000016,0,0.0,1
2026-04-17 11:51:46,"0267 - Pharr, TX",Diesel,Pharr,TX,77.0,2,3799.0,4
2026-04-17 11:51:46,"0267 - Pharr, TX",Unlead,Pharr,TX,30.0,0,0.0,1
2026-04-17 11:51:46,"0268 - Grayville, IL",Diesel,Grayville,IL,0.0,0,0.0,3
2026-04-17 11:51:46,"0268 - Grayville, IL",Unlead,Grayville,IL,31.0,0,0.0,1
2026-04-17 11:51:46,"0269 - Marshall, IL",Diesel,Marshall,IL,99.0,0,0.0,3
2026-04-17 11:51:46,"0269 - Marshall, IL",Unlead,Marshall,IL,52.0,0,0.0,1
2026-04-17 11:51:46,"0270 - Moore, TX",Diesel,Moore,TX,105.0,0,0.0,3
2026-04-17 11:51:46,"0270 - Moore, TX",Unlead,Moore,TX,52.0,0,0.0,1
2026-04-17 11:51:46,"0271 - Odessa, TX",Diesel,Odessa,TX,460.3209999999999,0,0.0,3
2026-04-17 11:51:46,"0271 - Odessa, TX",Unlead,Odessa,TX,93.20499999999993,0,0.0,1
2026-04-17 11:51:46,"0272 - Encinal, TX",Diesel,Encinal,TX,0.0,0,0.0,3
2026-04-17 11:51:46,"0272 - Encinal, TX",Unlead,Encinal,TX,0.0,0,0.0,1
2026-04-17 11:51:46,"0273 - Combes, TX",Diesel,Combes,TX,123.01050000000032,0,0.0,3
2026-04-17 11:51:46,"0273 - Combes, TX",Unlead,Combes,TX,105.22799999999916,0,0.0,1
2026-04-17 11:51:46,"0275 - Sonora, TX",Diesel,Sonora,TX,160.2296000000024,0,0.0,3
2026-04-17 11:51:46,"0275 - Sonora, TX",Unlead,Sonora,TX,16.630999999999403,0,0.0,1
2026-04-17 11:51:46,"0276 - Waco, TX",Diesel,Waco,TX,63.73500000000058,0,0.0,3
2026-04-17 11:51:46,"0276 - Waco, TX",Unlead,Waco,TX,22.90400000000045,0,0.0,1
2026-04-17 11:51:46,"0277 - New Boston, TX",Diesel,New Boston,TX,117.63000000000102,0,0.0,3
2026-04-17 11:51:46,"0277 - New Boston, TX",Unlead,New Boston,TX,46.13999999999942,0,0.0,1
2026-04-17 11:51:46,"0278 - Brinkley, AR",Diesel,Brinkley,AR,7.542999999999665,0,0.0,3
2026-04-17 11:51:46,"0278 - Brinkley, AR",Unlead,Brinkley,AR,106.9320000000007,0,0.0,1
2026-04-17 11:51:46,"0279 - Marion, IL",Diesel,Marion,IL,65.11200000000099,0,0.0,3
2026-04-17 11:51:46,"0279 - Marion, IL",Unlead,Marion,IL,100.90300000000025,0,0.0,1
2026-04-17 11:51:46,"0280 - Monahans, TX",Diesel,Monahans,TX,0.0,0,0.0,3
2026-04-17 11:51:46,"0280 - Monahans, TX",Unlead,Monahans,TX,0.0,0,0.0,1
2026-04-17 11:51:46,"0281 - Cisco, TX",Diesel,Cisco,TX,32.460000000000946,0,0.0,3
2026-04-17 11:51:46,"0281 - Cisco, TX",Unlead,Cisco,TX,39.77100000000064,0,0.0,1
2026-04-17 11:51:46,"0282 - Gainesville, TX",Diesel,Gainesville,TX,0.0,0,0.0,3
2026-04-17 11:51:46,"0282 - Gainesville, TX",Unlead,Gainesville,TX,38.55400000000009,0,0.0,1
2026-04-17 11:51:46,"0283 - Sealy, TX",Diesel,Sealy,TX,214.766999999998,0,0.0,3
2026-04-17 11:51:46,"0283 - Sealy, TX",Unlead,Sealy,TX,0.0,0,0.0,1
2026-04-17 11:51:46,"0284 - New Deal, TX",Diesel,New Deal,TX,30.353000000002794,0,0.0,3
2026-04-17 11:51:46,"0284 - New Deal, TX",Unlead,New Deal,TX,65.48899999999958,0,0.0,1
2026-04-17 11:51:46,"0285 - Seguin, TX",Diesel,Seguin,TX,70.75299999999879,0,0.0,3
2026-04-17 11:51:46,"0285 - Seguin, TX",Unlead,Seguin,TX,57.84299999999894,0,0.0,1
2026-04-17 11:51:46,"0286 - Amarillo, TX",Diesel,Amarillo,TX,0.0,0,0.0,3
2026-04-17 11:51:46,"0286 - Amarillo, TX",Unlead,Amarillo,TX,0.0,0,0.0,1
2026-04-17 11:51:46,"0287 - Burbonnais, IL",Diesel,Burbonnais,IL,33.40599999999904,1,1362.3510000000006,3
2026-04-17 11:51:46,"0287 - Burbonnais, IL",Unlead,Burbonnais,IL,55.24700000000121,0,0.0,1
2026-04-17 11:51:46,"0289 - Teague, TX",Diesel,Teague,TX,67.8600000000024,0,0.0,3
2026-04-17 11:51:46,"0289 - Teague, TX",Unlead,Teague,TX,67.91699999999946,0,0.0,1
2026-04-17 11:51:46,"0290 - Joplin, MO",Diesel,Joplin,MO,22.235999999998967,0,0.0,3
2026-04-17 11:51:46,"0290 - Joplin, MO",Unlead,Joplin,MO,82.4310000000005,0,0.0,1
2026-04-17 11:51:46,"0312 - Vidor, TX",Diesel,Vidor,TX,104.13299999999981,0,0.0,3
2026-04-17 11:51:46,"0312 - Vidor, TX",Unlead,Vidor,TX,6.239999999999782,0,0.0,1
2026-04-17 11:51:46,"0315 - Laredo, TX",Diesel,Laredo,TX,136.66600000000108,0,0.0,3
2026-04-17 11:51:46,"0315 - Laredo, TX",Unlead,Laredo,TX,79.07749999999942,0,0.0,1
2026-04-17 11:51:46,"0319 - Milford, TX",Diesel,Milford,TX,114.71450000000004,0,0.0,3
2026-04-17 11:51:46,"0319 - Milford, TX",Unlead,Milford,TX,118.75,0,0.0,1
2026-04-17 11:51:46,"0323 - Canton, TX",Diesel,Canton,TX,0.0,0,0.0,3
2026-04-17 11:51:46,"0323 - Canton, TX",Unlead,Canton,TX,37.38999999999942,0,0.0,1
2026-04-17 12:06:48,"0118 - Springfield, IL",Diesel,Springfield,IL,0.0,0,0.0,3
2026-04-17 12:06:48,"0118 - Springfield, IL",Unlead,Springfield,IL,36.0,0,0.0,1
2026-04-17 12:06:48,"0132 - Champaign, IL",Diesel,Champaign,IL,78.08200000000033,0,0.0,3
2026-04-17 12:06:48,"0132 - Champaign, IL",Unlead,Champaign,IL,69.37799999999879,0,0.0,1
2026-04-17 12:06:48,"0136 - Cottage Grove, WI",Diesel,Cottage Grove,WI,231.8770000000004,0,0.0,2
2026-04-17 12:06:48,"0136 - Cottage Grove, WI",Unlead,Cottage Grove,WI,33.88299999999981,0,0.0,1
2026-04-17 12:06:48,"0139 - Tuscola, IL",Diesel,Tuscola,IL,0.0,0,0.0,1
2026-04-17 12:06:48,"0139 - Tuscola, IL",Unlead,Tuscola,IL,40.0,0,0.0,2
2026-04-17 12:06:48,"0140 - Mendota, IL",Diesel,Mendota,IL,241.0,0,0.0,2
2026-04-17 12:06:48,"0140 - Mendota, IL",Unlead,Mendota,IL,36.0,0,0.0,2
2026-04-17 12:06:48,"0141 - Brazil, IN",Diesel,Brazil,IN,11.186999999999898,0,0.0,4
2026-04-17 12:06:48,"0141 - Brazil, IN",Unlead,Brazil,IN,4.0,0,0.0,1
2026-04-17 12:06:48,"0144 - Elk Run Height, IA",Diesel,Elk Run Height,IA,26.0,0,0.0,4
2026-04-17 12:06:48,"0144 - Elk Run Height, IA",Unlead,Elk Run Height,IA,33.29959999999983,0,0.0,2
2026-04-17 12:06:48,"0145 - Fenton, MO",Diesel,Fenton,MO,101.0,0,0.0,2
2026-04-17 12:06:48,"0145 - Fenton, MO",Unlead,Fenton,MO,34.0,0,0.0,1
2026-04-17 12:06:48,"0157 - Okawville, IL",Diesel,Okawville,IL,0.0,0,0.0,3
2026-04-17 12:06:48,"0157 - Okawville, IL",Unlead,Okawville,IL,40.05199999999968,0,0.0,1
2026-04-17 12:06:48,"0181 - Springfield, IL",Diesel,Springfield,IL,64.06400000000212,0,0.0,3
2026-04-17 12:06:48,"0181 - Springfield, IL",Unlead,Springfield,IL,123.98289999999997,0,0.0,1
2026-04-17 12:06:48,"0185 - McLean, IL",Diesel,McLean,IL,0.0,0,0.0,4
2026-04-17 12:06:48,"0185 - McLean, IL",Unlead,McLean,IL,137.26150000000052,0,0.0,1
2026-04-17 12:06:48,"0186 - Minonk, IL",Diesel,Minonk,IL,38.21100000000115,0,0.0,3
2026-04-17 12:06:48,"0186 - Minonk, IL",Unlead,Minonk,IL,17.963999999999942,0,0.0,1
2026-04-17 12:06:48,"0187 - Chicago, IL",Diesel,Chicago,IL,0.0,0,0.0,3
2026-04-17 12:06:48,"0187 - Chicago, IL",Unlead,Chicago,IL,0.0,0,0.0,1
2026-04-17 12:06:48,"0203 - Rockford, IL",Diesel,Rockford,IL,107.42200000000048,0,0.0,1
2026-04-17 12:06:48,"0203 - Rockford, IL",Unlead,Rockford,IL,57.66409999999996,0,0.0,1
2026-04-17 12:06:48,"0205 - South Beloit, IL",Diesel,South Beloit,IL,149.0,0,0.0,3
2026-04-17 12:06:48,"0205 - South Beloit, IL",Unlead,South Beloit,IL,22.0,0,0.0,1
2026-04-17 12:06:48,"0206 - Winnebago, IL",Diesel,Winnebago,IL,0.0,0,0.0,1
2026-04-17 12:06:48,"0206 - Winnebago, IL",Unlead,Winnebago,IL,74.0,0,0.0,1
2026-04-17 12:06:48,"0209 - Oakdale, WI",Diesel,Oakdale,WI,82.0,0,0.0,3
2026-04-17 12:06:48,"0209 - Oakdale, WI",Unlead,Oakdale,WI,0.0,0,0.0,1
2026-04-17 12:06:48,"0210 - Rochelle, IL",Diesel,Rochelle,IL,86.0,0,0.0,3
2026-04-17 12:06:48,"0210 - Rochelle, IL",Unlead,Rochelle,IL,46.0,0,0.0,1
2026-04-17 12:06:48,"0211 - Loves Park, IL",Diesel,Loves Park,IL,0.0,0,0.0,1
2026-04-17 12:06:48,"0211 - Loves Park, IL",Unlead,Loves Park,IL,50.0,0,0.0,1
2026-04-17 12:06:48,"0225 - Princeton, IL",Diesel,Princeton,IL,293.0,0,0.0,4
2026-04-17 12:06:48,"0225 - Princeton, IL",Unlead,Princeton,IL,29.0,0,0.0,2
2026-04-17 12:06:48,"0226 - Greenwood, IN",Diesel,Greenwood,IN,19.0,0,0.0,2
2026-04-17 12:06:48,"0226 - Greenwood, IN",Unlead,Greenwood,IN,24.0,0,0.0,2
2026-04-17 12:06:48,"0235 - Hampshire, IL",Diesel,Hampshire,IL,0.0,0,0.0,2
2026-04-17 12:06:48,"0235 - Hampshire, IL",Unlead,Hampshire,IL,43.0,0,0.0,2
2026-04-17 12:06:48,"0236 - East Troy, WI",Diesel,East Troy,WI,83.0,0,0.0,2
2026-04-17 12:06:48,"0236 - East Troy, WI",Unlead,East Troy,WI,21.0,0,0.0,1
2026-04-17 12:06:48,"0240 - Lake Station, IN",Diesel,Lake Station,IN,25.0,0,0.0,5
2026-04-17 12:06:48,"0240 - Lake Station, IN",Unlead,Lake Station,IN,13.0,0,0.0,2
2026-04-17 12:06:48,"0242 - St Robert, MO",Diesel,St Robert,MO,30.571999999998297,0,0.0,4
2026-04-17 12:06:48,"0263 - Ottawa, IL",Diesel,Ottawa,IL,47.0,0,0.0,3
2026-04-17 12:06:48,"0263 - Ottawa, IL",Unlead,Ottawa,IL,102.0,0,0.0,1
2026-04-17 12:06:48,"0265 - Dixon, IL",Diesel,Dixon,IL,250.71399999999994,0,0.0,3
2026-04-17 12:06:48,"0265 - Dixon, IL",Unlead,Dixon,IL,29.562999999998283,0,0.0,1
2026-04-17 12:06:48,"0266 - New Berlin, IL",Diesel,New Berlin,IL,10.0,0,0.0,3
2026-04-17 12:06:48,"0266 - New Berlin, IL",Unlead,New Berlin,IL,28.759999999999764,0,0.0,1
2026-04-17 12:06:48,"0267 - Pharr, TX",Diesel,Pharr,TX,219.0,2,3683.0,4
2026-04-17 12:06:48,"0267 - Pharr, TX",Unlead,Pharr,TX,16.0,0,0.0,1
2026-04-17 12:06:48,"0268 - Grayville, IL",Diesel,Grayville,IL,74.0,0,0.0,3
2026-04-17 12:06:48,"0268 - Grayville, IL",Unlead,Grayville,IL,36.0,0,0.0,1
2026-04-17 12:06:48,"0269 - Marshall, IL",Diesel,Marshall,IL,152.0,0,0.0,3
2026-04-17 12:06:48,"0269 - Marshall, IL",Unlead,Marshall,IL,6.0,0,0.0,1
2026-04-17 12:06:48,"0270 - Moore, TX",Diesel,Moore,TX,183.0,0,0.0,3
2026-04-17 12:06:48,"0270 - Moore, TX",Unlead,Moore,TX,127.0,0,0.0,1
2026-04-17 12:06:48,"0271 - Odessa, TX",Diesel,Odessa,TX,424.6749999999993,0,0.0,3
2026-04-17 12:06:48,"0271 - Odessa, TX",Unlead,Odessa,TX,62.435999999999694,0,0.0,1
2026-04-17 12:06:48,"0272 - Encinal, TX",Diesel,Encinal,TX,150.34700000000157,0,0.0,3
2026-04-17 12:06:48,"0272 - Encinal, TX",Unlead,Encinal,TX,16.636999999998807,0,0.0,1
2026-04-17 12:06:48,"0273 - Combes, TX",Diesel,Combes,TX,182.32949999999983,0,0.0,3
2026-04-17 12:06:48,"0273 - Combes, TX",Unlead,Combes,TX,134.91250000000036,0,0.0,1
2026-04-17 12:06:48,"0275 - Sonora, TX",Diesel,Sonora,TX,318.4384999999993,0,0.0,3
2026-04-17 12:06:48,"0275 - Sonora, TX",Unlead,Sonora,TX,66.71800000000076,0,0.0,1
2026-04-17 12:06:48,"0276 - Waco, TX",Diesel,Waco,TX,444.0040000000008,0,0.0,3
2026-04-17 12:06:48,"0276 - Waco, TX",Unlead,Waco,TX,26.959000000000742,0,0.0,1
2026-04-17 12:06:48,"0277 - New Boston, TX",Diesel,New Boston,TX,95.45200000000114,0,0.0,3
2026-04-17 12:06:48,"0277 - New Boston, TX",Unlead,New Boston,TX,19.715000000000146,0,0.0,1
2026-04-17 12:06:48,"0278 - Brinkley, AR",Diesel,Brinkley,AR,169.829499999998,0,0.0,3
2026-04-17 12:06:48,"0278 - Brinkley, AR",Unlead,Brinkley,AR,73.7489999999998,0,0.0,1
2026-04-17 12:06:48,"0279 - Marion, IL",Diesel,Marion,IL,0.0,0,0.0,3
2026-04-17 12:06:48,"0279 - Marion, IL",Unlead,Marion,IL,93.10399999999936,0,0.0,1
2026-04-17 12:06:48,"0280 - Monahans, TX",Diesel,Monahans,TX,0.0,0,0.0,3
2026-04-17 12:06:48,"0280 - Monahans, TX",Unlead,Monahans,TX,0.0,0,0.0,1
2026-04-17 12:06:48,"0281 - Cisco, TX",Diesel,Cisco,TX,0.0,0,0.0,3
2026-04-17 12:06:48,"0281 - Cisco, TX",Unlead,Cisco,TX,90.84799999999814,0,0.0,1
2026-04-17 12:06:48,"0282 - Gainesville, TX",Diesel,Gainesville,TX,0.0,0,0.0,3
2026-04-17 12:06:48,"0282 - Gainesville, TX",Unlead,Gainesville,TX,31.19999999999891,0,0.0,1
2026-04-17 12:06:48,"0283 - Sealy, TX",Diesel,Sealy,TX,190.16200000000026,0,0.0,3
2026-04-17 12:06:48,"0283 - Sealy, TX",Unlead,Sealy,TX,8.002999999998792,0,0.0,1
2026-04-17 12:06:48,"0284 - New Deal, TX",Diesel,New Deal,TX,32.4320000000007,0,0.0,3
2026-04-17 12:06:48,"0284 - New Deal, TX",Unlead,New Deal,TX,94.92799999999988,0,0.0,1
2026-04-17 12:06:48,"0285 - Seguin, TX",Diesel,Seguin,TX,202.73199999999997,0,0.0,3
2026-04-17 12:06:48,"0285 - Seguin, TX",Unlead,Seguin,TX,85.03000000000065,0,0.0,1
2026-04-17 12:06:48,"0286 - Amarillo, TX",Diesel,Amarillo,TX,136.76600000000144,0,0.0,3
2026-04-17 12:06:48,"0286 - Amarillo, TX",Unlead,Amarillo,TX,0.0,0,0.0,1
2026-04-17 12:06:48,"0287 - Burbonnais, IL",Diesel,Burbonnais,IL,202.60399999999936,0,0.0,3
2026-04-17 12:06:48,"0287 - Burbonnais, IL",Unlead,Burbonnais,IL,18.97099999999955,0,0.0,1
2026-04-17 12:06:48,"0289 - Teague, TX",Diesel,Teague,TX,207.1279999999988,0,0.0,3
2026-04-17 12:06:48,"0289 - Teague, TX",Unlead,Teague,TX,83.92400000000089,0,0.0,1
2026-04-17 12:06:48,"0290 - Joplin, MO",Diesel,Joplin,MO,68.32600000000093,0,0.0,3
2026-04-17 12:06:48,"0290 - Joplin, MO",Unlead,Joplin,MO,22.09399999999914,0,0.0,1
2026-04-17 12:06:48,"0312 - Vidor, TX",Diesel,Vidor,TX,205.91100000000006,0,0.0,3
2026-04-17 12:06:48,"0312 - Vidor, TX",Unlead,Vidor,TX,14.64600000000064,0,0.0,1
2026-04-17 12:06:48,"0315 - Laredo, TX",Diesel,Laredo,TX,212.29399999999987,0,0.0,3
2026-04-17 12:06:48,"0315 - Laredo, TX",Unlead,Laredo,TX,88.73099999999977,0,0.0,1
2026-04-17 12:06:48,"0319 - Milford, TX",Diesel,Milford,TX,134.05199999999968,0,0.0,3
2026-04-17 12:06:48,"0319 - Milford, TX",Unlead,Milford,TX,56.11700000000019,0,0.0,1
2026-04-17 12:06:48,"0323 - Canton, TX",Diesel,Canton,TX,57.638999999999214,0,0.0,3
2026-04-17 12:06:48,"0323 - Canton, TX",Unlead,Canton,TX,79.70600000000013,0,0.0,1
2026-04-17 12:21:54,"0118 - Springfield, IL",Diesel,Springfield,IL,47.0,0,0.0,3
2026-04-17 12:21:54,"0118 - Springfield, IL",Unlead,Springfield,IL,38.0,0,0.0,1
2026-04-17 12:21:54,"0132 - Champaign, IL",Diesel,Champaign,IL,23.889000000001033,0,0.0,3
2026-04-17 12:21:54,"0132 - Champaign, IL",Unlead,Champaign,IL,86.32700000000114,0,0.0,1
2026-04-17 12:21:54,"0136 - Cottage Grove, WI",Diesel,Cottage Grove,WI,223.02999999999884,0,0.0,2
2026-04-17 12:21:54,"0136 - Cottage Grove, WI",Unlead,Cottage Grove,WI,21.463999999999942,0,0.0,1
2026-04-17 12:21:54,"0139 - Tuscola, IL",Diesel,Tuscola,IL,26.0,0,0.0,1
2026-04-17 12:21:54,"0139 - Tuscola, IL",Unlead,Tuscola,IL,13.0,0,0.0,2
2026-04-17 12:21:54,"0140 - Mendota, IL",Diesel,Mendota,IL,26.0,0,0.0,2
2026-04-17 12:21:54,"0140 - Mendota, IL",Unlead,Mendota,IL,42.0,0,0.0,2
2026-04-17 12:21:54,"0141 - Brazil, IN",Diesel,Brazil,IN,184.1908999999987,0,0.0,4
2026-04-17 12:21:54,"0141 - Brazil, IN",Unlead,Brazil,IN,45.0,0,0.0,1
2026-04-17 12:21:54,"0144 - Elk Run Height, IA",Diesel,Elk Run Height,IA,262.0,0,0.0,4
2026-04-17 12:21:54,"0144 - Elk Run Height, IA",Unlead,Elk Run Height,IA,7.63760000000002,0,0.0,2
2026-04-17 12:21:54,"0145 - Fenton, MO",Diesel,Fenton,MO,219.0,0,0.0,2
2026-04-17 12:21:54,"0145 - Fenton, MO",Unlead,Fenton,MO,33.0,0,0.0,1
2026-04-17 12:21:54,"0157 - Okawville, IL",Diesel,Okawville,IL,0.0,0,0.0,3
2026-04-17 12:21:54,"0157 - Okawville, IL",Unlead,Okawville,IL,2.018000000000029,0,0.0,1
2026-04-17 12:21:54,"0181 - Springfield, IL",Diesel,Springfield,IL,122.9479999999985,0,0.0,3
2026-04-17 12:21:54,"0181 - Springfield, IL",Unlead,Springfield,IL,68.77840000000015,0,0.0,1
2026-04-17 12:21:54,"0185 - McLean, IL",Diesel,McLean,IL,94.3760000000002,0,0.0,4
2026-04-17 12:21:54,"0185 - McLean, IL",Unlead,McLean,IL,153.88909999999942,0,0.0,1
2026-04-17 12:21:54,"0186 - Minonk, IL",Diesel,Minonk,IL,0.0,0,0.0,3
2026-04-17 12:21:54,"0186 - Minonk, IL",Unlead,Minonk,IL,13.269000000000233,0,0.0,1
2026-04-17 12:21:54,"0187 - Chicago, IL",Diesel,Chicago,IL,0.0,0,0.0,3
2026-04-17 12:21:54,"0187 - Chicago, IL",Unlead,Chicago,IL,15.830500000000029,0,0.0,1
2026-04-17 12:21:54,"0203 - Rockford, IL",Diesel,Rockford,IL,0.0,0,0.0,1
2026-04-17 12:21:54,"0203 - Rockford, IL",Unlead,Rockford,IL,94.59539999999924,0,0.0,1
2026-04-17 12:21:54,"0205 - South Beloit, IL",Diesel,South Beloit,IL,11.0,0,0.0,3
2026-04-17 12:21:54,"0205 - South Beloit, IL",Unlead,South Beloit,IL,61.0,0,0.0,1
2026-04-17 12:21:54,"0206 - Winnebago, IL",Diesel,Winnebago,IL,0.0,0,0.0,1
2026-04-17 12:21:54,"0206 - Winnebago, IL",Unlead,Winnebago,IL,72.0,0,0.0,1
2026-04-17 12:21:54,"0209 - Oakdale, WI",Diesel,Oakdale,WI,0.0,0,0.0,3
2026-04-17 12:21:54,"0209 - Oakdale, WI",Unlead,Oakdale,WI,26.0,0,0.0,1
2026-04-17 12:21:54,"0210 - Rochelle, IL",Diesel,Rochelle,IL,48.0,0,0.0,3
2026-04-17 12:21:54,"0210 - Rochelle, IL",Unlead,Rochelle,IL,113.0,0,0.0,1
2026-04-17 12:21:54,"0211 - Loves Park, IL",Diesel,Loves Park,IL,34.0,0,0.0,1
2026-04-17 12:21:54,"0211 - Loves Park, IL",Unlead,Loves Park,IL,47.0,0,0.0,1
2026-04-17 12:21:54,"0225 - Princeton, IL",Diesel,Princeton,IL,102.0,0,0.0,4
2026-04-17 12:21:54,"0225 - Princeton, IL",Unlead,Princeton,IL,25.0,0,0.0,2
2026-04-17 12:21:54,"0226 - Greenwood, IN",Diesel,Greenwood,IN,0.0,0,0.0,2
2026-04-17 12:21:54,"0226 - Greenwood, IN",Unlead,Greenwood,IN,13.0,0,0.0,2
2026-04-17 12:21:54,"0235 - Hampshire, IL",Diesel,Hampshire,IL,38.0,0,0.0,2
2026-04-17 12:21:54,"0235 - Hampshire, IL",Unlead,Hampshire,IL,83.0,0,0.0,2
2026-04-17 12:21:54,"0236 - East Troy, WI",Diesel,East Troy,WI,101.0,0,0.0,2
2026-04-17 12:21:54,"0236 - East Troy, WI",Unlead,East Troy,WI,9.0,0,0.0,1
2026-04-17 12:21:54,"0240 - Lake Station, IN",Diesel,Lake Station,IN,73.0,0,0.0,5
2026-04-17 12:21:54,"0240 - Lake Station, IN",Unlead,Lake Station,IN,17.0,0,0.0,2
2026-04-17 12:21:54,"0242 - St Robert, MO",Diesel,St Robert,MO,74.67699999999968,0,0.0,4
2026-04-17 12:21:54,"0263 - Ottawa, IL",Diesel,Ottawa,IL,198.0,0,0.0,3
2026-04-17 12:21:54,"0263 - Ottawa, IL",Unlead,Ottawa,IL,46.0,0,0.0,1
2026-04-17 12:21:54,"0265 - Dixon, IL",Diesel,Dixon,IL,80.01599999999962,0,0.0,3
2026-04-17 12:21:54,"0265 - Dixon, IL",Unlead,Dixon,IL,7.286000000000058,0,0.0,1
2026-04-17 12:21:54,"0266 - New Berlin, IL",Diesel,New Berlin,IL,0.0,0,0.0,3
2026-04-17 12:21:54,"0266 - New Berlin, IL",Unlead,New Berlin,IL,115.66460000000006,0,0.0,1
2026-04-17 12:21:54,"0267 - Pharr, TX",Diesel,Pharr,TX,642.0,0,0.0,4
2026-04-17 12:21:54,"0267 - Pharr, TX",Unlead,Pharr,TX,42.0,0,0.0,1
2026-04-17 12:21:54,"0268 - Grayville, IL",Diesel,Grayville,IL,179.0,0,0.0,3
2026-04-17 12:21:54,"0268 - Grayville, IL",Unlead,Grayville,IL,69.0,0,0.0,1
2026-04-17 12:21:54,"0269 - Marshall, IL",Diesel,Marshall,IL,119.0,0,0.0,3
2026-04-17 12:21:54,"0269 - Marshall, IL",Unlead,Marshall,IL,0.0,0,0.0,1
2026-04-17 12:21:54,"0270 - Moore, TX",Diesel,Moore,TX,80.0,0,0.0,3
2026-04-17 12:21:54,"0270 - Moore, TX",Unlead,Moore,TX,72.0,0,0.0,1
2026-04-17 12:21:54,"0271 - Odessa, TX",Diesel,Odessa,TX,47.202000000001135,0,0.0,3
2026-04-17 12:21:54,"0271 - Odessa, TX",Unlead,Odessa,TX,17.49699999999939,0,0.0,1
2026-04-17 12:21:54,"0272 - Encinal, TX",Diesel,Encinal,TX,38.003999999998996,0,0.0,3
2026-04-17 12:21:54,"0272 - Encinal, TX",Unlead,Encinal,TX,140.2450000000008,0,0.0,1
2026-04-17 12:21:54,"0273 - Combes, TX",Diesel,Combes,TX,98.78100000000086,0,0.0,3
2026-04-17 12:21:54,"0273 - Combes, TX",Unlead,Combes,TX,134.7544999999991,0,0.0,1
2026-04-17 12:21:54,"0275 - Sonora, TX",Diesel,Sonora,TX,11.596199999999953,0,0.0,3
2026-04-17 12:21:54,"0275 - Sonora, TX",Unlead,Sonora,TX,84.5069999999996,0,0.0,1
2026-04-17 12:21:54,"0276 - Waco, TX",Diesel,Waco,TX,180.59299999999712,0,0.0,3
2026-04-17 12:21:54,"0276 - Waco, TX",Unlead,Waco,TX,87.6880000000001,0,0.0,1
2026-04-17 12:21:54,"0277 - New Boston, TX",Diesel,New Boston,TX,218.91599999999926,0,0.0,3
2026-04-17 12:21:54,"0277 - New Boston, TX",Unlead,New Boston,TX,5.575999999999112,0,0.0,1
2026-04-17 12:21:54,"0278 - Brinkley, AR",Diesel,Brinkley,AR,6.479999999999563,0,0.0,3
2026-04-17 12:21:54,"0278 - Brinkley, AR",Unlead,Brinkley,AR,67.4930000000004,0,0.0,1
2026-04-17 12:21:54,"0279 - Marion, IL",Diesel,Marion,IL,39.95399999999972,0,0.0,3
2026-04-17 12:21:54,"0279 - Marion, IL",Unlead,Marion,IL,65.98600000000079,0,0.0,1
2026-04-17 12:21:54,"0280 - Monahans, TX",Diesel,Monahans,TX,0.0,0,0.0,3
2026-04-17 12:21:54,"0280 - Monahans, TX",Unlead,Monahans,TX,0.0,0,0.0,1
2026-04-17 12:21:54,"0281 - Cisco, TX",Diesel,Cisco,TX,32.38000000000102,0,0.0,3
2026-04-17 12:21:54,"0281 - Cisco, TX",Unlead,Cisco,TX,52.75,0,0.0,1
2026-04-17 12:21:54,"0282 - Gainesville, TX",Diesel,Gainesville,TX,118.48799999999756,0,0.0,3
2026-04-17 12:21:54,"0282 - Gainesville, TX",Unlead,Gainesville,TX,34.71600000000035,0,0.0,1
2026-04-17 12:21:54,"0283 - Sealy, TX",Diesel,Sealy,TX,319.58899999999994,0,0.0,3
2026-04-17 12:21:54,"0283 - Sealy, TX",Unlead,Sealy,TX,57.5570000000007,0,0.0,1
2026-04-17 12:21:54,"0284 - New Deal, TX",Diesel,New Deal,TX,147.8329999999969,0,0.0,3
2026-04-17 12:21:54,"0284 - New Deal, TX",Unlead,New Deal,TX,41.26300000000083,0,0.0,1
2026-04-17 12:21:54,"0285 - Seguin, TX",Diesel,Seguin,TX,200.137999999999,0,0.0,3
2026-04-17 12:21:54,"0285 - Seguin, TX",Unlead,Seguin,TX,32.29399999999987,0,0.0,1
2026-04-17 12:21:54,"0286 - Amarillo, TX",Diesel,Amarillo,TX,103.29699999999866,0,0.0,3
2026-04-17 12:21:54,"0286 - Amarillo, TX",Unlead,Amarillo,TX,10.016999999999825,0,0.0,1
2026-04-17 12:21:54,"0287 - Burbonnais, IL",Diesel,Burbonnais,IL,172.6800000000021,0,0.0,3
2026-04-17 12:21:54,"0287 - Burbonnais, IL",Unlead,Burbonnais,IL,78.13999999999942,0,0.0,1
2026-04-17 12:21:54,"0289 - Teague, TX",Diesel,Teague,TX,664.3680000000004,0,0.0,3
2026-04-17 12:21:54,"0289 - Teague, TX",Unlead,Teague,TX,69.0659999999989,0,0.0,1
2026-04-17 12:21:54,"0290 - Joplin, MO",Diesel,Joplin,MO,114.6880000000001,0,0.0,3
2026-04-17 12:21:54,"0290 - Joplin, MO",Unlead,Joplin,MO,55.8080000000009,0,0.0,1
2026-04-17 12:21:54,"0312 - Vidor, TX",Diesel,Vidor,TX,0.0,0,0.0,3
2026-04-17 12:21:54,"0312 - Vidor, TX",Unlead,Vidor,TX,45.46899999999914,0,0.0,1
2026-04-17 12:21:54,"0315 - Laredo, TX",Diesel,Laredo,TX,125.58700000000135,0,0.0,3
2026-04-17 12:21:54,"0315 - Laredo, TX",Unlead,Laredo,TX,31.70100000000093,0,0.0,1
2026-04-17 12:21:54,"0319 - Milford, TX",Diesel,Milford,TX,347.6970000000001,0,0.0,3
2026-04-17 12:21:54,"0319 - Milford, TX",Unlead,Milford,TX,93.0,0,0.0,1
2026-04-17 12:21:54,"0323 - Canton, TX",Diesel,Canton,TX,127.09600000000137,0,0.0,3
2026-04-17 12:21:54,"0323 - Canton, TX",Unlead,Canton,TX,33.52000000000044,0,0.0,1
