timestamp,location,fuel_type,city,state,total_gallons_sold,delivery_count,delivery_volume,tank_count
2026-03-09 00:10:47,"0118 - Springfield, IL",Diesel,Springfield,IL,0.0,0,0.0,3
2026-03-09 00:10:47,"0118 - Springfield, IL",Unlead,Springfield,IL,7.0,0,0.0,1
2026-03-09 00:10:47,"0132 - Champaign, IL",Diesel,Champaign,IL,0.0,0,0.0,3
2026-03-09 00:10:47,"0132 - Champaign, IL",Unlead,Champaign,IL,15.001000000000204,0,0.0,1
2026-03-09 00:10:47,"0136 - Cottage Grove, WI",Diesel,Cottage Grove,WI,0.0,0,0.0,2
2026-03-09 00:10:47,"0136 - Cottage Grove, WI",Unlead,Cottage Grove,WI,0.0,0,0.0,1
2026-03-09 00:10:47,"0139 - Tuscola, IL",Diesel,Tuscola,IL,0.0,0,0.0,1
2026-03-09 00:10:47,"0139 - Tuscola, IL",Unlead,Tuscola,IL,0.0,0,0.0,2
2026-03-09 00:10:47,"0140 - Mendota, IL",Diesel,Mendota,IL,0.0,0,0.0,2
2026-03-09 00:10:47,"0140 - Mendota, IL",Unlead,Mendota,IL,4.0,0,0.0,2
2026-03-09 00:10:47,"0141 - Brazil, IN",Diesel,Brazil,IN,0.0,0,0.0,4
2026-03-09 00:10:47,"0141 - Brazil, IN",Unlead,Brazil,IN,0.0,0,0.0,1
2026-03-09 00:10:47,"0144 - Elk Run Height, IA",Diesel,Elk Run Height,IA,0.0,0,0.0,4
2026-03-09 00:10:47,"0144 - Elk Run Height, IA",Unlead,Elk Run Height,IA,0.0,0,0.0,2
2026-03-09 00:10:47,"0145 - Fenton, MO",Diesel,Fenton,MO,0.0,0,0.0,2
2026-03-09 00:10:47,"0145 - Fenton, MO",Unlead,Fenton,MO,0.0,0,0.0,1
2026-03-09 00:10:47,"0157 - Okawville, IL",Diesel,Okawville,IL,0.0,0,0.0,3
2026-03-09 00:10:47,"0157 - Okawville, IL",Unlead,Okawville,IL,4.342499999999745,0,0.0,1
2026-03-09 00:10:47,"0181 - Springfield, IL",Diesel,Springfield,IL,0.0,0,0.0,3
2026-03-09 00:10:47,"0181 - Springfield, IL",Unlead,Springfield,IL,0.0,0,0.0,1
2026-03-09 00:10:47,"0185 - McLean, IL",Diesel,McLean,IL,0.0,0,0.0,4
2026-03-09 00:10:47,"0185 - McLean, IL",Unlead,McLean,IL,20.816899999999805,0,0.0,1
2026-03-09 00:10:47,"0186 - Minonk, IL",Diesel,Minonk,IL,113.20900000000074,0,0.0,3
2026-03-09 00:10:47,"0186 - Minonk, IL",Unlead,Minonk,IL,0.0,0,0.0,1
2026-03-09 00:10:47,"0187 - Chicago, IL",Diesel,Chicago,IL,150.0,0,0.0,3
2026-03-09 00:10:47,"0187 - Chicago, IL",Unlead,Chicago,IL,0.0,0,0.0,1
2026-03-09 00:10:47,"0203 - Rockford, IL",Diesel,Rockford,IL,0.0,1,542.3340000000007,1
2026-03-09 00:10:47,"0203 - Rockford, IL",Unlead,Rockford,IL,0.0,0,0.0,1
2026-03-09 00:10:47,"0205 - South Beloit, IL",Diesel,South Beloit,IL,0.0,0,0.0,3
2026-03-09 00:10:47,"0205 - South Beloit, IL",Unlead,South Beloit,IL,0.0,0,0.0,1
2026-03-09 00:10:47,"0206 - Winnebago, IL",Diesel,Winnebago,IL,0.0,0,0.0,1
2026-03-09 00:10:47,"0206 - Winnebago, IL",Unlead,Winnebago,IL,23.0,0,0.0,1
2026-03-09 00:10:47,"0209 - Oakdale, WI",Diesel,Oakdale,WI,64.0,0,0.0,3
2026-03-09 00:10:47,"0209 - Oakdale, WI",Unlead,Oakdale,WI,0.0,0,0.0,1
2026-03-09 00:10:47,"0210 - Rochelle, IL",Diesel,Rochelle,IL,0.0,0,0.0,3
2026-03-09 00:10:47,"0210 - Rochelle, IL",Unlead,Rochelle,IL,0.0,0,0.0,1
2026-03-09 00:10:47,"0211 - Loves Park, IL",Diesel,Loves Park,IL,0.0,0,0.0,1
2026-03-09 00:10:47,"0211 - Loves Park, IL",Unlead,Loves Park,IL,0.0,0,0.0,1
2026-03-09 00:10:47,"0225 - Princeton, IL",Diesel,Princeton,IL,0.0,0,0.0,4
2026-03-09 00:10:47,"0225 - Princeton, IL",Unlead,Princeton,IL,15.0,0,0.0,2
2026-03-09 00:10:47,"0226 - Greenwood, IN",Diesel,Greenwood,IN,0.0,0,0.0,2
2026-03-09 00:10:47,"0226 - Greenwood, IN",Unlead,Greenwood,IN,0.0,0,0.0,2
2026-03-09 00:10:47,"0235 - Hampshire, IL",Diesel,Hampshire,IL,0.0,0,0.0,2
2026-03-09 00:10:47,"0235 - Hampshire, IL",Unlead,Hampshire,IL,33.0,0,0.0,2
2026-03-09 00:10:47,"0236 - East Troy, WI",Diesel,East Troy,WI,0.0,0,0.0,2
2026-03-09 00:10:47,"0236 - East Troy, WI",Unlead,East Troy,WI,0.0,0,0.0,1
2026-03-09 00:10:47,"0240 - Lake Station, IN",Diesel,Lake Station,IN,0.0,0,0.0,5
2026-03-09 00:10:47,"0240 - Lake Station, IN",Unlead,Lake Station,IN,0.0,0,0.0,2
2026-03-09 00:10:47,"0242 - St Robert, MO",Diesel,St Robert,MO,30.063000000000102,0,0.0,4
2026-03-09 00:10:47,"0263 - Ottawa, IL",Diesel,Ottawa,IL,0.0,0,0.0,3
2026-03-09 00:10:47,"0263 - Ottawa, IL",Unlead,Ottawa,IL,10.0,0,0.0,1
2026-03-09 00:10:47,"0265 - Dixon, IL",Diesel,Dixon,IL,0.0,0,0.0,3
2026-03-09 00:10:47,"0265 - Dixon, IL",Unlead,Dixon,IL,0.0,0,0.0,1
2026-03-09 00:10:47,"0266 - New Berlin, IL",Diesel,New Berlin,IL,0.0,0,0.0,3
2026-03-09 00:10:47,"0266 - New Berlin, IL",Unlead,New Berlin,IL,20.35739999999987,0,0.0,1
2026-03-09 00:10:47,"0267 - Pharr, TX",Diesel,Pharr,TX,0.0,0,0.0,4
2026-03-09 00:10:47,"0267 - Pharr, TX",Unlead,Pharr,TX,0.0,0,0.0,1
2026-03-09 00:10:47,"0268 - Grayville, IL",Diesel,Grayville,IL,0.0,0,0.0,3
2026-03-09 00:10:47,"0268 - Grayville, IL",Unlead,Grayville,IL,7.0,0,0.0,1
2026-03-09 00:10:47,"0269 - Marshall, IL",Diesel,Marshall,IL,0.0,0,0.0,3
2026-03-09 00:10:47,"0269 - Marshall, IL",Unlead,Marshall,IL,21.0,0,0.0,1
2026-03-09 00:10:47,"0270 - Moore, TX",Diesel,Moore,TX,63.0,0,0.0,3
2026-03-09 00:10:47,"0270 - Moore, TX",Unlead,Moore,TX,18.0,0,0.0,1
2026-03-09 00:10:47,"0271 - Odessa, TX",Diesel,Odessa,TX,16.79740000000038,0,0.0,3
2026-03-09 00:10:47,"0271 - Odessa, TX",Unlead,Odessa,TX,0.0,0,0.0,1
2026-03-09 00:10:47,"0272 - Encinal, TX",Diesel,Encinal,TX,0.0,0,0.0,3
2026-03-09 00:10:47,"0272 - Encinal, TX",Unlead,Encinal,TX,0.0,0,0.0,1
2026-03-09 00:10:47,"0273 - Combes, TX",Diesel,Combes,TX,0.0,0,0.0,3
2026-03-09 00:10:47,"0273 - Combes, TX",Unlead,Combes,TX,12.324600000000373,0,0.0,1
2026-03-09 00:10:47,"0275 - Sonora, TX",Diesel,Sonora,TX,42.21099999999933,0,0.0,3
2026-03-09 00:10:47,"0275 - Sonora, TX",Unlead,Sonora,TX,16.459999999999127,0,0.0,1
2026-03-09 00:10:47,"0276 - Waco, TX",Diesel,Waco,TX,117.93699999999808,0,0.0,3
2026-03-09 00:10:47,"0276 - Waco, TX",Unlead,Waco,TX,8.837499999999636,0,0.0,1
2026-03-09 00:10:47,"0277 - New Boston, TX",Diesel,New Boston,TX,28.57600000000093,0,0.0,3
2026-03-09 00:10:47,"0277 - New Boston, TX",Unlead,New Boston,TX,4.245299999999588,0,0.0,1
2026-03-09 00:10:47,"0278 - Brinkley, AR",Diesel,Brinkley,AR,0.0,0,0.0,3
2026-03-09 00:10:47,"0278 - Brinkley, AR",Unlead,Brinkley,AR,47.745999999999185,0,0.0,1
2026-03-09 00:10:47,"0279 - Marion, IL",Diesel,Marion,IL,34.664999999999054,0,0.0,3
2026-03-09 00:10:47,"0279 - Marion, IL",Unlead,Marion,IL,12.854799999999614,0,0.0,1
2026-03-09 00:10:47,"0280 - Monahans, TX",Diesel,Monahans,TX,0.0,0,0.0,3
2026-03-09 00:10:47,"0280 - Monahans, TX",Unlead,Monahans,TX,0.0,0,0.0,1
2026-03-09 00:10:47,"0281 - Cisco, TX",Diesel,Cisco,TX,0.0,0,0.0,3
2026-03-09 00:10:47,"0281 - Cisco, TX",Unlead,Cisco,TX,0.0,0,0.0,1
2026-03-09 00:10:47,"0282 - Gainesville, TX",Diesel,Gainesville,TX,107.05799999999726,0,0.0,3
2026-03-09 00:10:47,"0282 - Gainesville, TX",Unlead,Gainesville,TX,10.335499999999229,0,0.0,1
2026-03-09 00:10:47,"0283 - Sealy, TX",Diesel,Sealy,TX,186.71349999999984,0,0.0,3
2026-03-09 00:10:47,"0283 - Sealy, TX",Unlead,Sealy,TX,0.0,0,0.0,1
2026-03-09 00:10:47,"0284 - New Deal, TX",Diesel,New Deal,TX,0.0,0,0.0,3
2026-03-09 00:10:47,"0284 - New Deal, TX",Unlead,New Deal,TX,34.55400000000009,0,0.0,1
2026-03-09 00:10:47,"0285 - Seguin, TX",Diesel,Seguin,TX,253.67799999999806,0,0.0,3
2026-03-09 00:10:47,"0285 - Seguin, TX",Unlead,Seguin,TX,0.0,0,0.0,1
2026-03-09 00:10:47,"0286 - Amarillo, TX",Diesel,Amarillo,TX,529.0670000000009,0,0.0,3
2026-03-09 00:10:47,"0286 - Amarillo, TX",Unlead,Amarillo,TX,21.70799999999872,0,0.0,1
2026-03-09 00:10:47,"0287 - Burbonnais, IL",Diesel,Burbonnais,IL,9.329999999999927,0,0.0,3
2026-03-09 00:10:47,"0287 - Burbonnais, IL",Unlead,Burbonnais,IL,0.0,0,0.0,1
2026-03-09 00:10:47,"0289 - Teague, TX",Diesel,Teague,TX,0.0,0,0.0,3
2026-03-09 00:10:47,"0289 - Teague, TX",Unlead,Teague,TX,0.0,0,0.0,1
2026-03-09 00:10:47,"0290 - Joplin, MO",Diesel,Joplin,MO,0.0,0,0.0,3
2026-03-09 00:10:47,"0290 - Joplin, MO",Unlead,Joplin,MO,0.0,0,0.0,1
2026-03-09 00:10:47,"0312 - Vidor, TX",Diesel,Vidor,TX,0.0,0,0.0,3
2026-03-09 00:10:47,"0312 - Vidor, TX",Unlead,Vidor,TX,5.963999999999942,0,0.0,1
2026-03-09 00:10:47,"0315 - Laredo, TX",Diesel,Laredo,TX,0.0,0,0.0,3
2026-03-09 00:10:47,"0315 - Laredo, TX",Unlead,Laredo,TX,0.0,0,0.0,1
2026-03-09 00:10:47,"0319 - Milford, TX",Diesel,Milford,TX,0.0,0,0.0,3
2026-03-09 00:10:47,"0319 - Milford, TX",Unlead,Milford,TX,11.273400000000038,0,0.0,1
2026-03-09 00:10:47,"0323 - Canton, TX",Diesel,Canton,TX,32.47999999999956,0,0.0,3
2026-03-09 00:10:47,"0323 - Canton, TX",Unlead,Canton,TX,0.0,0,0.0,1
2026-03-09 00:25:50,"0118 - Springfield, IL",Diesel,Springfield,IL,0.0,0,0.0,3
2026-03-09 00:25:50,"0118 - Springfield, IL",Unlead,Springfield,IL,0.0,0,0.0,1
2026-03-09 00:25:50,"0132 - Champaign, IL",Diesel,Champaign,IL,0.0,0,0.0,3
2026-03-09 00:25:50,"0132 - Champaign, IL",Unlead,Champaign,IL,6.538000000000466,0,0.0,1
2026-03-09 00:25:50,"0136 - Cottage Grove, WI",Diesel,Cottage Grove,WI,125.99099999999999,0,0.0,2
2026-03-09 00:25:50,"0136 - Cottage Grove, WI",Unlead,Cottage Grove,WI,11.45299999999952,0,0.0,1
2026-03-09 00:25:50,"0139 - Tuscola, IL",Diesel,Tuscola,IL,0.0,0,0.0,1
2026-03-09 00:25:50,"0139 - Tuscola, IL",Unlead,Tuscola,IL,0.0,0,0.0,2
2026-03-09 00:25:50,"0140 - Mendota, IL",Diesel,Mendota,IL,0.0,0,0.0,2
2026-03-09 00:25:50,"0140 - Mendota, IL",Unlead,Mendota,IL,9.0,0,0.0,2
2026-03-09 00:25:50,"0141 - Brazil, IN",Diesel,Brazil,IN,0.0,0,0.0,4
2026-03-09 00:25:50,"0141 - Brazil, IN",Unlead,Brazil,IN,0.0,0,0.0,1
2026-03-09 00:25:50,"0144 - Elk Run Height, IA",Diesel,Elk Run Height,IA,164.0,0,0.0,4
2026-03-09 00:25:50,"0144 - Elk Run Height, IA",Unlead,Elk Run Height,IA,0.0,0,0.0,2
2026-03-09 00:25:50,"0145 - Fenton, MO",Diesel,Fenton,MO,47.0,0,0.0,2
2026-03-09 00:25:50,"0145 - Fenton, MO",Unlead,Fenton,MO,10.0,0,0.0,1
2026-03-09 00:25:50,"0157 - Okawville, IL",Diesel,Okawville,IL,0.0,0,0.0,3
2026-03-09 00:25:50,"0157 - Okawville, IL",Unlead,Okawville,IL,0.0,0,0.0,1
2026-03-09 00:25:50,"0181 - Springfield, IL",Diesel,Springfield,IL,0.0,0,0.0,3
2026-03-09 00:25:50,"0181 - Springfield, IL",Unlead,Springfield,IL,0.0,0,0.0,1
2026-03-09 00:25:50,"0185 - McLean, IL",Diesel,McLean,IL,0.0,0,0.0,4
2026-03-09 00:25:50,"0185 - McLean, IL",Unlead,McLean,IL,0.0,0,0.0,1
2026-03-09 00:25:50,"0186 - Minonk, IL",Diesel,Minonk,IL,72.39400000000205,0,0.0,3
2026-03-09 00:25:50,"0186 - Minonk, IL",Unlead,Minonk,IL,9.548000000000684,0,0.0,1
2026-03-09 00:25:50,"0187 - Chicago, IL",Diesel,Chicago,IL,0.0,0,0.0,3
2026-03-09 00:25:50,"0187 - Chicago, IL",Unlead,Chicago,IL,0.0,0,0.0,1
2026-03-09 00:25:50,"0203 - Rockford, IL",Diesel,Rockford,IL,0.0,1,3488.867,1
2026-03-09 00:25:50,"0203 - Rockford, IL",Unlead,Rockford,IL,13.657999999999447,0,0.0,1
2026-03-09 00:25:50,"0205 - South Beloit, IL",Diesel,South Beloit,IL,0.0,0,0.0,3
2026-03-09 00:25:50,"0205 - South Beloit, IL",Unlead,South Beloit,IL,17.0,0,0.0,1
2026-03-09 00:25:50,"0206 - Winnebago, IL",Diesel,Winnebago,IL,0.0,0,0.0,1
2026-03-09 00:25:50,"0206 - Winnebago, IL",Unlead,Winnebago,IL,0.0,0,0.0,1
2026-03-09 00:25:50,"0209 - Oakdale, WI",Diesel,Oakdale,WI,8.0,0,0.0,3
2026-03-09 00:25:50,"0209 - Oakdale, WI",Unlead,Oakdale,WI,0.0,0,0.0,1
2026-03-09 00:25:50,"0210 - Rochelle, IL",Diesel,Rochelle,IL,0.0,0,0.0,3
2026-03-09 00:25:50,"0210 - Rochelle, IL",Unlead,Rochelle,IL,0.0,0,0.0,1
2026-03-09 00:25:50,"0211 - Loves Park, IL",Diesel,Loves Park,IL,0.0,0,0.0,1
2026-03-09 00:25:50,"0211 - Loves Park, IL",Unlead,Loves Park,IL,0.0,0,0.0,1
2026-03-09 00:25:50,"0225 - Princeton, IL",Diesel,Princeton,IL,25.0,0,0.0,4
2026-03-09 00:25:50,"0225 - Princeton, IL",Unlead,Princeton,IL,0.0,0,0.0,2
2026-03-09 00:25:50,"0226 - Greenwood, IN",Diesel,Greenwood,IN,64.0,0,0.0,2
2026-03-09 00:25:50,"0226 - Greenwood, IN",Unlead,Greenwood,IN,0.0,0,0.0,2
2026-03-09 00:25:50,"0235 - Hampshire, IL",Diesel,Hampshire,IL,0.0,0,0.0,2
2026-03-09 00:25:50,"0235 - Hampshire, IL",Unlead,Hampshire,IL,25.0,0,0.0,2
2026-03-09 00:25:50,"0236 - East Troy, WI",Diesel,East Troy,WI,0.0,0,0.0,2
2026-03-09 00:25:50,"0236 - East Troy, WI",Unlead,East Troy,WI,0.0,0,0.0,1
2026-03-09 00:25:50,"0240 - Lake Station, IN",Diesel,Lake Station,IN,262.0,0,0.0,5
2026-03-09 00:25:50,"0240 - Lake Station, IN",Unlead,Lake Station,IN,4.0,0,0.0,2
2026-03-09 00:25:50,"0242 - St Robert, MO",Diesel,St Robert,MO,7.139000000000124,0,0.0,4
2026-03-09 00:25:50,"0263 - Ottawa, IL",Diesel,Ottawa,IL,0.0,0,0.0,3
2026-03-09 00:25:50,"0263 - Ottawa, IL",Unlead,Ottawa,IL,0.0,0,0.0,1
2026-03-09 00:25:50,"0265 - Dixon, IL",Diesel,Dixon,IL,0.0,0,0.0,3
2026-03-09 00:25:50,"0265 - Dixon, IL",Unlead,Dixon,IL,0.0,0,0.0,1
2026-03-09 00:25:50,"0266 - New Berlin, IL",Diesel,New Berlin,IL,0.0,0,0.0,3
2026-03-09 00:25:50,"0266 - New Berlin, IL",Unlead,New Berlin,IL,0.0,0,0.0,1
2026-03-09 00:25:50,"0267 - Pharr, TX",Diesel,Pharr,TX,0.0,0,0.0,4
2026-03-09 00:25:50,"0267 - Pharr, TX",Unlead,Pharr,TX,0.0,0,0.0,1
2026-03-09 00:25:50,"0268 - Grayville, IL",Diesel,Grayville,IL,0.0,0,0.0,3
2026-03-09 00:25:50,"0268 - Grayville, IL",Unlead,Grayville,IL,0.0,0,0.0,1
2026-03-09 00:25:50,"0269 - Marshall, IL",Diesel,Marshall,IL,0.0,0,0.0,3
2026-03-09 00:25:50,"0269 - Marshall, IL",Unlead,Marshall,IL,6.0,0,0.0,1
2026-03-09 00:25:50,"0270 - Moore, TX",Diesel,Moore,TX,29.0,0,0.0,3
2026-03-09 00:25:50,"0270 - Moore, TX",Unlead,Moore,TX,36.0,0,0.0,1
2026-03-09 00:25:50,"0271 - Odessa, TX",Diesel,Odessa,TX,182.45289999999932,0,0.0,3
2026-03-09 00:25:50,"0271 - Odessa, TX",Unlead,Odessa,TX,3.4479999999994106,0,0.0,1
2026-03-09 00:25:50,"0272 - Encinal, TX",Diesel,Encinal,TX,0.0,0,0.0,3
2026-03-09 00:25:50,"0272 - Encinal, TX",Unlead,Encinal,TX,6.3289999999997235,0,0.0,1
2026-03-09 00:25:50,"0273 - Combes, TX",Diesel,Combes,TX,0.0,0,0.0,3
2026-03-09 00:25:50,"0273 - Combes, TX",Unlead,Combes,TX,9.432599999999638,0,0.0,1
2026-03-09 00:25:50,"0275 - Sonora, TX",Diesel,Sonora,TX,106.78300000000127,0,0.0,3
2026-03-09 00:25:50,"0275 - Sonora, TX",Unlead,Sonora,TX,26.70100000000093,0,0.0,1
2026-03-09 00:25:50,"0276 - Waco, TX",Diesel,Waco,TX,74.41100000000188,0,0.0,3
2026-03-09 00:25:50,"0276 - Waco, TX",Unlead,Waco,TX,0.0,0,0.0,1
2026-03-09 00:25:50,"0277 - New Boston, TX",Diesel,New Boston,TX,63.9320000000007,0,0.0,3
2026-03-09 00:25:50,"0277 - New Boston, TX",Unlead,New Boston,TX,0.0,0,0.0,1
2026-03-09 00:25:50,"0278 - Brinkley, AR",Diesel,Brinkley,AR,33.23859999999968,0,0.0,3
2026-03-09 00:25:50,"0278 - Brinkley, AR",Unlead,Brinkley,AR,15.076000000000931,0,0.0,1
2026-03-09 00:25:50,"0279 - Marion, IL",Diesel,Marion,IL,151.77200000000084,0,0.0,3
2026-03-09 00:25:50,"0279 - Marion, IL",Unlead,Marion,IL,17.402800000000298,0,0.0,1
2026-03-09 00:25:50,"0280 - Monahans, TX",Diesel,Monahans,TX,0.0,0,0.0,3
2026-03-09 00:25:50,"0280 - Monahans, TX",Unlead,Monahans,TX,0.0,0,0.0,1
2026-03-09 00:25:50,"0281 - Cisco, TX",Diesel,Cisco,TX,0.0,0,0.0,3
2026-03-09 00:25:50,"0281 - Cisco, TX",Unlead,Cisco,TX,0.0,0,0.0,1
2026-03-09 00:25:50,"0282 - Gainesville, TX",Diesel,Gainesville,TX,116.54799999999886,0,0.0,3
2026-03-09 00:25:50,"0282 - Gainesville, TX",Unlead,Gainesville,TX,0.0,0,0.0,1
2026-03-09 00:25:50,"0283 - Sealy, TX",Diesel,Sealy,TX,0.0,0,0.0,3
2026-03-09 00:25:50,"0283 - Sealy, TX",Unlead,Sealy,TX,19.53900000000067,0,0.0,1
2026-03-09 00:25:50,"0284 - New Deal, TX",Diesel,New Deal,TX,0.0,0,0.0,3
2026-03-09 00:25:50,"0284 - New Deal, TX",Unlead,New Deal,TX,16.39799999999923,0,0.0,1
2026-03-09 00:25:50,"0285 - Seguin, TX",Diesel,Seguin,TX,89.4320000000007,0,0.0,3
2026-03-09 00:25:50,"0285 - Seguin, TX",Unlead,Seguin,TX,0.0,0,0.0,1
2026-03-09 00:25:50,"0286 - Amarillo, TX",Diesel,Amarillo,TX,181.49599999999919,0,0.0,3
2026-03-09 00:25:50,"0286 - Amarillo, TX",Unlead,Amarillo,TX,11.125,0,0.0,1
2026-03-09 00:25:50,"0287 - Burbonnais, IL",Diesel,Burbonnais,IL,97.19299999999748,0,0.0,3
2026-03-09 00:25:50,"0287 - Burbonnais, IL",Unlead,Burbonnais,IL,0.0,0,0.0,1
2026-03-09 00:25:50,"0289 - Teague, TX",Diesel,Teague,TX,94.46999999999935,0,0.0,3
2026-03-09 00:25:50,"0289 - Teague, TX",Unlead,Teague,TX,0.0,0,0.0,1
2026-03-09 00:25:50,"0290 - Joplin, MO",Diesel,Joplin,MO,0.0,0,0.0,3
2026-03-09 00:25:50,"0290 - Joplin, MO",Unlead,Joplin,MO,9.782999999999447,0,0.0,1
2026-03-09 00:25:50,"0312 - Vidor, TX",Diesel,Vidor,TX,0.0,0,0.0,3
2026-03-09 00:25:50,"0312 - Vidor, TX",Unlead,Vidor,TX,0.0,0,0.0,1
2026-03-09 00:25:50,"0315 - Laredo, TX",Diesel,Laredo,TX,0.0,0,0.0,3
2026-03-09 00:25:50,"0315 - Laredo, TX",Unlead,Laredo,TX,0.0,0,0.0,1
2026-03-09 00:25:50,"0319 - Milford, TX",Diesel,Milford,TX,55.2450000000008,0,0.0,3
2026-03-09 00:25:50,"0319 - Milford, TX",Unlead,Milford,TX,8.616799999999785,0,0.0,1
2026-03-09 00:25:50,"0323 - Canton, TX",Diesel,Canton,TX,15.483000000000175,0,0.0,3
2026-03-09 00:25:50,"0323 - Canton, TX",Unlead,Canton,TX,0.0,0,0.0,1
2026-03-09 00:40:53,"0118 - Springfield, IL",Diesel,Springfield,IL,0.0,0,0.0,3
2026-03-09 00:40:53,"0118 - Springfield, IL",Unlead,Springfield,IL,12.0,0,0.0,1
2026-03-09 00:40:53,"0132 - Champaign, IL",Diesel,Champaign,IL,0.0,0,0.0,3
2026-03-09 00:40:53,"0132 - Champaign, IL",Unlead,Champaign,IL,12.126000000000204,0,0.0,1
2026-03-09 00:40:53,"0136 - Cottage Grove, WI",Diesel,Cottage Grove,WI,37.152000000000044,0,0.0,2
2026-03-09 00:40:53,"0136 - Cottage Grove, WI",Unlead,Cottage Grove,WI,8.247999999999593,0,0.0,1
2026-03-09 00:40:53,"0139 - Tuscola, IL",Diesel,Tuscola,IL,0.0,0,0.0,1
2026-03-09 00:40:53,"0139 - Tuscola, IL",Unlead,Tuscola,IL,0.0,0,0.0,2
2026-03-09 00:40:53,"0140 - Mendota, IL",Diesel,Mendota,IL,0.0,0,0.0,2
2026-03-09 00:40:53,"0140 - Mendota, IL",Unlead,Mendota,IL,0.0,0,0.0,2
2026-03-09 00:40:53,"0141 - Brazil, IN",Diesel,Brazil,IN,0.0,0,0.0,4
2026-03-09 00:40:53,"0141 - Brazil, IN",Unlead,Brazil,IN,14.0,0,0.0,1
2026-03-09 00:40:53,"0144 - Elk Run Height, IA",Diesel,Elk Run Height,IA,62.0,0,0.0,4
2026-03-09 00:40:53,"0144 - Elk Run Height, IA",Unlead,Elk Run Height,IA,0.0,0,0.0,2
2026-03-09 00:40:53,"0145 - Fenton, MO",Diesel,Fenton,MO,14.0,0,0.0,2
2026-03-09 00:40:53,"0145 - Fenton, MO",Unlead,Fenton,MO,0.0,0,0.0,1
2026-03-09 00:40:53,"0157 - Okawville, IL",Diesel,Okawville,IL,21.0,0,0.0,3
2026-03-09 00:40:53,"0157 - Okawville, IL",Unlead,Okawville,IL,0.0,0,0.0,1
2026-03-09 00:40:53,"0181 - Springfield, IL",Diesel,Springfield,IL,0.0,0,0.0,3
2026-03-09 00:40:53,"0181 - Springfield, IL",Unlead,Springfield,IL,0.0,0,0.0,1
2026-03-09 00:40:53,"0185 - McLean, IL",Diesel,McLean,IL,0.0,0,0.0,4
2026-03-09 00:40:53,"0185 - McLean, IL",Unlead,McLean,IL,3.064499999999498,0,0.0,1
2026-03-09 00:40:53,"0186 - Minonk, IL",Diesel,Minonk,IL,34.008999999998196,0,0.0,3
2026-03-09 00:40:53,"0186 - Minonk, IL",Unlead,Minonk,IL,4.9210000000002765,0,0.0,1
2026-03-09 00:40:53,"0187 - Chicago, IL",Diesel,Chicago,IL,0.0,0,0.0,3
2026-03-09 00:40:53,"0187 - Chicago, IL",Unlead,Chicago,IL,0.0,0,0.0,1
2026-03-09 00:40:53,"0203 - Rockford, IL",Diesel,Rockford,IL,0.0,0,0.0,1
2026-03-09 00:40:53,"0203 - Rockford, IL",Unlead,Rockford,IL,0.0,0,0.0,1
2026-03-09 00:40:53,"0205 - South Beloit, IL",Diesel,South Beloit,IL,0.0,0,0.0,3
2026-03-09 00:40:53,"0205 - South Beloit, IL",Unlead,South Beloit,IL,22.0,0,0.0,1
2026-03-09 00:40:53,"0206 - Winnebago, IL",Diesel,Winnebago,IL,0.0,0,0.0,1
2026-03-09 00:40:53,"0206 - Winnebago, IL",Unlead,Winnebago,IL,0.0,0,0.0,1
2026-03-09 00:40:53,"0209 - Oakdale, WI",Diesel,Oakdale,WI,0.0,0,0.0,3
2026-03-09 00:40:53,"0209 - Oakdale, WI",Unlead,Oakdale,WI,17.0,0,0.0,1
2026-03-09 00:40:53,"0210 - Rochelle, IL",Diesel,Rochelle,IL,0.0,0,0.0,3
2026-03-09 00:40:53,"0210 - Rochelle, IL",Unlead,Rochelle,IL,0.0,0,0.0,1
2026-03-09 00:40:53,"0211 - Loves Park, IL",Diesel,Loves Park,IL,105.0,0,0.0,1
2026-03-09 00:40:53,"0211 - Loves Park, IL",Unlead,Loves Park,IL,12.0,0,0.0,1
2026-03-09 00:40:53,"0225 - Princeton, IL",Diesel,Princeton,IL,6.0,0,0.0,4
2026-03-09 00:40:53,"0225 - Princeton, IL",Unlead,Princeton,IL,0.0,0,0.0,2
2026-03-09 00:40:53,"0226 - Greenwood, IN",Diesel,Greenwood,IN,190.0,0,0.0,2
2026-03-09 00:40:53,"0226 - Greenwood, IN",Unlead,Greenwood,IN,0.0,0,0.0,2
2026-03-09 00:40:53,"0235 - Hampshire, IL",Diesel,Hampshire,IL,0.0,0,0.0,2
2026-03-09 00:40:53,"0235 - Hampshire, IL",Unlead,Hampshire,IL,10.0,0,0.0,2
2026-03-09 00:40:53,"0236 - East Troy, WI",Diesel,East Troy,WI,0.0,0,0.0,2
2026-03-09 00:40:53,"0236 - East Troy, WI",Unlead,East Troy,WI,0.0,0,0.0,1
2026-03-09 00:40:53,"0240 - Lake Station, IN",Diesel,Lake Station,IN,77.0,0,0.0,5
2026-03-09 00:40:53,"0240 - Lake Station, IN",Unlead,Lake Station,IN,15.0,0,0.0,2
2026-03-09 00:40:53,"0242 - St Robert, MO",Diesel,St Robert,MO,0.0,0,0.0,4
2026-03-09 00:40:53,"0263 - Ottawa, IL",Diesel,Ottawa,IL,0.0,0,0.0,3
2026-03-09 00:40:53,"0263 - Ottawa, IL",Unlead,Ottawa,IL,0.0,0,0.0,1
2026-03-09 00:40:53,"0265 - Dixon, IL",Diesel,Dixon,IL,0.0,0,0.0,3
2026-03-09 00:40:53,"0265 - Dixon, IL",Unlead,Dixon,IL,0.0,0,0.0,1
2026-03-09 00:40:53,"0266 - New Berlin, IL",Diesel,New Berlin,IL,0.0,0,0.0,3
2026-03-09 00:40:53,"0266 - New Berlin, IL",Unlead,New Berlin,IL,0.0,0,0.0,1
2026-03-09 00:40:53,"0267 - Pharr, TX",Diesel,Pharr,TX,147.0,0,0.0,4
2026-03-09 00:40:53,"0267 - Pharr, TX",Unlead,Pharr,TX,6.0,0,0.0,1
2026-03-09 00:40:53,"0268 - Grayville, IL",Diesel,Grayville,IL,0.0,0,0.0,3
2026-03-09 00:40:53,"0268 - Grayville, IL",Unlead,Grayville,IL,0.0,0,0.0,1
2026-03-09 00:40:53,"0269 - Marshall, IL",Diesel,Marshall,IL,146.0,0,0.0,3
2026-03-09 00:40:53,"0269 - Marshall, IL",Unlead,Marshall,IL,0.0,0,0.0,1
2026-03-09 00:40:53,"0270 - Moore, TX",Diesel,Moore,TX,96.0,0,0.0,3
2026-03-09 00:40:53,"0270 - Moore, TX",Unlead,Moore,TX,24.0,0,0.0,1
2026-03-09 00:40:53,"0271 - Odessa, TX",Diesel,Odessa,TX,182.44650000000001,0,0.0,3
2026-03-09 00:40:53,"0271 - Odessa, TX",Unlead,Odessa,TX,9.806000000000495,0,0.0,1
2026-03-09 00:40:53,"0272 - Encinal, TX",Diesel,Encinal,TX,0.0,0,0.0,3
2026-03-09 00:40:53,"0272 - Encinal, TX",Unlead,Encinal,TX,15.493000000000393,0,0.0,1
2026-03-09 00:40:53,"0273 - Combes, TX",Diesel,Combes,TX,257.47170000000006,0,0.0,3
2026-03-09 00:40:53,"0273 - Combes, TX",Unlead,Combes,TX,35.11110000000008,0,0.0,1
2026-03-09 00:40:53,"0275 - Sonora, TX",Diesel,Sonora,TX,18.535000000001673,0,0.0,3
2026-03-09 00:40:53,"0275 - Sonora, TX",Unlead,Sonora,TX,5.144999999998618,0,0.0,1
2026-03-09 00:40:53,"0276 - Waco, TX",Diesel,Waco,TX,0.0,0,0.0,3
2026-03-09 00:40:53,"0276 - Waco, TX",Unlead,Waco,TX,0.0,0,0.0,1
2026-03-09 00:40:53,"0277 - New Boston, TX",Diesel,New Boston,TX,0.0,0,0.0,3
2026-03-09 00:40:53,"0277 - New Boston, TX",Unlead,New Boston,TX,10.617199999999684,0,0.0,1
2026-03-09 00:40:53,"0278 - Brinkley, AR",Diesel,Brinkley,AR,86.50900000000001,0,0.0,3
2026-03-09 00:40:53,"0278 - Brinkley, AR",Unlead,Brinkley,AR,2.9290000000000873,0,0.0,1
2026-03-09 00:40:53,"0279 - Marion, IL",Diesel,Marion,IL,0.0,0,0.0,3
2026-03-09 00:40:53,"0279 - Marion, IL",Unlead,Marion,IL,22.65119999999979,0,0.0,1
2026-03-09 00:40:53,"0280 - Monahans, TX",Diesel,Monahans,TX,0.0,0,0.0,3
2026-03-09 00:40:53,"0280 - Monahans, TX",Unlead,Monahans,TX,0.0,0,0.0,1
2026-03-09 00:40:53,"0281 - Cisco, TX",Diesel,Cisco,TX,0.0,0,0.0,3
2026-03-09 00:40:53,"0281 - Cisco, TX",Unlead,Cisco,TX,0.0,0,0.0,1
2026-03-09 00:40:53,"0282 - Gainesville, TX",Diesel,Gainesville,TX,0.0,0,0.0,3
2026-03-09 00:40:53,"0282 - Gainesville, TX",Unlead,Gainesville,TX,0.0,0,0.0,1
2026-03-09 00:40:53,"0283 - Sealy, TX",Diesel,Sealy,TX,0.0,0,0.0,3
2026-03-09 00:40:53,"0283 - Sealy, TX",Unlead,Sealy,TX,0.0,0,0.0,1
2026-03-09 00:40:53,"0284 - New Deal, TX",Diesel,New Deal,TX,0.0,0,0.0,3
2026-03-09 00:40:53,"0284 - New Deal, TX",Unlead,New Deal,TX,6.7630000000008295,0,0.0,1
2026-03-09 00:40:53,"0285 - Seguin, TX",Diesel,Seguin,TX,0.0,0,0.0,3
2026-03-09 00:40:53,"0285 - Seguin, TX",Unlead,Seguin,TX,0.0,0,0.0,1
2026-03-09 00:40:53,"0286 - Amarillo, TX",Diesel,Amarillo,TX,80.95300000000134,0,0.0,3
2026-03-09 00:40:53,"0286 - Amarillo, TX",Unlead,Amarillo,TX,0.0,0,0.0,1
2026-03-09 00:40:53,"0287 - Burbonnais, IL",Diesel,Burbonnais,IL,207.04700000000048,0,0.0,3
2026-03-09 00:40:53,"0287 - Burbonnais, IL",Unlead,Burbonnais,IL,0.0,0,0.0,1
2026-03-09 00:40:53,"0289 - Teague, TX",Diesel,Teague,TX,0.0,0,0.0,3
2026-03-09 00:40:53,"0289 - Teague, TX",Unlead,Teague,TX,0.0,0,0.0,1
2026-03-09 00:40:53,"0290 - Joplin, MO",Diesel,Joplin,MO,0.0,0,0.0,3
2026-03-09 00:40:53,"0290 - Joplin, MO",Unlead,Joplin,MO,0.0,0,0.0,1
2026-03-09 00:40:53,"0312 - Vidor, TX",Diesel,Vidor,TX,68.26000000000022,0,0.0,3
2026-03-09 00:40:53,"0312 - Vidor, TX",Unlead,Vidor,TX,0.0,0,0.0,1
2026-03-09 00:40:53,"0315 - Laredo, TX",Diesel,Laredo,TX,0.0,0,0.0,3
2026-03-09 00:40:53,"0315 - Laredo, TX",Unlead,Laredo,TX,19.088999999999942,0,0.0,1
2026-03-09 00:40:53,"0319 - Milford, TX",Diesel,Milford,TX,0.0,0,0.0,3
2026-03-09 00:40:53,"0319 - Milford, TX",Unlead,Milford,TX,25.13760000000002,0,0.0,1
2026-03-09 00:40:53,"0323 - Canton, TX",Diesel,Canton,TX,0.0,0,0.0,3
2026-03-09 00:40:53,"0323 - Canton, TX",Unlead,Canton,TX,0.0,0,0.0,1
2026-03-09 00:55:56,"0118 - Springfield, IL",Diesel,Springfield,IL,98.0,0,0.0,3
2026-03-09 00:55:56,"0118 - Springfield, IL",Unlead,Springfield,IL,0.0,0,0.0,1
2026-03-09 00:55:56,"0132 - Champaign, IL",Diesel,Champaign,IL,0.0,0,0.0,3
2026-03-09 00:55:56,"0132 - Champaign, IL",Unlead,Champaign,IL,15.177999999999884,0,0.0,1
2026-03-09 00:55:56,"0136 - Cottage Grove, WI",Diesel,Cottage Grove,WI,0.0,0,0.0,2
2026-03-09 00:55:56,"0136 - Cottage Grove, WI",Unlead,Cottage Grove,WI,6.21100000000115,0,0.0,1
2026-03-09 00:55:56,"0139 - Tuscola, IL",Diesel,Tuscola,IL,0.0,0,0.0,1
2026-03-09 00:55:56,"0139 - Tuscola, IL",Unlead,Tuscola,IL,16.0,0,0.0,2
2026-03-09 00:55:56,"0140 - Mendota, IL",Diesel,Mendota,IL,0.0,0,0.0,2
2026-03-09 00:55:56,"0140 - Mendota, IL",Unlead,Mendota,IL,14.0,0,0.0,2
2026-03-09 00:55:56,"0141 - Brazil, IN",Diesel,Brazil,IN,0.0,0,0.0,4
2026-03-09 00:55:56,"0141 - Brazil, IN",Unlead,Brazil,IN,12.0,0,0.0,1
2026-03-09 00:55:56,"0144 - Elk Run Height, IA",Diesel,Elk Run Height,IA,6.0,0,0.0,4
2026-03-09 00:55:56,"0144 - Elk Run Height, IA",Unlead,Elk Run Height,IA,0.0,0,0.0,2
2026-03-09 00:55:56,"0145 - Fenton, MO",Diesel,Fenton,MO,0.0,0,0.0,2
2026-03-09 00:55:56,"0145 - Fenton, MO",Unlead,Fenton,MO,0.0,0,0.0,1
2026-03-09 00:55:56,"0157 - Okawville, IL",Diesel,Okawville,IL,53.0,0,0.0,3
2026-03-09 00:55:56,"0157 - Okawville, IL",Unlead,Okawville,IL,6.068699999999808,0,0.0,1
2026-03-09 00:55:56,"0181 - Springfield, IL",Diesel,Springfield,IL,89.87900000000263,0,0.0,3
2026-03-09 00:55:56,"0181 - Springfield, IL",Unlead,Springfield,IL,13.611000000000786,0,0.0,1
2026-03-09 00:55:56,"0185 - McLean, IL",Diesel,McLean,IL,0.0,0,0.0,4
2026-03-09 00:55:56,"0185 - McLean, IL",Unlead,McLean,IL,0.0,0,0.0,1
2026-03-09 00:55:56,"0186 - Minonk, IL",Diesel,Minonk,IL,0.0,0,0.0,3
2026-03-09 00:55:56,"0186 - Minonk, IL",Unlead,Minonk,IL,0.0,0,0.0,1
2026-03-09 00:55:56,"0187 - Chicago, IL",Diesel,Chicago,IL,0.0,0,0.0,3
2026-03-09 00:55:56,"0187 - Chicago, IL",Unlead,Chicago,IL,0.0,0,0.0,1
2026-03-09 00:55:56,"0203 - Rockford, IL",Diesel,Rockford,IL,0.0,0,0.0,1
2026-03-09 00:55:56,"0203 - Rockford, IL",Unlead,Rockford,IL,7.30199999999968,0,0.0,1
2026-03-09 00:55:56,"0205 - South Beloit, IL",Diesel,South Beloit,IL,0.0,0,0.0,3
2026-03-09 00:55:56,"0205 - South Beloit, IL",Unlead,South Beloit,IL,0.0,0,0.0,1
2026-03-09 00:55:56,"0206 - Winnebago, IL",Diesel,Winnebago,IL,101.0,0,0.0,1
2026-03-09 00:55:56,"0206 - Winnebago, IL",Unlead,Winnebago,IL,27.0,0,0.0,1
2026-03-09 00:55:56,"0209 - Oakdale, WI",Diesel,Oakdale,WI,0.0,0,0.0,3
2026-03-09 00:55:56,"0209 - Oakdale, WI",Unlead,Oakdale,WI,0.0,0,0.0,1
2026-03-09 00:55:56,"0210 - Rochelle, IL",Diesel,Rochelle,IL,0.0,0,0.0,3
2026-03-09 00:55:56,"0210 - Rochelle, IL",Unlead,Rochelle,IL,0.0,0,0.0,1
2026-03-09 00:55:56,"0211 - Loves Park, IL",Diesel,Loves Park,IL,24.0,0,0.0,1
2026-03-09 00:55:56,"0211 - Loves Park, IL",Unlead,Loves Park,IL,0.0,0,0.0,1
2026-03-09 00:55:56,"0225 - Princeton, IL",Diesel,Princeton,IL,0.0,0,0.0,4
2026-03-09 00:55:56,"0225 - Princeton, IL",Unlead,Princeton,IL,0.0,0,0.0,2
2026-03-09 00:55:56,"0226 - Greenwood, IN",Diesel,Greenwood,IN,0.0,0,0.0,2
2026-03-09 00:55:56,"0226 - Greenwood, IN",Unlead,Greenwood,IN,0.0,0,0.0,2
2026-03-09 00:55:56,"0235 - Hampshire, IL",Diesel,Hampshire,IL,0.0,0,0.0,2
2026-03-09 00:55:56,"0235 - Hampshire, IL",Unlead,Hampshire,IL,12.0,0,0.0,2
2026-03-09 00:55:56,"0236 - East Troy, WI",Diesel,East Troy,WI,0.0,0,0.0,2
2026-03-09 00:55:56,"0236 - East Troy, WI",Unlead,East Troy,WI,0.0,0,0.0,1
2026-03-09 00:55:56,"0240 - Lake Station, IN",Diesel,Lake Station,IN,0.0,0,0.0,5
2026-03-09 00:55:56,"0240 - Lake Station, IN",Unlead,Lake Station,IN,3.0,0,0.0,2
2026-03-09 00:55:56,"0242 - St Robert, MO",Diesel,St Robert,MO,0.0,0,0.0,4
2026-03-09 00:55:56,"0263 - Ottawa, IL",Diesel,Ottawa,IL,0.0,0,0.0,3
2026-03-09 00:55:56,"0263 - Ottawa, IL",Unlead,Ottawa,IL,0.0,0,0.0,1
2026-03-09 00:55:56,"0265 - Dixon, IL",Diesel,Dixon,IL,0.0,0,0.0,3
2026-03-09 00:55:56,"0265 - Dixon, IL",Unlead,Dixon,IL,0.0,0,0.0,1
2026-03-09 00:55:56,"0266 - New Berlin, IL",Diesel,New Berlin,IL,0.0,0,0.0,3
2026-03-09 00:55:56,"0266 - New Berlin, IL",Unlead,New Berlin,IL,0.0,0,0.0,1
2026-03-09 00:55:56,"0267 - Pharr, TX",Diesel,Pharr,TX,0.0,0,0.0,4
2026-03-09 00:55:56,"0267 - Pharr, TX",Unlead,Pharr,TX,0.0,0,0.0,1
2026-03-09 00:55:56,"0268 - Grayville, IL",Diesel,Grayville,IL,0.0,0,0.0,3
2026-03-09 00:55:56,"0268 - Grayville, IL",Unlead,Grayville,IL,23.0,0,0.0,1
2026-03-09 00:55:56,"0269 - Marshall, IL",Diesel,Marshall,IL,0.0,0,0.0,3
2026-03-09 00:55:56,"0269 - Marshall, IL",Unlead,Marshall,IL,17.0,0,0.0,1
2026-03-09 00:55:56,"0270 - Moore, TX",Diesel,Moore,TX,274.0,0,0.0,3
2026-03-09 00:55:56,"0270 - Moore, TX",Unlead,Moore,TX,44.0,0,0.0,1
2026-03-09 00:55:56,"0271 - Odessa, TX",Diesel,Odessa,TX,85.73369999999977,0,0.0,3
2026-03-09 00:55:56,"0271 - Odessa, TX",Unlead,Odessa,TX,0.0,0,0.0,1
2026-03-09 00:55:56,"0272 - Encinal, TX",Diesel,Encinal,TX,212.82300000000032,0,0.0,3
2026-03-09 00:55:56,"0272 - Encinal, TX",Unlead,Encinal,TX,0.0,0,0.0,1
2026-03-09 00:55:56,"0273 - Combes, TX",Diesel,Combes,TX,22.469199999999546,0,0.0,3
2026-03-09 00:55:56,"0273 - Combes, TX",Unlead,Combes,TX,0.0,0,0.0,1
2026-03-09 00:55:56,"0275 - Sonora, TX",Diesel,Sonora,TX,55.75200000000041,0,0.0,3
2026-03-09 00:55:56,"0275 - Sonora, TX",Unlead,Sonora,TX,24.9954000000007,0,0.0,1
2026-03-09 00:55:56,"0276 - Waco, TX",Diesel,Waco,TX,0.0,2,2727.6670000000013,3
2026-03-09 00:55:56,"0276 - Waco, TX",Unlead,Waco,TX,0.0,0,0.0,1
2026-03-09 00:55:56,"0277 - New Boston, TX",Diesel,New Boston,TX,0.0,0,0.0,3
2026-03-09 00:55:56,"0277 - New Boston, TX",Unlead,New Boston,TX,0.0,0,0.0,1
2026-03-09 00:55:56,"0278 - Brinkley, AR",Diesel,Brinkley,AR,226.5030000000006,0,0.0,3
2026-03-09 00:55:56,"0278 - Brinkley, AR",Unlead,Brinkley,AR,11.101999999998952,0,0.0,1
2026-03-09 00:55:56,"0279 - Marion, IL",Diesel,Marion,IL,0.0,0,0.0,3
2026-03-09 00:55:56,"0279 - Marion, IL",Unlead,Marion,IL,8.781600000000253,0,0.0,1
2026-03-09 00:55:56,"0280 - Monahans, TX",Diesel,Monahans,TX,0.0,0,0.0,3
2026-03-09 00:55:56,"0280 - Monahans, TX",Unlead,Monahans,TX,0.0,0,0.0,1
2026-03-09 00:55:56,"0281 - Cisco, TX",Diesel,Cisco,TX,0.0,0,0.0,3
2026-03-09 00:55:56,"0281 - Cisco, TX",Unlead,Cisco,TX,0.0,0,0.0,1
2026-03-09 00:55:56,"0282 - Gainesville, TX",Diesel,Gainesville,TX,75.10499999999956,0,0.0,3
2026-03-09 00:55:56,"0282 - Gainesville, TX",Unlead,Gainesville,TX,0.0,0,0.0,1
2026-03-09 00:55:56,"0283 - Sealy, TX",Diesel,Sealy,TX,235.46799999999894,0,0.0,3
2026-03-09 00:55:56,"0283 - Sealy, TX",Unlead,Sealy,TX,0.0,0,0.0,1
2026-03-09 00:55:56,"0284 - New Deal, TX",Diesel,New Deal,TX,0.0,0,0.0,3
2026-03-09 00:55:56,"0284 - New Deal, TX",Unlead,New Deal,TX,4.288000000000466,0,0.0,1
2026-03-09 00:55:56,"0285 - Seguin, TX",Diesel,Seguin,TX,0.0,0,0.0,3
2026-03-09 00:55:56,"0285 - Seguin, TX",Unlead,Seguin,TX,0.0,0,0.0,1
2026-03-09 00:55:56,"0286 - Amarillo, TX",Diesel,Amarillo,TX,191.97799999999916,0,0.0,3
2026-03-09 00:55:56,"0286 - Amarillo, TX",Unlead,Amarillo,TX,0.0,0,0.0,1
2026-03-09 00:55:56,"0287 - Burbonnais, IL",Diesel,Burbonnais,IL,0.0,0,0.0,3
2026-03-09 00:55:56,"0287 - Burbonnais, IL",Unlead,Burbonnais,IL,6.208599999999933,0,0.0,1
2026-03-09 00:55:56,"0289 - Teague, TX",Diesel,Teague,TX,0.0,0,0.0,3
2026-03-09 00:55:56,"0289 - Teague, TX",Unlead,Teague,TX,0.0,0,0.0,1
2026-03-09 00:55:56,"0290 - Joplin, MO",Diesel,Joplin,MO,0.0,0,0.0,3
2026-03-09 00:55:56,"0290 - Joplin, MO",Unlead,Joplin,MO,3.2219999999997526,0,0.0,1
2026-03-09 00:55:56,"0312 - Vidor, TX",Diesel,Vidor,TX,0.0,0,0.0,3
2026-03-09 00:55:56,"0312 - Vidor, TX",Unlead,Vidor,TX,0.0,0,0.0,1
2026-03-09 00:55:56,"0315 - Laredo, TX",Diesel,Laredo,TX,0.0,1,261.03299999999945,3
2026-03-09 00:55:56,"0315 - Laredo, TX",Unlead,Laredo,TX,0.0,0,0.0,1
2026-03-09 00:55:56,"0319 - Milford, TX",Diesel,Milford,TX,0.0,0,0.0,3
2026-03-09 00:55:56,"0319 - Milford, TX",Unlead,Milford,TX,45.837000000000444,0,0.0,1
2026-03-09 00:55:56,"0323 - Canton, TX",Diesel,Canton,TX,0.0,0,0.0,3
2026-03-09 00:55:56,"0323 - Canton, TX",Unlead,Canton,TX,0.0,0,0.0,1
2026-03-09 01:11:00,"0118 - Springfield, IL",Diesel,Springfield,IL,0.0,0,0.0,3
2026-03-09 01:11:00,"0118 - Springfield, IL",Unlead,Springfield,IL,0.0,0,0.0,1
2026-03-09 01:11:00,"0132 - Champaign, IL",Diesel,Champaign,IL,0.0,0,0.0,3
2026-03-09 01:11:00,"0132 - Champaign, IL",Unlead,Champaign,IL,0.0,0,0.0,1
2026-03-09 01:11:00,"0136 - Cottage Grove, WI",Diesel,Cottage Grove,WI,0.0,0,0.0,2
2026-03-09 01:11:00,"0136 - Cottage Grove, WI",Unlead,Cottage Grove,WI,0.0,0,0.0,1
2026-03-09 01:11:00,"0139 - Tuscola, IL",Diesel,Tuscola,IL,0.0,0,0.0,1
2026-03-09 01:11:00,"0139 - Tuscola, IL",Unlead,Tuscola,IL,0.0,0,0.0,2
2026-03-09 01:11:00,"0140 - Mendota, IL",Diesel,Mendota,IL,48.0,0,0.0,2
2026-03-09 01:11:00,"0140 - Mendota, IL",Unlead,Mendota,IL,0.0,0,0.0,2
2026-03-09 01:11:00,"0141 - Brazil, IN",Diesel,Brazil,IN,0.0,0,0.0,4
2026-03-09 01:11:00,"0141 - Brazil, IN",Unlead,Brazil,IN,0.0,0,0.0,1
2026-03-09 01:11:00,"0144 - Elk Run Height, IA",Diesel,Elk Run Height,IA,0.0,0,0.0,4
2026-03-09 01:11:00,"0144 - Elk Run Height, IA",Unlead,Elk Run Height,IA,0.0,0,0.0,2
2026-03-09 01:11:00,"0145 - Fenton, MO",Diesel,Fenton,MO,37.0,0,0.0,2
2026-03-09 01:11:00,"0145 - Fenton, MO",Unlead,Fenton,MO,0.0,0,0.0,1
2026-03-09 01:11:00,"0157 - Okawville, IL",Diesel,Okawville,IL,0.0,0,0.0,3
2026-03-09 01:11:00,"0157 - Okawville, IL",Unlead,Okawville,IL,9.742400000000089,0,0.0,1
2026-03-09 01:11:00,"0181 - Springfield, IL",Diesel,Springfield,IL,0.0,0,0.0,3
2026-03-09 01:11:00,"0181 - Springfield, IL",Unlead,Springfield,IL,2.925999999999476,0,0.0,1
2026-03-09 01:11:00,"0185 - McLean, IL",Diesel,McLean,IL,0.0,0,0.0,4
2026-03-09 01:11:00,"0185 - McLean, IL",Unlead,McLean,IL,6.312399999999798,0,0.0,1
2026-03-09 01:11:00,"0186 - Minonk, IL",Diesel,Minonk,IL,0.0,0,0.0,3
2026-03-09 01:11:00,"0186 - Minonk, IL",Unlead,Minonk,IL,0.0,0,0.0,1
2026-03-09 01:11:00,"0187 - Chicago, IL",Diesel,Chicago,IL,0.0,0,0.0,3
2026-03-09 01:11:00,"0187 - Chicago, IL",Unlead,Chicago,IL,10.580500000000029,0,0.0,1
2026-03-09 01:11:00,"0203 - Rockford, IL",Diesel,Rockford,IL,0.0,0,0.0,1
2026-03-09 01:11:00,"0203 - Rockford, IL",Unlead,Rockford,IL,0.0,0,0.0,1
2026-03-09 01:11:00,"0205 - South Beloit, IL",Diesel,South Beloit,IL,0.0,0,0.0,3
2026-03-09 01:11:00,"0205 - South Beloit, IL",Unlead,South Beloit,IL,0.0,0,0.0,1
2026-03-09 01:11:00,"0206 - Winnebago, IL",Diesel,Winnebago,IL,0.0,0,0.0,1
2026-03-09 01:11:00,"0206 - Winnebago, IL",Unlead,Winnebago,IL,0.0,0,0.0,1
2026-03-09 01:11:00,"0209 - Oakdale, WI",Diesel,Oakdale,WI,0.0,0,0.0,3
2026-03-09 01:11:00,"0209 - Oakdale, WI",Unlead,Oakdale,WI,0.0,0,0.0,1
2026-03-09 01:11:00,"0210 - Rochelle, IL",Diesel,Rochelle,IL,0.0,0,0.0,3
2026-03-09 01:11:00,"0210 - Rochelle, IL",Unlead,Rochelle,IL,3.0,0,0.0,1
2026-03-09 01:11:00,"0211 - Loves Park, IL",Diesel,Loves Park,IL,0.0,0,0.0,1
2026-03-09 01:11:00,"0211 - Loves Park, IL",Unlead,Loves Park,IL,0.0,0,0.0,1
2026-03-09 01:11:00,"0225 - Princeton, IL",Diesel,Princeton,IL,0.0,0,0.0,4
2026-03-09 01:11:00,"0225 - Princeton, IL",Unlead,Princeton,IL,5.0,0,0.0,2
2026-03-09 01:11:00,"0226 - Greenwood, IN",Diesel,Greenwood,IN,0.0,0,0.0,2
2026-03-09 01:11:00,"0226 - Greenwood, IN",Unlead,Greenwood,IN,0.0,0,0.0,2
2026-03-09 01:11:00,"0235 - Hampshire, IL",Diesel,Hampshire,IL,0.0,0,0.0,2
2026-03-09 01:11:00,"0235 - Hampshire, IL",Unlead,Hampshire,IL,0.0,0,0.0,2
2026-03-09 01:11:00,"0236 - East Troy, WI",Diesel,East Troy,WI,0.0,0,0.0,2
2026-03-09 01:11:00,"0236 - East Troy, WI",Unlead,East Troy,WI,0.0,0,0.0,1
2026-03-09 01:11:00,"0240 - Lake Station, IN",Diesel,Lake Station,IN,96.0,0,0.0,5
2026-03-09 01:11:00,"0240 - Lake Station, IN",Unlead,Lake Station,IN,11.0,0,0.0,2
2026-03-09 01:11:00,"0242 - St Robert, MO",Diesel,St Robert,MO,0.0,0,0.0,4
2026-03-09 01:11:00,"0263 - Ottawa, IL",Diesel,Ottawa,IL,0.0,0,0.0,3
2026-03-09 01:11:00,"0263 - Ottawa, IL",Unlead,Ottawa,IL,3.0,0,0.0,1
2026-03-09 01:11:00,"0265 - Dixon, IL",Diesel,Dixon,IL,0.0,0,0.0,3
2026-03-09 01:11:00,"0265 - Dixon, IL",Unlead,Dixon,IL,0.0,0,0.0,1
2026-03-09 01:11:00,"0266 - New Berlin, IL",Diesel,New Berlin,IL,0.0,0,0.0,3
2026-03-09 01:11:00,"0266 - New Berlin, IL",Unlead,New Berlin,IL,0.0,0,0.0,1
2026-03-09 01:11:00,"0267 - Pharr, TX",Diesel,Pharr,TX,69.0,0,0.0,4
2026-03-09 01:11:00,"0267 - Pharr, TX",Unlead,Pharr,TX,0.0,0,0.0,1
2026-03-09 01:11:00,"0268 - Grayville, IL",Diesel,Grayville,IL,0.0,0,0.0,3
2026-03-09 01:11:00,"0268 - Grayville, IL",Unlead,Grayville,IL,0.0,0,0.0,1
2026-03-09 01:11:00,"0269 - Marshall, IL",Diesel,Marshall,IL,0.0,0,0.0,3
2026-03-09 01:11:00,"0269 - Marshall, IL",Unlead,Marshall,IL,5.0,0,0.0,1
2026-03-09 01:11:00,"0270 - Moore, TX",Diesel,Moore,TX,95.0,0,0.0,3
2026-03-09 01:11:00,"0270 - Moore, TX",Unlead,Moore,TX,0.0,0,0.0,1
2026-03-09 01:11:00,"0271 - Odessa, TX",Diesel,Odessa,TX,55.654999999999745,0,0.0,3
2026-03-09 01:11:00,"0271 - Odessa, TX",Unlead,Odessa,TX,0.0,0,0.0,1
2026-03-09 01:11:00,"0272 - Encinal, TX",Diesel,Encinal,TX,28.596999999999753,0,0.0,3
2026-03-09 01:11:00,"0272 - Encinal, TX",Unlead,Encinal,TX,0.0,0,0.0,1
2026-03-09 01:11:00,"0273 - Combes, TX",Diesel,Combes,TX,0.0,0,0.0,3
2026-03-09 01:11:00,"0273 - Combes, TX",Unlead,Combes,TX,5.802700000000186,0,0.0,1
2026-03-09 01:11:00,"0275 - Sonora, TX",Diesel,Sonora,TX,0.0,0,0.0,3
2026-03-09 01:11:00,"0275 - Sonora, TX",Unlead,Sonora,TX,19.711600000000544,0,0.0,1
2026-03-09 01:11:00,"0276 - Waco, TX",Diesel,Waco,TX,0.0,2,5235.217999999999,3
2026-03-09 01:11:00,"0276 - Waco, TX",Unlead,Waco,TX,0.0,0,0.0,1
2026-03-09 01:11:00,"0277 - New Boston, TX",Diesel,New Boston,TX,0.0,0,0.0,3
2026-03-09 01:11:00,"0277 - New Boston, TX",Unlead,New Boston,TX,17.831999999999425,0,0.0,1
2026-03-09 01:11:00,"0278 - Brinkley, AR",Diesel,Brinkley,AR,0.0,0,0.0,3
2026-03-09 01:11:00,"0278 - Brinkley, AR",Unlead,Brinkley,AR,3.287000000000262,0,0.0,1
2026-03-09 01:11:00,"0279 - Marion, IL",Diesel,Marion,IL,0.0,0,0.0,3
2026-03-09 01:11:00,"0279 - Marion, IL",Unlead,Marion,IL,44.39499999999998,0,0.0,1
2026-03-09 01:11:00,"0280 - Monahans, TX",Diesel,Monahans,TX,0.0,0,0.0,3
2026-03-09 01:11:00,"0280 - Monahans, TX",Unlead,Monahans,TX,0.0,0,0.0,1
2026-03-09 01:11:00,"0281 - Cisco, TX",Diesel,Cisco,TX,0.0,0,0.0,3
2026-03-09 01:11:00,"0281 - Cisco, TX",Unlead,Cisco,TX,0.0,0,0.0,1
2026-03-09 01:11:00,"0282 - Gainesville, TX",Diesel,Gainesville,TX,30.480999999999767,0,0.0,3
2026-03-09 01:11:00,"0282 - Gainesville, TX",Unlead,Gainesville,TX,5.915999999999258,0,0.0,1
2026-03-09 01:11:00,"0283 - Sealy, TX",Diesel,Sealy,TX,0.0,0,0.0,3
2026-03-09 01:11:00,"0283 - Sealy, TX",Unlead,Sealy,TX,0.0,0,0.0,1
2026-03-09 01:11:00,"0284 - New Deal, TX",Diesel,New Deal,TX,0.0,0,0.0,3
2026-03-09 01:11:00,"0284 - New Deal, TX",Unlead,New Deal,TX,5.925999999999476,0,0.0,1
2026-03-09 01:11:00,"0285 - Seguin, TX",Diesel,Seguin,TX,0.0,0,0.0,3
2026-03-09 01:11:00,"0285 - Seguin, TX",Unlead,Seguin,TX,0.0,0,0.0,1
2026-03-09 01:11:00,"0286 - Amarillo, TX",Diesel,Amarillo,TX,264.9450000000015,0,0.0,3
2026-03-09 01:11:00,"0286 - Amarillo, TX",Unlead,Amarillo,TX,0.0,0,0.0,1
2026-03-09 01:11:00,"0287 - Burbonnais, IL",Diesel,Burbonnais,IL,35.23650000000089,0,0.0,3
2026-03-09 01:11:00,"0287 - Burbonnais, IL",Unlead,Burbonnais,IL,19.39600000000064,0,0.0,1
2026-03-09 01:11:00,"0289 - Teague, TX",Diesel,Teague,TX,0.0,0,0.0,3
2026-03-09 01:11:00,"0289 - Teague, TX",Unlead,Teague,TX,0.0,0,0.0,1
2026-03-09 01:11:00,"0290 - Joplin, MO",Diesel,Joplin,MO,0.0,0,0.0,3
2026-03-09 01:11:00,"0290 - Joplin, MO",Unlead,Joplin,MO,0.0,0,0.0,1
2026-03-09 01:11:00,"0312 - Vidor, TX",Diesel,Vidor,TX,0.0,0,0.0,3
2026-03-09 01:11:00,"0312 - Vidor, TX",Unlead,Vidor,TX,0.0,0,0.0,1
2026-03-09 01:11:00,"0315 - Laredo, TX",Diesel,Laredo,TX,0.0,2,6564.287000000002,3
2026-03-09 01:11:00,"0315 - Laredo, TX",Unlead,Laredo,TX,0.0,0,0.0,1
2026-03-09 01:11:00,"0319 - Milford, TX",Diesel,Milford,TX,200.84599999999955,0,0.0,3
2026-03-09 01:11:00,"0319 - Milford, TX",Unlead,Milford,TX,17.230899999999565,0,0.0,1
2026-03-09 01:11:00,"0323 - Canton, TX",Diesel,Canton,TX,0.0,0,0.0,3
2026-03-09 01:11:00,"0323 - Canton, TX",Unlead,Canton,TX,15.380999999997584,0,0.0,1
2026-03-09 01:26:02,"0118 - Springfield, IL",Diesel,Springfield,IL,18.0,0,0.0,3
2026-03-09 01:26:02,"0118 - Springfield, IL",Unlead,Springfield,IL,0.0,0,0.0,1
2026-03-09 01:26:02,"0132 - Champaign, IL",Diesel,Champaign,IL,91.66270000000077,0,0.0,3
2026-03-09 01:26:02,"0132 - Champaign, IL",Unlead,Champaign,IL,0.0,0,0.0,1
2026-03-09 01:26:02,"0136 - Cottage Grove, WI",Diesel,Cottage Grove,WI,0.0,0,0.0,2
2026-03-09 01:26:02,"0136 - Cottage Grove, WI",Unlead,Cottage Grove,WI,0.0,0,0.0,1
2026-03-09 01:26:02,"0139 - Tuscola, IL",Diesel,Tuscola,IL,0.0,0,0.0,1
2026-03-09 01:26:02,"0139 - Tuscola, IL",Unlead,Tuscola,IL,0.0,0,0.0,2
2026-03-09 01:26:02,"0140 - Mendota, IL",Diesel,Mendota,IL,0.0,0,0.0,2
2026-03-09 01:26:02,"0140 - Mendota, IL",Unlead,Mendota,IL,0.0,0,0.0,2
2026-03-09 01:26:02,"0141 - Brazil, IN",Diesel,Brazil,IN,0.0,0,0.0,4
2026-03-09 01:26:02,"0141 - Brazil, IN",Unlead,Brazil,IN,0.0,0,0.0,1
2026-03-09 01:26:02,"0144 - Elk Run Height, IA",Diesel,Elk Run Height,IA,0.0,0,0.0,4
2026-03-09 01:26:02,"0144 - Elk Run Height, IA",Unlead,Elk Run Height,IA,0.0,0,0.0,2
2026-03-09 01:26:02,"0145 - Fenton, MO",Diesel,Fenton,MO,0.0,0,0.0,2
2026-03-09 01:26:02,"0145 - Fenton, MO",Unlead,Fenton,MO,0.0,0,0.0,1
2026-03-09 01:26:02,"0157 - Okawville, IL",Diesel,Okawville,IL,79.0,0,0.0,3
2026-03-09 01:26:02,"0157 - Okawville, IL",Unlead,Okawville,IL,0.0,0,0.0,1
2026-03-09 01:26:02,"0181 - Springfield, IL",Diesel,Springfield,IL,0.0,0,0.0,3
2026-03-09 01:26:02,"0181 - Springfield, IL",Unlead,Springfield,IL,0.0,0,0.0,1
2026-03-09 01:26:02,"0185 - McLean, IL",Diesel,McLean,IL,0.0,0,0.0,4
2026-03-09 01:26:02,"0185 - McLean, IL",Unlead,McLean,IL,0.0,0,0.0,1
2026-03-09 01:26:02,"0186 - Minonk, IL",Diesel,Minonk,IL,0.0,0,0.0,3
2026-03-09 01:26:02,"0186 - Minonk, IL",Unlead,Minonk,IL,0.0,0,0.0,1
2026-03-09 01:26:02,"0187 - Chicago, IL",Diesel,Chicago,IL,0.0,0,0.0,3
2026-03-09 01:26:02,"0187 - Chicago, IL",Unlead,Chicago,IL,5.997000000000298,0,0.0,1
2026-03-09 01:26:02,"0203 - Rockford, IL",Diesel,Rockford,IL,92.19499999999971,0,0.0,1
2026-03-09 01:26:02,"0203 - Rockford, IL",Unlead,Rockford,IL,0.0,0,0.0,1
2026-03-09 01:26:02,"0205 - South Beloit, IL",Diesel,South Beloit,IL,0.0,0,0.0,3
2026-03-09 01:26:02,"0205 - South Beloit, IL",Unlead,South Beloit,IL,0.0,0,0.0,1
2026-03-09 01:26:02,"0206 - Winnebago, IL",Diesel,Winnebago,IL,0.0,0,0.0,1
2026-03-09 01:26:02,"0206 - Winnebago, IL",Unlead,Winnebago,IL,0.0,0,0.0,1
2026-03-09 01:26:02,"0209 - Oakdale, WI",Diesel,Oakdale,WI,0.0,0,0.0,3
2026-03-09 01:26:02,"0209 - Oakdale, WI",Unlead,Oakdale,WI,0.0,0,0.0,1
2026-03-09 01:26:02,"0210 - Rochelle, IL",Diesel,Rochelle,IL,0.0,0,0.0,3
2026-03-09 01:26:02,"0210 - Rochelle, IL",Unlead,Rochelle,IL,0.0,0,0.0,1
2026-03-09 01:26:02,"0211 - Loves Park, IL",Diesel,Loves Park,IL,0.0,0,0.0,1
2026-03-09 01:26:02,"0211 - Loves Park, IL",Unlead,Loves Park,IL,0.0,0,0.0,1
2026-03-09 01:26:02,"0225 - Princeton, IL",Diesel,Princeton,IL,0.0,0,0.0,4
2026-03-09 01:26:02,"0225 - Princeton, IL",Unlead,Princeton,IL,3.0,0,0.0,2
2026-03-09 01:26:02,"0226 - Greenwood, IN",Diesel,Greenwood,IN,0.0,0,0.0,2
2026-03-09 01:26:02,"0226 - Greenwood, IN",Unlead,Greenwood,IN,0.0,0,0.0,2
2026-03-09 01:26:02,"0235 - Hampshire, IL",Diesel,Hampshire,IL,0.0,0,0.0,2
2026-03-09 01:26:02,"0235 - Hampshire, IL",Unlead,Hampshire,IL,2.0,0,0.0,2
2026-03-09 01:26:02,"0236 - East Troy, WI",Diesel,East Troy,WI,0.0,0,0.0,2
2026-03-09 01:26:02,"0236 - East Troy, WI",Unlead,East Troy,WI,0.0,0,0.0,1
2026-03-09 01:26:02,"0240 - Lake Station, IN",Diesel,Lake Station,IN,66.0,0,0.0,5
2026-03-09 01:26:02,"0240 - Lake Station, IN",Unlead,Lake Station,IN,0.0,0,0.0,2
2026-03-09 01:26:02,"0242 - St Robert, MO",Diesel,St Robert,MO,134.48499999999967,0,0.0,4
2026-03-09 01:26:02,"0263 - Ottawa, IL",Diesel,Ottawa,IL,0.0,0,0.0,3
2026-03-09 01:26:02,"0263 - Ottawa, IL",Unlead,Ottawa,IL,0.0,0,0.0,1
2026-03-09 01:26:02,"0265 - Dixon, IL",Diesel,Dixon,IL,0.0,0,0.0,3
2026-03-09 01:26:02,"0265 - Dixon, IL",Unlead,Dixon,IL,7.75,0,0.0,1
2026-03-09 01:26:02,"0266 - New Berlin, IL",Diesel,New Berlin,IL,0.0,0,0.0,3
2026-03-09 01:26:02,"0266 - New Berlin, IL",Unlead,New Berlin,IL,0.0,0,0.0,1
2026-03-09 01:26:02,"0267 - Pharr, TX",Diesel,Pharr,TX,0.0,0,0.0,4
2026-03-09 01:26:02,"0267 - Pharr, TX",Unlead,Pharr,TX,7.0,0,0.0,1
2026-03-09 01:26:02,"0268 - Grayville, IL",Diesel,Grayville,IL,0.0,0,0.0,3
2026-03-09 01:26:02,"0268 - Grayville, IL",Unlead,Grayville,IL,0.0,0,0.0,1
2026-03-09 01:26:02,"0269 - Marshall, IL",Diesel,Marshall,IL,0.0,0,0.0,3
2026-03-09 01:26:02,"0269 - Marshall, IL",Unlead,Marshall,IL,6.0,0,0.0,1
2026-03-09 01:26:02,"0270 - Moore, TX",Diesel,Moore,TX,79.0,0,0.0,3
2026-03-09 01:26:02,"0270 - Moore, TX",Unlead,Moore,TX,4.0,0,0.0,1
2026-03-09 01:26:02,"0271 - Odessa, TX",Diesel,Odessa,TX,79.75500000000011,0,0.0,3
2026-03-09 01:26:02,"0271 - Odessa, TX",Unlead,Odessa,TX,0.0,0,0.0,1
2026-03-09 01:26:02,"0272 - Encinal, TX",Diesel,Encinal,TX,0.0,0,0.0,3
2026-03-09 01:26:02,"0272 - Encinal, TX",Unlead,Encinal,TX,13.36199999999917,0,0.0,1
2026-03-09 01:26:02,"0273 - Combes, TX",Diesel,Combes,TX,50.051800000000185,0,0.0,3
2026-03-09 01:26:02,"0273 - Combes, TX",Unlead,Combes,TX,3.879599999999755,0,0.0,1
2026-03-09 01:26:02,"0275 - Sonora, TX",Diesel,Sonora,TX,0.0,0,0.0,3
2026-03-09 01:26:02,"0275 - Sonora, TX",Unlead,Sonora,TX,16.25999999999931,0,0.0,1
2026-03-09 01:26:02,"0276 - Waco, TX",Diesel,Waco,TX,0.0,0,0.0,3
2026-03-09 01:26:02,"0276 - Waco, TX",Unlead,Waco,TX,7.261999999998807,0,0.0,1
2026-03-09 01:26:02,"0277 - New Boston, TX",Diesel,New Boston,TX,0.0,0,0.0,3
2026-03-09 01:26:02,"0277 - New Boston, TX",Unlead,New Boston,TX,8.881000000000313,0,0.0,1
2026-03-09 01:26:02,"0278 - Brinkley, AR",Diesel,Brinkley,AR,0.0,0,0.0,3
2026-03-09 01:26:02,"0278 - Brinkley, AR",Unlead,Brinkley,AR,11.881999999999607,0,0.0,1
2026-03-09 01:26:02,"0279 - Marion, IL",Diesel,Marion,IL,0.0,0,0.0,3
2026-03-09 01:26:02,"0279 - Marion, IL",Unlead,Marion,IL,32.28690000000006,0,0.0,1
2026-03-09 01:26:02,"0280 - Monahans, TX",Diesel,Monahans,TX,0.0,0,0.0,3
2026-03-09 01:26:02,"0280 - Monahans, TX",Unlead,Monahans,TX,18.01810000000023,0,0.0,1
2026-03-09 01:26:02,"0281 - Cisco, TX",Diesel,Cisco,TX,0.0,0,0.0,3
2026-03-09 01:26:02,"0281 - Cisco, TX",Unlead,Cisco,TX,0.0,0,0.0,1
2026-03-09 01:26:02,"0282 - Gainesville, TX",Diesel,Gainesville,TX,106.30099999999948,0,0.0,3
2026-03-09 01:26:02,"0282 - Gainesville, TX",Unlead,Gainesville,TX,28.965000000000146,0,0.0,1
2026-03-09 01:26:02,"0283 - Sealy, TX",Diesel,Sealy,TX,0.0,0,0.0,3
2026-03-09 01:26:02,"0283 - Sealy, TX",Unlead,Sealy,TX,0.0,0,0.0,1
2026-03-09 01:26:02,"0284 - New Deal, TX",Diesel,New Deal,TX,0.0,0,0.0,3
2026-03-09 01:26:02,"0284 - New Deal, TX",Unlead,New Deal,TX,0.0,0,0.0,1
2026-03-09 01:26:02,"0285 - Seguin, TX",Diesel,Seguin,TX,68.84000000000015,0,0.0,3
2026-03-09 01:26:02,"0285 - Seguin, TX",Unlead,Seguin,TX,0.0,0,0.0,1
2026-03-09 01:26:02,"0286 - Amarillo, TX",Diesel,Amarillo,TX,80.49399999999878,0,0.0,3
2026-03-09 01:26:02,"0286 - Amarillo, TX",Unlead,Amarillo,TX,0.0,0,0.0,1
2026-03-09 01:26:02,"0287 - Burbonnais, IL",Diesel,Burbonnais,IL,0.0,0,0.0,3
2026-03-09 01:26:02,"0287 - Burbonnais, IL",Unlead,Burbonnais,IL,9.492999999999483,0,0.0,1
2026-03-09 01:26:02,"0289 - Teague, TX",Diesel,Teague,TX,0.0,0,0.0,3
2026-03-09 01:26:02,"0289 - Teague, TX",Unlead,Teague,TX,0.0,0,0.0,1
2026-03-09 01:26:02,"0290 - Joplin, MO",Diesel,Joplin,MO,0.0,0,0.0,3
2026-03-09 01:26:02,"0290 - Joplin, MO",Unlead,Joplin,MO,20.463999999999942,0,0.0,1
2026-03-09 01:26:02,"0312 - Vidor, TX",Diesel,Vidor,TX,99.6200000000008,0,0.0,3
2026-03-09 01:26:02,"0312 - Vidor, TX",Unlead,Vidor,TX,0.0,0,0.0,1
2026-03-09 01:26:02,"0315 - Laredo, TX",Diesel,Laredo,TX,0.0,1,1164.289999999999,3
2026-03-09 01:26:02,"0315 - Laredo, TX",Unlead,Laredo,TX,0.0,0,0.0,1
2026-03-09 01:26:02,"0319 - Milford, TX",Diesel,Milford,TX,44.990999999999985,0,0.0,3
2026-03-09 01:26:02,"0319 - Milford, TX",Unlead,Milford,TX,38.05320000000029,0,0.0,1
2026-03-09 01:26:02,"0323 - Canton, TX",Diesel,Canton,TX,0.0,0,0.0,3
2026-03-09 01:26:02,"0323 - Canton, TX",Unlead,Canton,TX,0.0,0,0.0,1
2026-03-09 01:41:06,"0118 - Springfield, IL",Diesel,Springfield,IL,0.0,0,0.0,3
2026-03-09 01:41:06,"0118 - Springfield, IL",Unlead,Springfield,IL,15.0,0,0.0,1
2026-03-09 01:41:06,"0132 - Champaign, IL",Diesel,Champaign,IL,7.647999999999229,0,0.0,3
2026-03-09 01:41:06,"0132 - Champaign, IL",Unlead,Champaign,IL,0.0,0,0.0,1
2026-03-09 01:41:06,"0136 - Cottage Grove, WI",Diesel,Cottage Grove,WI,0.0,0,0.0,2
2026-03-09 01:41:06,"0136 - Cottage Grove, WI",Unlead,Cottage Grove,WI,0.0,0,0.0,1
2026-03-09 01:41:06,"0139 - Tuscola, IL",Diesel,Tuscola,IL,0.0,0,0.0,1
2026-03-09 01:41:06,"0139 - Tuscola, IL",Unlead,Tuscola,IL,0.0,0,0.0,2
2026-03-09 01:41:06,"0140 - Mendota, IL",Diesel,Mendota,IL,0.0,0,0.0,2
2026-03-09 01:41:06,"0140 - Mendota, IL",Unlead,Mendota,IL,0.0,0,0.0,2
2026-03-09 01:41:06,"0141 - Brazil, IN",Diesel,Brazil,IN,0.0,0,0.0,4
2026-03-09 01:41:06,"0141 - Brazil, IN",Unlead,Brazil,IN,0.0,0,0.0,1
2026-03-09 01:41:06,"0144 - Elk Run Height, IA",Diesel,Elk Run Height,IA,0.0,0,0.0,4
2026-03-09 01:41:06,"0144 - Elk Run Height, IA",Unlead,Elk Run Height,IA,0.0,0,0.0,2
2026-03-09 01:41:06,"0145 - Fenton, MO",Diesel,Fenton,MO,0.0,0,0.0,2
2026-03-09 01:41:06,"0145 - Fenton, MO",Unlead,Fenton,MO,0.0,0,0.0,1
2026-03-09 01:41:06,"0157 - Okawville, IL",Diesel,Okawville,IL,0.0,0,0.0,3
2026-03-09 01:41:06,"0157 - Okawville, IL",Unlead,Okawville,IL,0.0,0,0.0,1
2026-03-09 01:41:06,"0181 - Springfield, IL",Diesel,Springfield,IL,0.0,0,0.0,3
2026-03-09 01:41:06,"0181 - Springfield, IL",Unlead,Springfield,IL,0.0,0,0.0,1
2026-03-09 01:41:06,"0185 - McLean, IL",Diesel,McLean,IL,0.0,0,0.0,4
2026-03-09 01:41:06,"0185 - McLean, IL",Unlead,McLean,IL,0.0,0,0.0,1
2026-03-09 01:41:06,"0186 - Minonk, IL",Diesel,Minonk,IL,0.0,0,0.0,3
2026-03-09 01:41:06,"0186 - Minonk, IL",Unlead,Minonk,IL,21.144999999998618,0,0.0,1
2026-03-09 01:41:06,"0187 - Chicago, IL",Diesel,Chicago,IL,0.0,0,0.0,3
2026-03-09 01:41:06,"0187 - Chicago, IL",Unlead,Chicago,IL,0.0,0,0.0,1
2026-03-09 01:41:06,"0203 - Rockford, IL",Diesel,Rockford,IL,0.0,0,0.0,1
2026-03-09 01:41:06,"0203 - Rockford, IL",Unlead,Rockford,IL,0.0,0,0.0,1
2026-03-09 01:41:06,"0205 - South Beloit, IL",Diesel,South Beloit,IL,0.0,0,0.0,3
2026-03-09 01:41:06,"0205 - South Beloit, IL",Unlead,South Beloit,IL,0.0,0,0.0,1
2026-03-09 01:41:06,"0206 - Winnebago, IL",Diesel,Winnebago,IL,0.0,0,0.0,1
2026-03-09 01:41:06,"0206 - Winnebago, IL",Unlead,Winnebago,IL,0.0,0,0.0,1
2026-03-09 01:41:06,"0209 - Oakdale, WI",Diesel,Oakdale,WI,0.0,0,0.0,3
2026-03-09 01:41:06,"0209 - Oakdale, WI",Unlead,Oakdale,WI,0.0,0,0.0,1
2026-03-09 01:41:06,"0210 - Rochelle, IL",Diesel,Rochelle,IL,0.0,0,0.0,3
2026-03-09 01:41:06,"0210 - Rochelle, IL",Unlead,Rochelle,IL,0.0,0,0.0,1
2026-03-09 01:41:06,"0211 - Loves Park, IL",Diesel,Loves Park,IL,0.0,0,0.0,1
2026-03-09 01:41:06,"0211 - Loves Park, IL",Unlead,Loves Park,IL,0.0,0,0.0,1
2026-03-09 01:41:06,"0225 - Princeton, IL",Diesel,Princeton,IL,0.0,0,0.0,4
2026-03-09 01:41:06,"0225 - Princeton, IL",Unlead,Princeton,IL,14.0,0,0.0,2
2026-03-09 01:41:06,"0226 - Greenwood, IN",Diesel,Greenwood,IN,101.0,0,0.0,2
2026-03-09 01:41:06,"0226 - Greenwood, IN",Unlead,Greenwood,IN,0.0,0,0.0,2
2026-03-09 01:41:06,"0235 - Hampshire, IL",Diesel,Hampshire,IL,0.0,0,0.0,2
2026-03-09 01:41:06,"0235 - Hampshire, IL",Unlead,Hampshire,IL,17.0,0,0.0,2
2026-03-09 01:41:06,"0236 - East Troy, WI",Diesel,East Troy,WI,0.0,0,0.0,2
2026-03-09 01:41:06,"0236 - East Troy, WI",Unlead,East Troy,WI,0.0,0,0.0,1
2026-03-09 01:41:06,"0240 - Lake Station, IN",Diesel,Lake Station,IN,0.0,0,0.0,5
2026-03-09 01:41:06,"0240 - Lake Station, IN",Unlead,Lake Station,IN,0.0,0,0.0,2
2026-03-09 01:41:06,"0242 - St Robert, MO",Diesel,St Robert,MO,9.751000000000204,0,0.0,4
2026-03-09 01:41:06,"0263 - Ottawa, IL",Diesel,Ottawa,IL,0.0,0,0.0,3
2026-03-09 01:41:06,"0263 - Ottawa, IL",Unlead,Ottawa,IL,19.0,0,0.0,1
2026-03-09 01:41:06,"0265 - Dixon, IL",Diesel,Dixon,IL,0.0,0,0.0,3
2026-03-09 01:41:06,"0265 - Dixon, IL",Unlead,Dixon,IL,0.0,0,0.0,1
2026-03-09 01:41:06,"0266 - New Berlin, IL",Diesel,New Berlin,IL,0.0,0,0.0,3
2026-03-09 01:41:06,"0266 - New Berlin, IL",Unlead,New Berlin,IL,0.0,0,0.0,1
2026-03-09 01:41:06,"0267 - Pharr, TX",Diesel,Pharr,TX,0.0,0,0.0,4
2026-03-09 01:41:06,"0267 - Pharr, TX",Unlead,Pharr,TX,0.0,0,0.0,1
2026-03-09 01:41:06,"0268 - Grayville, IL",Diesel,Grayville,IL,0.0,0,0.0,3
2026-03-09 01:41:06,"0268 - Grayville, IL",Unlead,Grayville,IL,0.0,0,0.0,1
2026-03-09 01:41:06,"0269 - Marshall, IL",Diesel,Marshall,IL,0.0,0,0.0,3
2026-03-09 01:41:06,"0269 - Marshall, IL",Unlead,Marshall,IL,0.0,0,0.0,1
2026-03-09 01:41:06,"0270 - Moore, TX",Diesel,Moore,TX,52.0,0,0.0,3
2026-03-09 01:41:06,"0270 - Moore, TX",Unlead,Moore,TX,10.0,0,0.0,1
2026-03-09 01:41:06,"0271 - Odessa, TX",Diesel,Odessa,TX,41.676000000000386,0,0.0,3
2026-03-09 01:41:06,"0271 - Odessa, TX",Unlead,Odessa,TX,0.0,0,0.0,1
2026-03-09 01:41:06,"0272 - Encinal, TX",Diesel,Encinal,TX,0.0,0,0.0,3
2026-03-09 01:41:06,"0272 - Encinal, TX",Unlead,Encinal,TX,0.0,0,0.0,1
2026-03-09 01:41:06,"0273 - Combes, TX",Diesel,Combes,TX,0.0,0,0.0,3
2026-03-09 01:41:06,"0273 - Combes, TX",Unlead,Combes,TX,0.0,0,0.0,1
2026-03-09 01:41:06,"0275 - Sonora, TX",Diesel,Sonora,TX,0.0,0,0.0,3
2026-03-09 01:41:06,"0275 - Sonora, TX",Unlead,Sonora,TX,0.0,0,0.0,1
2026-03-09 01:41:06,"0276 - Waco, TX",Diesel,Waco,TX,0.0,0,0.0,3
2026-03-09 01:41:06,"0276 - Waco, TX",Unlead,Waco,TX,0.0,0,0.0,1
2026-03-09 01:41:06,"0277 - New Boston, TX",Diesel,New Boston,TX,0.0,0,0.0,3
2026-03-09 01:41:06,"0277 - New Boston, TX",Unlead,New Boston,TX,0.0,0,0.0,1
2026-03-09 01:41:06,"0278 - Brinkley, AR",Diesel,Brinkley,AR,0.0,0,0.0,3
2026-03-09 01:41:06,"0278 - Brinkley, AR",Unlead,Brinkley,AR,0.0,0,0.0,1
2026-03-09 01:41:06,"0279 - Marion, IL",Diesel,Marion,IL,0.0,0,0.0,3
2026-03-09 01:41:06,"0279 - Marion, IL",Unlead,Marion,IL,0.0,0,0.0,1
2026-03-09 01:41:06,"0280 - Monahans, TX",Diesel,Monahans,TX,0.0,0,0.0,3
2026-03-09 01:41:06,"0280 - Monahans, TX",Unlead,Monahans,TX,6.667499999999563,0,0.0,1
2026-03-09 01:41:06,"0281 - Cisco, TX",Diesel,Cisco,TX,0.0,0,0.0,3
2026-03-09 01:41:06,"0281 - Cisco, TX",Unlead,Cisco,TX,0.0,0,0.0,1
2026-03-09 01:41:06,"0282 - Gainesville, TX",Diesel,Gainesville,TX,100.12400000000343,0,0.0,3
2026-03-09 01:41:06,"0282 - Gainesville, TX",Unlead,Gainesville,TX,0.0,0,0.0,1
2026-03-09 01:41:06,"0283 - Sealy, TX",Diesel,Sealy,TX,37.919999999998254,0,0.0,3
2026-03-09 01:41:06,"0283 - Sealy, TX",Unlead,Sealy,TX,0.0,0,0.0,1
2026-03-09 01:41:06,"0284 - New Deal, TX",Diesel,New Deal,TX,0.0,0,0.0,3
2026-03-09 01:41:06,"0284 - New Deal, TX",Unlead,New Deal,TX,3.0390000000006694,0,0.0,1
2026-03-09 01:41:06,"0285 - Seguin, TX",Diesel,Seguin,TX,0.0,0,0.0,3
2026-03-09 01:41:06,"0285 - Seguin, TX",Unlead,Seguin,TX,0.0,0,0.0,1
2026-03-09 01:41:06,"0286 - Amarillo, TX",Diesel,Amarillo,TX,0.0,0,0.0,3
2026-03-09 01:41:06,"0286 - Amarillo, TX",Unlead,Amarillo,TX,0.0,0,0.0,1
2026-03-09 01:41:06,"0287 - Burbonnais, IL",Diesel,Burbonnais,IL,0.0,0,0.0,3
2026-03-09 01:41:06,"0287 - Burbonnais, IL",Unlead,Burbonnais,IL,12.25,0,0.0,1
2026-03-09 01:41:06,"0289 - Teague, TX",Diesel,Teague,TX,0.0,0,0.0,3
2026-03-09 01:41:06,"0289 - Teague, TX",Unlead,Teague,TX,0.0,0,0.0,1
2026-03-09 01:41:06,"0290 - Joplin, MO",Diesel,Joplin,MO,0.0,0,0.0,3
2026-03-09 01:41:06,"0290 - Joplin, MO",Unlead,Joplin,MO,32.14799999999923,0,0.0,1
2026-03-09 01:41:06,"0312 - Vidor, TX",Diesel,Vidor,TX,0.0,0,0.0,3
2026-03-09 01:41:06,"0312 - Vidor, TX",Unlead,Vidor,TX,7.928599999999278,0,0.0,1
2026-03-09 01:41:06,"0315 - Laredo, TX",Diesel,Laredo,TX,0.0,0,0.0,3
2026-03-09 01:41:06,"0315 - Laredo, TX",Unlead,Laredo,TX,10.019000000000233,0,0.0,1
2026-03-09 01:41:06,"0319 - Milford, TX",Diesel,Milford,TX,0.0,0,0.0,3
2026-03-09 01:41:06,"0319 - Milford, TX",Unlead,Milford,TX,10.028800000000047,0,0.0,1
2026-03-09 01:41:06,"0323 - Canton, TX",Diesel,Canton,TX,0.0,0,0.0,3
2026-03-09 01:41:06,"0323 - Canton, TX",Unlead,Canton,TX,0.0,0,0.0,1
2026-03-09 01:56:09,"0118 - Springfield, IL",Diesel,Springfield,IL,0.0,0,0.0,3
2026-03-09 01:56:09,"0118 - Springfield, IL",Unlead,Springfield,IL,0.0,0,0.0,1
2026-03-09 01:56:09,"0132 - Champaign, IL",Diesel,Champaign,IL,0.0,0,0.0,3
2026-03-09 01:56:09,"0132 - Champaign, IL",Unlead,Champaign,IL,9.168000000001484,0,0.0,1
2026-03-09 01:56:09,"0136 - Cottage Grove, WI",Diesel,Cottage Grove,WI,243.8099999999995,0,0.0,2
2026-03-09 01:56:09,"0136 - Cottage Grove, WI",Unlead,Cottage Grove,WI,0.0,0,0.0,1
2026-03-09 01:56:09,"0139 - Tuscola, IL",Diesel,Tuscola,IL,0.0,0,0.0,1
2026-03-09 01:56:09,"0139 - Tuscola, IL",Unlead,Tuscola,IL,0.0,2,6105.0,2
2026-03-09 01:56:09,"0140 - Mendota, IL",Diesel,Mendota,IL,0.0,0,0.0,2
2026-03-09 01:56:09,"0140 - Mendota, IL",Unlead,Mendota,IL,0.0,0,0.0,2
2026-03-09 01:56:09,"0141 - Brazil, IN",Diesel,Brazil,IN,0.0,0,0.0,4
2026-03-09 01:56:09,"0141 - Brazil, IN",Unlead,Brazil,IN,0.0,0,0.0,1
2026-03-09 01:56:09,"0144 - Elk Run Height, IA",Diesel,Elk Run Height,IA,0.0,0,0.0,4
2026-03-09 01:56:09,"0144 - Elk Run Height, IA",Unlead,Elk Run Height,IA,0.0,0,0.0,2
2026-03-09 01:56:09,"0145 - Fenton, MO",Diesel,Fenton,MO,0.0,0,0.0,2
2026-03-09 01:56:09,"0145 - Fenton, MO",Unlead,Fenton,MO,8.0,0,0.0,1
2026-03-09 01:56:09,"0157 - Okawville, IL",Diesel,Okawville,IL,107.0,0,0.0,3
2026-03-09 01:56:09,"0157 - Okawville, IL",Unlead,Okawville,IL,0.0,0,0.0,1
2026-03-09 01:56:09,"0181 - Springfield, IL",Diesel,Springfield,IL,91.7380000000012,0,0.0,3
2026-03-09 01:56:09,"0181 - Springfield, IL",Unlead,Springfield,IL,0.0,0,0.0,1
2026-03-09 01:56:09,"0185 - McLean, IL",Diesel,McLean,IL,0.0,0,0.0,4
2026-03-09 01:56:09,"0185 - McLean, IL",Unlead,McLean,IL,0.0,0,0.0,1
2026-03-09 01:56:09,"0186 - Minonk, IL",Diesel,Minonk,IL,0.0,0,0.0,3
2026-03-09 01:56:09,"0186 - Minonk, IL",Unlead,Minonk,IL,0.0,0,0.0,1
2026-03-09 01:56:09,"0187 - Chicago, IL",Diesel,Chicago,IL,0.0,0,0.0,3
2026-03-09 01:56:09,"0187 - Chicago, IL",Unlead,Chicago,IL,0.0,0,0.0,1
2026-03-09 01:56:09,"0203 - Rockford, IL",Diesel,Rockford,IL,0.0,0,0.0,1
2026-03-09 01:56:09,"0203 - Rockford, IL",Unlead,Rockford,IL,0.0,0,0.0,1
2026-03-09 01:56:09,"0205 - South Beloit, IL",Diesel,South Beloit,IL,0.0,0,0.0,3
2026-03-09 01:56:09,"0205 - South Beloit, IL",Unlead,South Beloit,IL,0.0,0,0.0,1
2026-03-09 01:56:09,"0206 - Winnebago, IL",Diesel,Winnebago,IL,0.0,0,0.0,1
2026-03-09 01:56:09,"0206 - Winnebago, IL",Unlead,Winnebago,IL,10.0,0,0.0,1
2026-03-09 01:56:09,"0209 - Oakdale, WI",Diesel,Oakdale,WI,0.0,0,0.0,3
2026-03-09 01:56:09,"0209 - Oakdale, WI",Unlead,Oakdale,WI,0.0,0,0.0,1
2026-03-09 01:56:09,"0210 - Rochelle, IL",Diesel,Rochelle,IL,0.0,0,0.0,3
2026-03-09 01:56:09,"0210 - Rochelle, IL",Unlead,Rochelle,IL,0.0,0,0.0,1
2026-03-09 01:56:09,"0211 - Loves Park, IL",Diesel,Loves Park,IL,0.0,0,0.0,1
2026-03-09 01:56:09,"0211 - Loves Park, IL",Unlead,Loves Park,IL,0.0,0,0.0,1
2026-03-09 01:56:09,"0225 - Princeton, IL",Diesel,Princeton,IL,16.0,0,0.0,4
2026-03-09 01:56:09,"0225 - Princeton, IL",Unlead,Princeton,IL,0.0,0,0.0,2
2026-03-09 01:56:09,"0226 - Greenwood, IN",Diesel,Greenwood,IN,146.0,0,0.0,2
2026-03-09 01:56:09,"0226 - Greenwood, IN",Unlead,Greenwood,IN,0.0,0,0.0,2
2026-03-09 01:56:09,"0235 - Hampshire, IL",Diesel,Hampshire,IL,0.0,0,0.0,2
2026-03-09 01:56:09,"0235 - Hampshire, IL",Unlead,Hampshire,IL,0.0,0,0.0,2
2026-03-09 01:56:09,"0236 - East Troy, WI",Diesel,East Troy,WI,0.0,0,0.0,2
2026-03-09 01:56:09,"0236 - East Troy, WI",Unlead,East Troy,WI,0.0,0,0.0,1
2026-03-09 01:56:09,"0240 - Lake Station, IN",Diesel,Lake Station,IN,0.0,0,0.0,5
2026-03-09 01:56:09,"0240 - Lake Station, IN",Unlead,Lake Station,IN,0.0,0,0.0,2
2026-03-09 01:56:09,"0242 - St Robert, MO",Diesel,St Robert,MO,0.0,0,0.0,4
2026-03-09 01:56:09,"0263 - Ottawa, IL",Diesel,Ottawa,IL,0.0,0,0.0,3
2026-03-09 01:56:09,"0263 - Ottawa, IL",Unlead,Ottawa,IL,7.0,0,0.0,1
2026-03-09 01:56:09,"0265 - Dixon, IL",Diesel,Dixon,IL,0.0,0,0.0,3
2026-03-09 01:56:09,"0265 - Dixon, IL",Unlead,Dixon,IL,0.0,0,0.0,1
2026-03-09 01:56:09,"0266 - New Berlin, IL",Diesel,New Berlin,IL,0.0,0,0.0,3
2026-03-09 01:56:09,"0266 - New Berlin, IL",Unlead,New Berlin,IL,0.0,0,0.0,1
2026-03-09 01:56:09,"0267 - Pharr, TX",Diesel,Pharr,TX,0.0,0,0.0,4
2026-03-09 01:56:09,"0267 - Pharr, TX",Unlead,Pharr,TX,0.0,0,0.0,1
2026-03-09 01:56:09,"0268 - Grayville, IL",Diesel,Grayville,IL,0.0,0,0.0,3
2026-03-09 01:56:09,"0268 - Grayville, IL",Unlead,Grayville,IL,0.0,0,0.0,1
2026-03-09 01:56:09,"0269 - Marshall, IL",Diesel,Marshall,IL,0.0,0,0.0,3
2026-03-09 01:56:09,"0269 - Marshall, IL",Unlead,Marshall,IL,14.0,0,0.0,1
2026-03-09 01:56:09,"0270 - Moore, TX",Diesel,Moore,TX,20.0,0,0.0,3
2026-03-09 01:56:09,"0270 - Moore, TX",Unlead,Moore,TX,20.0,0,0.0,1
2026-03-09 01:56:09,"0271 - Odessa, TX",Diesel,Odessa,TX,0.0,0,0.0,3
2026-03-09 01:56:09,"0271 - Odessa, TX",Unlead,Odessa,TX,30.36200000000008,0,0.0,1
2026-03-09 01:56:09,"0272 - Encinal, TX",Diesel,Encinal,TX,0.0,0,0.0,3
2026-03-09 01:56:09,"0272 - Encinal, TX",Unlead,Encinal,TX,0.0,0,0.0,1
2026-03-09 01:56:09,"0273 - Combes, TX",Diesel,Combes,TX,0.0,0,0.0,3
2026-03-09 01:56:09,"0273 - Combes, TX",Unlead,Combes,TX,51.11740000000009,0,0.0,1
2026-03-09 01:56:09,"0275 - Sonora, TX",Diesel,Sonora,TX,0.0,0,0.0,3
2026-03-09 01:56:09,"0275 - Sonora, TX",Unlead,Sonora,TX,58.99499999999989,0,0.0,1
2026-03-09 01:56:09,"0276 - Waco, TX",Diesel,Waco,TX,0.0,0,0.0,3
2026-03-09 01:56:09,"0276 - Waco, TX",Unlead,Waco,TX,14.412999999998647,0,0.0,1
2026-03-09 01:56:09,"0277 - New Boston, TX",Diesel,New Boston,TX,0.0,0,0.0,3
2026-03-09 01:56:09,"0277 - New Boston, TX",Unlead,New Boston,TX,0.0,0,0.0,1
2026-03-09 01:56:09,"0278 - Brinkley, AR",Diesel,Brinkley,AR,0.0,0,0.0,3
2026-03-09 01:56:09,"0278 - Brinkley, AR",Unlead,Brinkley,AR,0.0,0,0.0,1
2026-03-09 01:56:09,"0279 - Marion, IL",Diesel,Marion,IL,0.0,0,0.0,3
2026-03-09 01:56:09,"0279 - Marion, IL",Unlead,Marion,IL,6.432000000000244,0,0.0,1
2026-03-09 01:56:09,"0280 - Monahans, TX",Diesel,Monahans,TX,0.0,0,0.0,3
2026-03-09 01:56:09,"0280 - Monahans, TX",Unlead,Monahans,TX,0.0,0,0.0,1
2026-03-09 01:56:09,"0281 - Cisco, TX",Diesel,Cisco,TX,0.0,0,0.0,3
2026-03-09 01:56:09,"0281 - Cisco, TX",Unlead,Cisco,TX,0.0,0,0.0,1
2026-03-09 01:56:09,"0282 - Gainesville, TX",Diesel,Gainesville,TX,225.25900000000183,0,0.0,3
2026-03-09 01:56:09,"0282 - Gainesville, TX",Unlead,Gainesville,TX,9.885000000000218,0,0.0,1
2026-03-09 01:56:09,"0283 - Sealy, TX",Diesel,Sealy,TX,304.20700000000033,0,0.0,3
2026-03-09 01:56:09,"0283 - Sealy, TX",Unlead,Sealy,TX,0.0,0,0.0,1
2026-03-09 01:56:09,"0284 - New Deal, TX",Diesel,New Deal,TX,0.0,0,0.0,3
2026-03-09 01:56:09,"0284 - New Deal, TX",Unlead,New Deal,TX,11.628999999998996,0,0.0,1
2026-03-09 01:56:09,"0285 - Seguin, TX",Diesel,Seguin,TX,16.81999999999971,0,0.0,3
2026-03-09 01:56:09,"0285 - Seguin, TX",Unlead,Seguin,TX,0.0,0,0.0,1
2026-03-09 01:56:09,"0286 - Amarillo, TX",Diesel,Amarillo,TX,0.0,0,0.0,3
2026-03-09 01:56:09,"0286 - Amarillo, TX",Unlead,Amarillo,TX,0.0,0,0.0,1
2026-03-09 01:56:09,"0287 - Burbonnais, IL",Diesel,Burbonnais,IL,0.0,0,0.0,3
2026-03-09 01:56:09,"0287 - Burbonnais, IL",Unlead,Burbonnais,IL,8.814000000000306,0,0.0,1
2026-03-09 01:56:09,"0289 - Teague, TX",Diesel,Teague,TX,0.0,0,0.0,3
2026-03-09 01:56:09,"0289 - Teague, TX",Unlead,Teague,TX,0.0,0,0.0,1
2026-03-09 01:56:09,"0290 - Joplin, MO",Diesel,Joplin,MO,0.0,0,0.0,3
2026-03-09 01:56:09,"0290 - Joplin, MO",Unlead,Joplin,MO,0.0,0,0.0,1
2026-03-09 01:56:09,"0312 - Vidor, TX",Diesel,Vidor,TX,0.0,0,0.0,3
2026-03-09 01:56:09,"0312 - Vidor, TX",Unlead,Vidor,TX,25.894600000000537,0,0.0,1
2026-03-09 01:56:09,"0315 - Laredo, TX",Diesel,Laredo,TX,0.0,0,0.0,3
2026-03-09 01:56:09,"0315 - Laredo, TX",Unlead,Laredo,TX,0.0,0,0.0,1
2026-03-09 01:56:09,"0319 - Milford, TX",Diesel,Milford,TX,0.0,0,0.0,3
2026-03-09 01:56:09,"0319 - Milford, TX",Unlead,Milford,TX,0.0,0,0.0,1
2026-03-09 01:56:09,"0323 - Canton, TX",Diesel,Canton,TX,0.0,0,0.0,3
2026-03-09 01:56:09,"0323 - Canton, TX",Unlead,Canton,TX,23.549999999999272,0,0.0,1
2026-03-09 02:11:13,"0118 - Springfield, IL",Diesel,Springfield,IL,0.0,0,0.0,3
2026-03-09 02:11:13,"0118 - Springfield, IL",Unlead,Springfield,IL,0.0,0,0.0,1
2026-03-09 02:11:13,"0132 - Champaign, IL",Diesel,Champaign,IL,0.0,0,0.0,3
2026-03-09 02:11:13,"0132 - Champaign, IL",Unlead,Champaign,IL,9.84900000000016,0,0.0,1
2026-03-09 02:11:13,"0136 - Cottage Grove, WI",Diesel,Cottage Grove,WI,313.73699999999917,0,0.0,2
2026-03-09 02:11:13,"0136 - Cottage Grove, WI",Unlead,Cottage Grove,WI,0.0,0,0.0,1
2026-03-09 02:11:13,"0139 - Tuscola, IL",Diesel,Tuscola,IL,0.0,0,0.0,1
2026-03-09 02:11:13,"0139 - Tuscola, IL",Unlead,Tuscola,IL,0.0,2,2350.0,2
2026-03-09 02:11:13,"0140 - Mendota, IL",Diesel,Mendota,IL,0.0,0,0.0,2
2026-03-09 02:11:13,"0140 - Mendota, IL",Unlead,Mendota,IL,0.0,0,0.0,2
2026-03-09 02:11:13,"0141 - Brazil, IN",Diesel,Brazil,IN,44.81800000000021,0,0.0,4
2026-03-09 02:11:13,"0141 - Brazil, IN",Unlead,Brazil,IN,0.0,0,0.0,1
2026-03-09 02:11:13,"0144 - Elk Run Height, IA",Diesel,Elk Run Height,IA,0.0,0,0.0,4
2026-03-09 02:11:13,"0144 - Elk Run Height, IA",Unlead,Elk Run Height,IA,0.0,0,0.0,2
2026-03-09 02:11:13,"0145 - Fenton, MO",Diesel,Fenton,MO,35.0,0,0.0,2
2026-03-09 02:11:13,"0145 - Fenton, MO",Unlead,Fenton,MO,0.0,0,0.0,1
2026-03-09 02:11:13,"0157 - Okawville, IL",Diesel,Okawville,IL,32.0,0,0.0,3
2026-03-09 02:11:13,"0157 - Okawville, IL",Unlead,Okawville,IL,0.0,0,0.0,1
2026-03-09 02:11:13,"0181 - Springfield, IL",Diesel,Springfield,IL,0.0,0,0.0,3
2026-03-09 02:11:13,"0181 - Springfield, IL",Unlead,Springfield,IL,0.0,0,0.0,1
2026-03-09 02:11:13,"0185 - McLean, IL",Diesel,McLean,IL,0.0,0,0.0,4
2026-03-09 02:11:13,"0185 - McLean, IL",Unlead,McLean,IL,24.547999999999774,0,0.0,1
2026-03-09 02:11:13,"0186 - Minonk, IL",Diesel,Minonk,IL,0.0,0,0.0,3
2026-03-09 02:11:13,"0186 - Minonk, IL",Unlead,Minonk,IL,0.0,0,0.0,1
2026-03-09 02:11:13,"0187 - Chicago, IL",Diesel,Chicago,IL,0.0,0,0.0,3
2026-03-09 02:11:13,"0187 - Chicago, IL",Unlead,Chicago,IL,0.0,0,0.0,1
2026-03-09 02:11:13,"0203 - Rockford, IL",Diesel,Rockford,IL,0.0,0,0.0,1
2026-03-09 02:11:13,"0203 - Rockford, IL",Unlead,Rockford,IL,0.0,0,0.0,1
2026-03-09 02:11:13,"0205 - South Beloit, IL",Diesel,South Beloit,IL,0.0,0,0.0,3
2026-03-09 02:11:13,"0205 - South Beloit, IL",Unlead,South Beloit,IL,0.0,0,0.0,1
2026-03-09 02:11:13,"0206 - Winnebago, IL",Diesel,Winnebago,IL,0.0,0,0.0,1
2026-03-09 02:11:13,"0206 - Winnebago, IL",Unlead,Winnebago,IL,9.0,0,0.0,1
2026-03-09 02:11:13,"0209 - Oakdale, WI",Diesel,Oakdale,WI,0.0,0,0.0,3
2026-03-09 02:11:13,"0209 - Oakdale, WI",Unlead,Oakdale,WI,0.0,0,0.0,1
2026-03-09 02:11:13,"0210 - Rochelle, IL",Diesel,Rochelle,IL,0.0,0,0.0,3
2026-03-09 02:11:13,"0210 - Rochelle, IL",Unlead,Rochelle,IL,0.0,0,0.0,1
2026-03-09 02:11:13,"0211 - Loves Park, IL",Diesel,Loves Park,IL,0.0,0,0.0,1
2026-03-09 02:11:13,"0211 - Loves Park, IL",Unlead,Loves Park,IL,0.0,0,0.0,1
2026-03-09 02:11:13,"0225 - Princeton, IL",Diesel,Princeton,IL,0.0,0,0.0,4
2026-03-09 02:11:13,"0225 - Princeton, IL",Unlead,Princeton,IL,0.0,0,0.0,2
2026-03-09 02:11:13,"0226 - Greenwood, IN",Diesel,Greenwood,IN,0.0,0,0.0,2
2026-03-09 02:11:13,"0226 - Greenwood, IN",Unlead,Greenwood,IN,0.0,0,0.0,2
2026-03-09 02:11:13,"0235 - Hampshire, IL",Diesel,Hampshire,IL,0.0,0,0.0,2
2026-03-09 02:11:13,"0235 - Hampshire, IL",Unlead,Hampshire,IL,12.0,0,0.0,2
2026-03-09 02:11:13,"0236 - East Troy, WI",Diesel,East Troy,WI,0.0,0,0.0,2
2026-03-09 02:11:13,"0236 - East Troy, WI",Unlead,East Troy,WI,0.0,0,0.0,1
2026-03-09 02:11:13,"0240 - Lake Station, IN",Diesel,Lake Station,IN,133.0,0,0.0,5
2026-03-09 02:11:13,"0240 - Lake Station, IN",Unlead,Lake Station,IN,12.0,0,0.0,2
2026-03-09 02:11:13,"0242 - St Robert, MO",Diesel,St Robert,MO,0.0,0,0.0,4
2026-03-09 02:11:13,"0263 - Ottawa, IL",Diesel,Ottawa,IL,81.0,0,0.0,3
2026-03-09 02:11:13,"0263 - Ottawa, IL",Unlead,Ottawa,IL,6.0,0,0.0,1
2026-03-09 02:11:13,"0265 - Dixon, IL",Diesel,Dixon,IL,0.0,0,0.0,3
2026-03-09 02:11:13,"0265 - Dixon, IL",Unlead,Dixon,IL,0.0,0,0.0,1
2026-03-09 02:11:13,"0266 - New Berlin, IL",Diesel,New Berlin,IL,0.0,0,0.0,3
2026-03-09 02:11:13,"0266 - New Berlin, IL",Unlead,New Berlin,IL,0.0,0,0.0,1
2026-03-09 02:11:13,"0267 - Pharr, TX",Diesel,Pharr,TX,0.0,0,0.0,4
2026-03-09 02:11:13,"0267 - Pharr, TX",Unlead,Pharr,TX,0.0,0,0.0,1
2026-03-09 02:11:13,"0268 - Grayville, IL",Diesel,Grayville,IL,0.0,0,0.0,3
2026-03-09 02:11:13,"0268 - Grayville, IL",Unlead,Grayville,IL,2.0,0,0.0,1
2026-03-09 02:11:13,"0269 - Marshall, IL",Diesel,Marshall,IL,0.0,0,0.0,3
2026-03-09 02:11:13,"0269 - Marshall, IL",Unlead,Marshall,IL,3.0,0,0.0,1
2026-03-09 02:11:13,"0270 - Moore, TX",Diesel,Moore,TX,90.0,0,0.0,3
2026-03-09 02:11:13,"0270 - Moore, TX",Unlead,Moore,TX,56.0,0,0.0,1
2026-03-09 02:11:13,"0271 - Odessa, TX",Diesel,Odessa,TX,228.8819999999996,0,0.0,3
2026-03-09 02:11:13,"0271 - Odessa, TX",Unlead,Odessa,TX,8.835299999999734,0,0.0,1
2026-03-09 02:11:13,"0272 - Encinal, TX",Diesel,Encinal,TX,139.20899999999892,0,0.0,3
2026-03-09 02:11:13,"0272 - Encinal, TX",Unlead,Encinal,TX,4.450999999999112,0,0.0,1
2026-03-09 02:11:13,"0273 - Combes, TX",Diesel,Combes,TX,0.0,0,0.0,3
2026-03-09 02:11:13,"0273 - Combes, TX",Unlead,Combes,TX,41.784400000000005,0,0.0,1
2026-03-09 02:11:13,"0275 - Sonora, TX",Diesel,Sonora,TX,0.0,0,0.0,3
2026-03-09 02:11:13,"0275 - Sonora, TX",Unlead,Sonora,TX,2.812300000000505,0,0.0,1
2026-03-09 02:11:13,"0276 - Waco, TX",Diesel,Waco,TX,0.0,0,0.0,3
2026-03-09 02:11:13,"0276 - Waco, TX",Unlead,Waco,TX,0.0,0,0.0,1
2026-03-09 02:11:13,"0277 - New Boston, TX",Diesel,New Boston,TX,184.71199999999953,0,0.0,3
2026-03-09 02:11:13,"0277 - New Boston, TX",Unlead,New Boston,TX,24.710000000000036,0,0.0,1
2026-03-09 02:11:13,"0278 - Brinkley, AR",Diesel,Brinkley,AR,0.0,0,0.0,3
2026-03-09 02:11:13,"0278 - Brinkley, AR",Unlead,Brinkley,AR,0.0,0,0.0,1
2026-03-09 02:11:13,"0279 - Marion, IL",Diesel,Marion,IL,0.0,0,0.0,3
2026-03-09 02:11:13,"0279 - Marion, IL",Unlead,Marion,IL,19.577299999999923,0,0.0,1
2026-03-09 02:11:13,"0280 - Monahans, TX",Diesel,Monahans,TX,0.0,0,0.0,3
2026-03-09 02:11:13,"0280 - Monahans, TX",Unlead,Monahans,TX,20.85990000000038,0,0.0,1
2026-03-09 02:11:13,"0281 - Cisco, TX",Diesel,Cisco,TX,0.0,0,0.0,3
2026-03-09 02:11:13,"0281 - Cisco, TX",Unlead,Cisco,TX,0.0,0,0.0,1
2026-03-09 02:11:13,"0282 - Gainesville, TX",Diesel,Gainesville,TX,0.0,0,0.0,3
2026-03-09 02:11:13,"0282 - Gainesville, TX",Unlead,Gainesville,TX,0.0,0,0.0,1
2026-03-09 02:11:13,"0283 - Sealy, TX",Diesel,Sealy,TX,327.5749999999989,0,0.0,3
2026-03-09 02:11:13,"0283 - Sealy, TX",Unlead,Sealy,TX,0.0,0,0.0,1
2026-03-09 02:11:13,"0284 - New Deal, TX",Diesel,New Deal,TX,0.0,0,0.0,3
2026-03-09 02:11:13,"0284 - New Deal, TX",Unlead,New Deal,TX,9.506999999999607,0,0.0,1
2026-03-09 02:11:13,"0285 - Seguin, TX",Diesel,Seguin,TX,133.57799999999952,0,0.0,3
2026-03-09 02:11:13,"0285 - Seguin, TX",Unlead,Seguin,TX,27.863000000001193,0,0.0,1
2026-03-09 02:11:13,"0286 - Amarillo, TX",Diesel,Amarillo,TX,76.8135000000002,0,0.0,3
2026-03-09 02:11:13,"0286 - Amarillo, TX",Unlead,Amarillo,TX,0.0,0,0.0,1
2026-03-09 02:11:13,"0287 - Burbonnais, IL",Diesel,Burbonnais,IL,0.0,0,0.0,3
2026-03-09 02:11:13,"0287 - Burbonnais, IL",Unlead,Burbonnais,IL,0.0,0,0.0,1
2026-03-09 02:11:13,"0289 - Teague, TX",Diesel,Teague,TX,0.0,0,0.0,3
2026-03-09 02:11:13,"0289 - Teague, TX",Unlead,Teague,TX,0.0,0,0.0,1
2026-03-09 02:11:13,"0290 - Joplin, MO",Diesel,Joplin,MO,0.0,0,0.0,3
2026-03-09 02:11:13,"0290 - Joplin, MO",Unlead,Joplin,MO,0.0,0,0.0,1
2026-03-09 02:11:13,"0312 - Vidor, TX",Diesel,Vidor,TX,0.0,0,0.0,3
2026-03-09 02:11:13,"0312 - Vidor, TX",Unlead,Vidor,TX,0.0,0,0.0,1
2026-03-09 02:11:13,"0315 - Laredo, TX",Diesel,Laredo,TX,0.0,0,0.0,3
2026-03-09 02:11:13,"0315 - Laredo, TX",Unlead,Laredo,TX,0.0,0,0.0,1
2026-03-09 02:11:13,"0319 - Milford, TX",Diesel,Milford,TX,0.0,0,0.0,3
2026-03-09 02:11:13,"0319 - Milford, TX",Unlead,Milford,TX,0.0,0,0.0,1
2026-03-09 02:11:13,"0323 - Canton, TX",Diesel,Canton,TX,0.0,0,0.0,3
2026-03-09 02:11:13,"0323 - Canton, TX",Unlead,Canton,TX,0.0,0,0.0,1
2026-03-09 02:26:16,"0118 - Springfield, IL",Diesel,Springfield,IL,0.0,0,0.0,3
2026-03-09 02:26:16,"0118 - Springfield, IL",Unlead,Springfield,IL,0.0,0,0.0,1
2026-03-09 02:26:16,"0132 - Champaign, IL",Diesel,Champaign,IL,0.0,0,0.0,3
2026-03-09 02:26:16,"0132 - Champaign, IL",Unlead,Champaign,IL,5.754499999999098,0,0.0,1
2026-03-09 02:26:16,"0136 - Cottage Grove, WI",Diesel,Cottage Grove,WI,0.0,0,0.0,2
2026-03-09 02:26:16,"0136 - Cottage Grove, WI",Unlead,Cottage Grove,WI,0.0,0,0.0,1
2026-03-09 02:26:16,"0139 - Tuscola, IL",Diesel,Tuscola,IL,0.0,0,0.0,1
2026-03-09 02:26:16,"0139 - Tuscola, IL",Unlead,Tuscola,IL,18.0,0,0.0,2
2026-03-09 02:26:16,"0140 - Mendota, IL",Diesel,Mendota,IL,0.0,0,0.0,2
2026-03-09 02:26:16,"0140 - Mendota, IL",Unlead,Mendota,IL,21.0,0,0.0,2
2026-03-09 02:26:16,"0141 - Brazil, IN",Diesel,Brazil,IN,18.65469999999914,0,0.0,4
2026-03-09 02:26:16,"0141 - Brazil, IN",Unlead,Brazil,IN,0.0,0,0.0,1
2026-03-09 02:26:16,"0144 - Elk Run Height, IA",Diesel,Elk Run Height,IA,0.0,0,0.0,4
2026-03-09 02:26:16,"0144 - Elk Run Height, IA",Unlead,Elk Run Height,IA,0.0,0,0.0,2
2026-03-09 02:26:16,"0145 - Fenton, MO",Diesel,Fenton,MO,37.0,0,0.0,2
2026-03-09 02:26:16,"0145 - Fenton, MO",Unlead,Fenton,MO,0.0,0,0.0,1
2026-03-09 02:26:16,"0157 - Okawville, IL",Diesel,Okawville,IL,81.0,0,0.0,3
2026-03-09 02:26:16,"0157 - Okawville, IL",Unlead,Okawville,IL,0.0,0,0.0,1
2026-03-09 02:26:16,"0181 - Springfield, IL",Diesel,Springfield,IL,293.27070000000185,0,0.0,3
2026-03-09 02:26:16,"0181 - Springfield, IL",Unlead,Springfield,IL,0.0,0,0.0,1
2026-03-09 02:26:16,"0185 - McLean, IL",Diesel,McLean,IL,0.0,0,0.0,4
2026-03-09 02:26:16,"0185 - McLean, IL",Unlead,McLean,IL,6.263500000000022,0,0.0,1
2026-03-09 02:26:16,"0186 - Minonk, IL",Diesel,Minonk,IL,0.0,0,0.0,3
2026-03-09 02:26:16,"0186 - Minonk, IL",Unlead,Minonk,IL,0.0,0,0.0,1
2026-03-09 02:26:16,"0187 - Chicago, IL",Diesel,Chicago,IL,183.0,0,0.0,3
2026-03-09 02:26:16,"0187 - Chicago, IL",Unlead,Chicago,IL,7.533499999999549,0,0.0,1
2026-03-09 02:26:16,"0203 - Rockford, IL",Diesel,Rockford,IL,0.0,0,0.0,1
2026-03-09 02:26:16,"0203 - Rockford, IL",Unlead,Rockford,IL,0.0,0,0.0,1
2026-03-09 02:26:16,"0205 - South Beloit, IL",Diesel,South Beloit,IL,0.0,0,0.0,3
2026-03-09 02:26:16,"0205 - South Beloit, IL",Unlead,South Beloit,IL,0.0,0,0.0,1
2026-03-09 02:26:16,"0206 - Winnebago, IL",Diesel,Winnebago,IL,0.0,0,0.0,1
2026-03-09 02:26:16,"0206 - Winnebago, IL",Unlead,Winnebago,IL,0.0,0,0.0,1
2026-03-09 02:26:16,"0209 - Oakdale, WI",Diesel,Oakdale,WI,0.0,0,0.0,3
2026-03-09 02:26:16,"0209 - Oakdale, WI",Unlead,Oakdale,WI,12.0,0,0.0,1
2026-03-09 02:26:16,"0210 - Rochelle, IL",Diesel,Rochelle,IL,0.0,0,0.0,3
2026-03-09 02:26:16,"0210 - Rochelle, IL",Unlead,Rochelle,IL,0.0,0,0.0,1
2026-03-09 02:26:16,"0211 - Loves Park, IL",Diesel,Loves Park,IL,0.0,0,0.0,1
2026-03-09 02:26:16,"0211 - Loves Park, IL",Unlead,Loves Park,IL,0.0,0,0.0,1
2026-03-09 02:26:16,"0225 - Princeton, IL",Diesel,Princeton,IL,0.0,0,0.0,4
2026-03-09 02:26:16,"0225 - Princeton, IL",Unlead,Princeton,IL,4.0,0,0.0,2
2026-03-09 02:26:16,"0226 - Greenwood, IN",Diesel,Greenwood,IN,0.0,0,0.0,2
2026-03-09 02:26:16,"0226 - Greenwood, IN",Unlead,Greenwood,IN,5.0,0,0.0,2
2026-03-09 02:26:16,"0235 - Hampshire, IL",Diesel,Hampshire,IL,0.0,0,0.0,2
2026-03-09 02:26:16,"0235 - Hampshire, IL",Unlead,Hampshire,IL,12.0,0,0.0,2
2026-03-09 02:26:16,"0236 - East Troy, WI",Diesel,East Troy,WI,0.0,0,0.0,2
2026-03-09 02:26:16,"0236 - East Troy, WI",Unlead,East Troy,WI,0.0,0,0.0,1
2026-03-09 02:26:16,"0240 - Lake Station, IN",Diesel,Lake Station,IN,42.0,0,0.0,5
2026-03-09 02:26:16,"0240 - Lake Station, IN",Unlead,Lake Station,IN,6.0,0,0.0,2
2026-03-09 02:26:16,"0242 - St Robert, MO",Diesel,St Robert,MO,0.0,0,0.0,4
2026-03-09 02:26:16,"0263 - Ottawa, IL",Diesel,Ottawa,IL,0.0,0,0.0,3
2026-03-09 02:26:16,"0263 - Ottawa, IL",Unlead,Ottawa,IL,0.0,0,0.0,1
2026-03-09 02:26:16,"0265 - Dixon, IL",Diesel,Dixon,IL,0.0,0,0.0,3
2026-03-09 02:26:16,"0265 - Dixon, IL",Unlead,Dixon,IL,0.0,0,0.0,1
2026-03-09 02:26:16,"0266 - New Berlin, IL",Diesel,New Berlin,IL,0.0,0,0.0,3
2026-03-09 02:26:16,"0266 - New Berlin, IL",Unlead,New Berlin,IL,0.0,0,0.0,1
2026-03-09 02:26:16,"0267 - Pharr, TX",Diesel,Pharr,TX,0.0,0,0.0,4
2026-03-09 02:26:16,"0267 - Pharr, TX",Unlead,Pharr,TX,0.0,0,0.0,1
2026-03-09 02:26:16,"0268 - Grayville, IL",Diesel,Grayville,IL,0.0,0,0.0,3
2026-03-09 02:26:16,"0268 - Grayville, IL",Unlead,Grayville,IL,15.0,0,0.0,1
2026-03-09 02:26:16,"0269 - Marshall, IL",Diesel,Marshall,IL,0.0,0,0.0,3
2026-03-09 02:26:16,"0269 - Marshall, IL",Unlead,Marshall,IL,0.0,0,0.0,1
2026-03-09 02:26:16,"0270 - Moore, TX",Diesel,Moore,TX,18.0,0,0.0,3
2026-03-09 02:26:16,"0270 - Moore, TX",Unlead,Moore,TX,39.0,0,0.0,1
2026-03-09 02:26:16,"0271 - Odessa, TX",Diesel,Odessa,TX,118.4384,0,0.0,3
2026-03-09 02:26:16,"0271 - Odessa, TX",Unlead,Odessa,TX,0.0,0,0.0,1
2026-03-09 02:26:16,"0272 - Encinal, TX",Diesel,Encinal,TX,0.0,0,0.0,3
2026-03-09 02:26:16,"0272 - Encinal, TX",Unlead,Encinal,TX,0.0,0,0.0,1
2026-03-09 02:26:16,"0273 - Combes, TX",Diesel,Combes,TX,0.0,0,0.0,3
2026-03-09 02:26:16,"0273 - Combes, TX",Unlead,Combes,TX,3.7170999999998457,0,0.0,1
2026-03-09 02:26:16,"0275 - Sonora, TX",Diesel,Sonora,TX,27.153999999998632,0,0.0,3
2026-03-09 02:26:16,"0275 - Sonora, TX",Unlead,Sonora,TX,8.324300000000221,0,0.0,1
2026-03-09 02:26:16,"0276 - Waco, TX",Diesel,Waco,TX,0.0,0,0.0,3
2026-03-09 02:26:16,"0276 - Waco, TX",Unlead,Waco,TX,4.967999999998938,0,0.0,1
2026-03-09 02:26:16,"0277 - New Boston, TX",Diesel,New Boston,TX,0.0,0,0.0,3
2026-03-09 02:26:16,"0277 - New Boston, TX",Unlead,New Boston,TX,0.0,0,0.0,1
2026-03-09 02:26:16,"0278 - Brinkley, AR",Diesel,Brinkley,AR,207.8875999999991,0,0.0,3
2026-03-09 02:26:16,"0278 - Brinkley, AR",Unlead,Brinkley,AR,11.210499999999229,0,0.0,1
2026-03-09 02:26:16,"0279 - Marion, IL",Diesel,Marion,IL,6.09900000000016,0,0.0,3
2026-03-09 02:26:16,"0279 - Marion, IL",Unlead,Marion,IL,44.76170000000002,0,0.0,1
2026-03-09 02:26:16,"0280 - Monahans, TX",Diesel,Monahans,TX,0.0,0,0.0,3
2026-03-09 02:26:16,"0280 - Monahans, TX",Unlead,Monahans,TX,0.0,0,0.0,1
2026-03-09 02:26:16,"0281 - Cisco, TX",Diesel,Cisco,TX,0.0,0,0.0,3
2026-03-09 02:26:16,"0281 - Cisco, TX",Unlead,Cisco,TX,0.0,0,0.0,1
2026-03-09 02:26:16,"0282 - Gainesville, TX",Diesel,Gainesville,TX,0.0,0,0.0,3
2026-03-09 02:26:16,"0282 - Gainesville, TX",Unlead,Gainesville,TX,0.0,0,0.0,1
2026-03-09 02:26:16,"0283 - Sealy, TX",Diesel,Sealy,TX,216.27000000000044,0,0.0,3
2026-03-09 02:26:16,"0283 - Sealy, TX",Unlead,Sealy,TX,0.0,0,0.0,1
2026-03-09 02:26:16,"0284 - New Deal, TX",Diesel,New Deal,TX,0.0,0,0.0,3
2026-03-09 02:26:16,"0284 - New Deal, TX",Unlead,New Deal,TX,6.371000000001004,0,0.0,1
2026-03-09 02:26:16,"0285 - Seguin, TX",Diesel,Seguin,TX,0.0,0,0.0,3
2026-03-09 02:26:16,"0285 - Seguin, TX",Unlead,Seguin,TX,0.0,0,0.0,1
2026-03-09 02:26:16,"0286 - Amarillo, TX",Diesel,Amarillo,TX,79.04099999999926,0,0.0,3
2026-03-09 02:26:16,"0286 - Amarillo, TX",Unlead,Amarillo,TX,0.0,0,0.0,1
2026-03-09 02:26:16,"0287 - Burbonnais, IL",Diesel,Burbonnais,IL,28.71049999999741,0,0.0,3
2026-03-09 02:26:16,"0287 - Burbonnais, IL",Unlead,Burbonnais,IL,0.0,0,0.0,1
2026-03-09 02:26:16,"0289 - Teague, TX",Diesel,Teague,TX,0.0,0,0.0,3
2026-03-09 02:26:16,"0289 - Teague, TX",Unlead,Teague,TX,0.0,0,0.0,1
2026-03-09 02:26:16,"0290 - Joplin, MO",Diesel,Joplin,MO,0.0,0,0.0,3
2026-03-09 02:26:16,"0290 - Joplin, MO",Unlead,Joplin,MO,0.0,0,0.0,1
2026-03-09 02:26:16,"0312 - Vidor, TX",Diesel,Vidor,TX,85.3799999999992,0,0.0,3
2026-03-09 02:26:16,"0312 - Vidor, TX",Unlead,Vidor,TX,22.136999999999716,0,0.0,1
2026-03-09 02:26:16,"0315 - Laredo, TX",Diesel,Laredo,TX,0.0,0,0.0,3
2026-03-09 02:26:16,"0315 - Laredo, TX",Unlead,Laredo,TX,0.0,0,0.0,1
2026-03-09 02:26:16,"0319 - Milford, TX",Diesel,Milford,TX,171.15550000000076,0,0.0,3
2026-03-09 02:26:16,"0319 - Milford, TX",Unlead,Milford,TX,26.8083000000006,0,0.0,1
2026-03-09 02:26:16,"0323 - Canton, TX",Diesel,Canton,TX,0.0,0,0.0,3
2026-03-09 02:26:16,"0323 - Canton, TX",Unlead,Canton,TX,0.0,0,0.0,1
2026-03-09 02:41:20,"0118 - Springfield, IL",Diesel,Springfield,IL,0.0,0,0.0,3
2026-03-09 02:41:20,"0118 - Springfield, IL",Unlead,Springfield,IL,0.0,0,0.0,1
2026-03-09 02:41:20,"0132 - Champaign, IL",Diesel,Champaign,IL,48.762000000000626,0,0.0,3
2026-03-09 02:41:20,"0132 - Champaign, IL",Unlead,Champaign,IL,0.0,0,0.0,1
2026-03-09 02:41:20,"0136 - Cottage Grove, WI",Diesel,Cottage Grove,WI,29.31000000000131,0,0.0,2
2026-03-09 02:41:20,"0136 - Cottage Grove, WI",Unlead,Cottage Grove,WI,0.0,0,0.0,1
2026-03-09 02:41:20,"0139 - Tuscola, IL",Diesel,Tuscola,IL,0.0,0,0.0,1
2026-03-09 02:41:20,"0139 - Tuscola, IL",Unlead,Tuscola,IL,0.0,0,0.0,2
2026-03-09 02:41:20,"0140 - Mendota, IL",Diesel,Mendota,IL,0.0,0,0.0,2
2026-03-09 02:41:20,"0140 - Mendota, IL",Unlead,Mendota,IL,0.0,0,0.0,2
2026-03-09 02:41:20,"0141 - Brazil, IN",Diesel,Brazil,IN,0.0,0,0.0,4
2026-03-09 02:41:20,"0141 - Brazil, IN",Unlead,Brazil,IN,0.0,0,0.0,1
2026-03-09 02:41:20,"0144 - Elk Run Height, IA",Diesel,Elk Run Height,IA,74.0,0,0.0,4
2026-03-09 02:41:20,"0144 - Elk Run Height, IA",Unlead,Elk Run Height,IA,0.0,0,0.0,2
2026-03-09 02:41:20,"0145 - Fenton, MO",Diesel,Fenton,MO,85.0,0,0.0,2
2026-03-09 02:41:20,"0145 - Fenton, MO",Unlead,Fenton,MO,0.0,0,0.0,1
2026-03-09 02:41:20,"0157 - Okawville, IL",Diesel,Okawville,IL,21.0,0,0.0,3
2026-03-09 02:41:20,"0157 - Okawville, IL",Unlead,Okawville,IL,0.0,0,0.0,1
2026-03-09 02:41:20,"0181 - Springfield, IL",Diesel,Springfield,IL,61.5766999999978,0,0.0,3
2026-03-09 02:41:20,"0181 - Springfield, IL",Unlead,Springfield,IL,0.0,0,0.0,1
2026-03-09 02:41:20,"0185 - McLean, IL",Diesel,McLean,IL,0.0,0,0.0,4
2026-03-09 02:41:20,"0185 - McLean, IL",Unlead,McLean,IL,12.539099999999962,0,0.0,1
2026-03-09 02:41:20,"0186 - Minonk, IL",Diesel,Minonk,IL,0.0,0,0.0,3
2026-03-09 02:41:20,"0186 - Minonk, IL",Unlead,Minonk,IL,0.0,0,0.0,1
2026-03-09 02:41:20,"0187 - Chicago, IL",Diesel,Chicago,IL,0.0,0,0.0,3
2026-03-09 02:41:20,"0187 - Chicago, IL",Unlead,Chicago,IL,3.056100000000697,0,0.0,1
2026-03-09 02:41:20,"0203 - Rockford, IL",Diesel,Rockford,IL,0.0,0,0.0,1
2026-03-09 02:41:20,"0203 - Rockford, IL",Unlead,Rockford,IL,0.0,0,0.0,1
2026-03-09 02:41:20,"0205 - South Beloit, IL",Diesel,South Beloit,IL,0.0,0,0.0,3
2026-03-09 02:41:20,"0205 - South Beloit, IL",Unlead,South Beloit,IL,0.0,0,0.0,1
2026-03-09 02:41:20,"0206 - Winnebago, IL",Diesel,Winnebago,IL,41.0,0,0.0,1
2026-03-09 02:41:20,"0206 - Winnebago, IL",Unlead,Winnebago,IL,0.0,0,0.0,1
2026-03-09 02:41:20,"0209 - Oakdale, WI",Diesel,Oakdale,WI,0.0,0,0.0,3
2026-03-09 02:41:20,"0209 - Oakdale, WI",Unlead,Oakdale,WI,0.0,0,0.0,1
2026-03-09 02:41:20,"0210 - Rochelle, IL",Diesel,Rochelle,IL,0.0,0,0.0,3
2026-03-09 02:41:20,"0210 - Rochelle, IL",Unlead,Rochelle,IL,0.0,0,0.0,1
2026-03-09 02:41:20,"0211 - Loves Park, IL",Diesel,Loves Park,IL,0.0,0,0.0,1
2026-03-09 02:41:20,"0211 - Loves Park, IL",Unlead,Loves Park,IL,0.0,0,0.0,1
2026-03-09 02:41:20,"0225 - Princeton, IL",Diesel,Princeton,IL,0.0,0,0.0,4
2026-03-09 02:41:20,"0225 - Princeton, IL",Unlead,Princeton,IL,3.0,0,0.0,2
2026-03-09 02:41:20,"0226 - Greenwood, IN",Diesel,Greenwood,IN,169.0,0,0.0,2
2026-03-09 02:41:20,"0226 - Greenwood, IN",Unlead,Greenwood,IN,7.0,0,0.0,2
2026-03-09 02:41:20,"0235 - Hampshire, IL",Diesel,Hampshire,IL,0.0,0,0.0,2
2026-03-09 02:41:20,"0235 - Hampshire, IL",Unlead,Hampshire,IL,32.0,0,0.0,2
2026-03-09 02:41:20,"0236 - East Troy, WI",Diesel,East Troy,WI,0.0,0,0.0,2
2026-03-09 02:41:20,"0236 - East Troy, WI",Unlead,East Troy,WI,0.0,0,0.0,1
2026-03-09 02:41:20,"0240 - Lake Station, IN",Diesel,Lake Station,IN,0.0,0,0.0,5
2026-03-09 02:41:20,"0240 - Lake Station, IN",Unlead,Lake Station,IN,16.0,0,0.0,2
2026-03-09 02:41:20,"0242 - St Robert, MO",Diesel,St Robert,MO,0.0,0,0.0,4
2026-03-09 02:41:20,"0263 - Ottawa, IL",Diesel,Ottawa,IL,0.0,0,0.0,3
2026-03-09 02:41:20,"0263 - Ottawa, IL",Unlead,Ottawa,IL,14.0,0,0.0,1
2026-03-09 02:41:20,"0265 - Dixon, IL",Diesel,Dixon,IL,0.0,0,0.0,3
2026-03-09 02:41:20,"0265 - Dixon, IL",Unlead,Dixon,IL,0.0,0,0.0,1
2026-03-09 02:41:20,"0266 - New Berlin, IL",Diesel,New Berlin,IL,0.0,0,0.0,3
2026-03-09 02:41:20,"0266 - New Berlin, IL",Unlead,New Berlin,IL,0.0,0,0.0,1
2026-03-09 02:41:20,"0267 - Pharr, TX",Diesel,Pharr,TX,0.0,0,0.0,4
2026-03-09 02:41:20,"0267 - Pharr, TX",Unlead,Pharr,TX,0.0,0,0.0,1
2026-03-09 02:41:20,"0268 - Grayville, IL",Diesel,Grayville,IL,30.0,0,0.0,3
2026-03-09 02:41:20,"0268 - Grayville, IL",Unlead,Grayville,IL,0.0,0,0.0,1
2026-03-09 02:41:20,"0269 - Marshall, IL",Diesel,Marshall,IL,0.0,0,0.0,3
2026-03-09 02:41:20,"0269 - Marshall, IL",Unlead,Marshall,IL,8.0,0,0.0,1
2026-03-09 02:41:20,"0270 - Moore, TX",Diesel,Moore,TX,6.0,0,0.0,3
2026-03-09 02:41:20,"0270 - Moore, TX",Unlead,Moore,TX,23.0,0,0.0,1
2026-03-09 02:41:20,"0271 - Odessa, TX",Diesel,Odessa,TX,0.0,0,0.0,3
2026-03-09 02:41:20,"0271 - Odessa, TX",Unlead,Odessa,TX,3.030499999999847,0,0.0,1
2026-03-09 02:41:20,"0272 - Encinal, TX",Diesel,Encinal,TX,0.0,0,0.0,3
2026-03-09 02:41:20,"0272 - Encinal, TX",Unlead,Encinal,TX,0.0,0,0.0,1
2026-03-09 02:41:20,"0273 - Combes, TX",Diesel,Combes,TX,31.375899999999092,0,0.0,3
2026-03-09 02:41:20,"0273 - Combes, TX",Unlead,Combes,TX,0.0,1,294.2161000000001,1
2026-03-09 02:41:20,"0275 - Sonora, TX",Diesel,Sonora,TX,21.020000000000437,0,0.0,3
2026-03-09 02:41:20,"0275 - Sonora, TX",Unlead,Sonora,TX,13.916400000000067,0,0.0,1
2026-03-09 02:41:20,"0276 - Waco, TX",Diesel,Waco,TX,0.0,0,0.0,3
2026-03-09 02:41:20,"0276 - Waco, TX",Unlead,Waco,TX,0.0,0,0.0,1
2026-03-09 02:41:20,"0277 - New Boston, TX",Diesel,New Boston,TX,0.0,0,0.0,3
2026-03-09 02:41:20,"0277 - New Boston, TX",Unlead,New Boston,TX,0.0,0,0.0,1
2026-03-09 02:41:20,"0278 - Brinkley, AR",Diesel,Brinkley,AR,39.80520000000024,0,0.0,3
2026-03-09 02:41:20,"0278 - Brinkley, AR",Unlead,Brinkley,AR,0.0,0,0.0,1
2026-03-09 02:41:20,"0279 - Marion, IL",Diesel,Marion,IL,13.16700000000128,0,0.0,3
2026-03-09 02:41:20,"0279 - Marion, IL",Unlead,Marion,IL,21.120699999999943,0,0.0,1
2026-03-09 02:41:20,"0280 - Monahans, TX",Diesel,Monahans,TX,0.0,0,0.0,3
2026-03-09 02:41:20,"0280 - Monahans, TX",Unlead,Monahans,TX,0.0,0,0.0,1
2026-03-09 02:41:20,"0281 - Cisco, TX",Diesel,Cisco,TX,0.0,0,0.0,3
2026-03-09 02:41:20,"0281 - Cisco, TX",Unlead,Cisco,TX,0.0,0,0.0,1
2026-03-09 02:41:20,"0282 - Gainesville, TX",Diesel,Gainesville,TX,110.3550000000032,0,0.0,3
2026-03-09 02:41:20,"0282 - Gainesville, TX",Unlead,Gainesville,TX,0.0,0,0.0,1
2026-03-09 02:41:20,"0283 - Sealy, TX",Diesel,Sealy,TX,135.22099999999955,0,0.0,3
2026-03-09 02:41:20,"0283 - Sealy, TX",Unlead,Sealy,TX,0.0,0,0.0,1
2026-03-09 02:41:20,"0284 - New Deal, TX",Diesel,New Deal,TX,0.0,0,0.0,3
2026-03-09 02:41:20,"0284 - New Deal, TX",Unlead,New Deal,TX,2.503999999998996,0,0.0,1
2026-03-09 02:41:20,"0285 - Seguin, TX",Diesel,Seguin,TX,0.0,0,0.0,3
2026-03-09 02:41:20,"0285 - Seguin, TX",Unlead,Seguin,TX,0.0,0,0.0,1
2026-03-09 02:41:20,"0286 - Amarillo, TX",Diesel,Amarillo,TX,0.0,0,0.0,3
2026-03-09 02:41:20,"0286 - Amarillo, TX",Unlead,Amarillo,TX,0.0,0,0.0,1
2026-03-09 02:41:20,"0287 - Burbonnais, IL",Diesel,Burbonnais,IL,0.0,0,0.0,3
2026-03-09 02:41:20,"0287 - Burbonnais, IL",Unlead,Burbonnais,IL,0.0,0,0.0,1
2026-03-09 02:41:20,"0289 - Teague, TX",Diesel,Teague,TX,0.0,0,0.0,3
2026-03-09 02:41:20,"0289 - Teague, TX",Unlead,Teague,TX,18.790000000000873,0,0.0,1
2026-03-09 02:41:20,"0290 - Joplin, MO",Diesel,Joplin,MO,0.0,0,0.0,3
2026-03-09 02:41:20,"0290 - Joplin, MO",Unlead,Joplin,MO,0.0,0,0.0,1
2026-03-09 02:41:20,"0312 - Vidor, TX",Diesel,Vidor,TX,0.0,0,0.0,3
2026-03-09 02:41:20,"0312 - Vidor, TX",Unlead,Vidor,TX,0.0,0,0.0,1
2026-03-09 02:41:20,"0315 - Laredo, TX",Diesel,Laredo,TX,0.0,0,0.0,3
2026-03-09 02:41:20,"0315 - Laredo, TX",Unlead,Laredo,TX,0.0,0,0.0,1
2026-03-09 02:41:20,"0319 - Milford, TX",Diesel,Milford,TX,0.0,0,0.0,3
2026-03-09 02:41:20,"0319 - Milford, TX",Unlead,Milford,TX,44.70100000000002,0,0.0,1
2026-03-09 02:41:20,"0323 - Canton, TX",Diesel,Canton,TX,0.0,0,0.0,3
2026-03-09 02:41:20,"0323 - Canton, TX",Unlead,Canton,TX,0.0,0,0.0,1
2026-03-09 02:56:24,"0118 - Springfield, IL",Diesel,Springfield,IL,0.0,0,0.0,3
2026-03-09 02:56:24,"0118 - Springfield, IL",Unlead,Springfield,IL,0.0,0,0.0,1
2026-03-09 02:56:24,"0132 - Champaign, IL",Diesel,Champaign,IL,0.0,0,0.0,3
2026-03-09 02:56:24,"0132 - Champaign, IL",Unlead,Champaign,IL,19.233000000000175,0,0.0,1
2026-03-09 02:56:24,"0136 - Cottage Grove, WI",Diesel,Cottage Grove,WI,171.72900000000027,0,0.0,2
2026-03-09 02:56:24,"0136 - Cottage Grove, WI",Unlead,Cottage Grove,WI,0.0,0,0.0,1
2026-03-09 02:56:24,"0139 - Tuscola, IL",Diesel,Tuscola,IL,0.0,0,0.0,1
2026-03-09 02:56:24,"0139 - Tuscola, IL",Unlead,Tuscola,IL,0.0,0,0.0,2
2026-03-09 02:56:24,"0140 - Mendota, IL",Diesel,Mendota,IL,0.0,0,0.0,2
2026-03-09 02:56:24,"0140 - Mendota, IL",Unlead,Mendota,IL,0.0,0,0.0,2
2026-03-09 02:56:24,"0141 - Brazil, IN",Diesel,Brazil,IN,0.0,0,0.0,4
2026-03-09 02:56:24,"0141 - Brazil, IN",Unlead,Brazil,IN,0.0,0,0.0,1
2026-03-09 02:56:24,"0144 - Elk Run Height, IA",Diesel,Elk Run Height,IA,32.0,0,0.0,4
2026-03-09 02:56:24,"0144 - Elk Run Height, IA",Unlead,Elk Run Height,IA,0.0,0,0.0,2
2026-03-09 02:56:24,"0145 - Fenton, MO",Diesel,Fenton,MO,0.0,0,0.0,2
2026-03-09 02:56:24,"0145 - Fenton, MO",Unlead,Fenton,MO,0.0,0,0.0,1
2026-03-09 02:56:24,"0157 - Okawville, IL",Diesel,Okawville,IL,68.0,0,0.0,3
2026-03-09 02:56:24,"0157 - Okawville, IL",Unlead,Okawville,IL,5.207699999999932,0,0.0,1
2026-03-09 02:56:24,"0181 - Springfield, IL",Diesel,Springfield,IL,0.0,0,0.0,3
2026-03-09 02:56:24,"0181 - Springfield, IL",Unlead,Springfield,IL,0.0,0,0.0,1
2026-03-09 02:56:24,"0185 - McLean, IL",Diesel,McLean,IL,0.0,0,0.0,4
2026-03-09 02:56:24,"0185 - McLean, IL",Unlead,McLean,IL,0.0,0,0.0,1
2026-03-09 02:56:24,"0186 - Minonk, IL",Diesel,Minonk,IL,0.0,0,0.0,3
2026-03-09 02:56:24,"0186 - Minonk, IL",Unlead,Minonk,IL,0.0,0,0.0,1
2026-03-09 02:56:24,"0187 - Chicago, IL",Diesel,Chicago,IL,0.0,0,0.0,3
2026-03-09 02:56:24,"0187 - Chicago, IL",Unlead,Chicago,IL,0.0,0,0.0,1
2026-03-09 02:56:24,"0203 - Rockford, IL",Diesel,Rockford,IL,0.0,0,0.0,1
2026-03-09 02:56:24,"0203 - Rockford, IL",Unlead,Rockford,IL,2.787000000000262,0,0.0,1
2026-03-09 02:56:24,"0205 - South Beloit, IL",Diesel,South Beloit,IL,0.0,0,0.0,3
2026-03-09 02:56:24,"0205 - South Beloit, IL",Unlead,South Beloit,IL,0.0,0,0.0,1
2026-03-09 02:56:24,"0206 - Winnebago, IL",Diesel,Winnebago,IL,0.0,0,0.0,1
2026-03-09 02:56:24,"0206 - Winnebago, IL",Unlead,Winnebago,IL,0.0,0,0.0,1
2026-03-09 02:56:24,"0209 - Oakdale, WI",Diesel,Oakdale,WI,52.0,0,0.0,3
2026-03-09 02:56:24,"0209 - Oakdale, WI",Unlead,Oakdale,WI,0.0,0,0.0,1
2026-03-09 02:56:24,"0210 - Rochelle, IL",Diesel,Rochelle,IL,0.0,0,0.0,3
2026-03-09 02:56:24,"0210 - Rochelle, IL",Unlead,Rochelle,IL,0.0,0,0.0,1
2026-03-09 02:56:24,"0211 - Loves Park, IL",Diesel,Loves Park,IL,0.0,1,1381.0,1
2026-03-09 02:56:24,"0211 - Loves Park, IL",Unlead,Loves Park,IL,0.0,0,0.0,1
2026-03-09 02:56:24,"0225 - Princeton, IL",Diesel,Princeton,IL,170.0,0,0.0,4
2026-03-09 02:56:24,"0225 - Princeton, IL",Unlead,Princeton,IL,6.0,0,0.0,2
2026-03-09 02:56:24,"0226 - Greenwood, IN",Diesel,Greenwood,IN,0.0,0,0.0,2
2026-03-09 02:56:24,"0226 - Greenwood, IN",Unlead,Greenwood,IN,34.0,0,0.0,2
2026-03-09 02:56:24,"0235 - Hampshire, IL",Diesel,Hampshire,IL,0.0,0,0.0,2
2026-03-09 02:56:24,"0235 - Hampshire, IL",Unlead,Hampshire,IL,0.0,0,0.0,2
2026-03-09 02:56:24,"0236 - East Troy, WI",Diesel,East Troy,WI,0.0,0,0.0,2
2026-03-09 02:56:24,"0236 - East Troy, WI",Unlead,East Troy,WI,0.0,0,0.0,1
2026-03-09 02:56:24,"0240 - Lake Station, IN",Diesel,Lake Station,IN,0.0,0,0.0,5
2026-03-09 02:56:24,"0240 - Lake Station, IN",Unlead,Lake Station,IN,0.0,0,0.0,2
2026-03-09 02:56:24,"0242 - St Robert, MO",Diesel,St Robert,MO,0.0,0,0.0,4
2026-03-09 02:56:24,"0263 - Ottawa, IL",Diesel,Ottawa,IL,0.0,0,0.0,3
2026-03-09 02:56:24,"0263 - Ottawa, IL",Unlead,Ottawa,IL,10.0,0,0.0,1
2026-03-09 02:56:24,"0265 - Dixon, IL",Diesel,Dixon,IL,87.63299999999981,0,0.0,3
2026-03-09 02:56:24,"0265 - Dixon, IL",Unlead,Dixon,IL,0.0,0,0.0,1
2026-03-09 02:56:24,"0266 - New Berlin, IL",Diesel,New Berlin,IL,0.0,0,0.0,3
2026-03-09 02:56:24,"0266 - New Berlin, IL",Unlead,New Berlin,IL,0.0,0,0.0,1
2026-03-09 02:56:24,"0267 - Pharr, TX",Diesel,Pharr,TX,0.0,0,0.0,4
2026-03-09 02:56:24,"0267 - Pharr, TX",Unlead,Pharr,TX,0.0,0,0.0,1
2026-03-09 02:56:24,"0268 - Grayville, IL",Diesel,Grayville,IL,0.0,0,0.0,3
2026-03-09 02:56:24,"0268 - Grayville, IL",Unlead,Grayville,IL,0.0,0,0.0,1
2026-03-09 02:56:24,"0269 - Marshall, IL",Diesel,Marshall,IL,0.0,0,0.0,3
2026-03-09 02:56:24,"0269 - Marshall, IL",Unlead,Marshall,IL,15.0,0,0.0,1
2026-03-09 02:56:24,"0270 - Moore, TX",Diesel,Moore,TX,0.0,0,0.0,3
2026-03-09 02:56:24,"0270 - Moore, TX",Unlead,Moore,TX,9.0,0,0.0,1
2026-03-09 02:56:24,"0271 - Odessa, TX",Diesel,Odessa,TX,0.0,0,0.0,3
2026-03-09 02:56:24,"0271 - Odessa, TX",Unlead,Odessa,TX,4.687200000000303,0,0.0,1
2026-03-09 02:56:24,"0272 - Encinal, TX",Diesel,Encinal,TX,0.0,0,0.0,3
2026-03-09 02:56:24,"0272 - Encinal, TX",Unlead,Encinal,TX,19.60900000000038,0,0.0,1
2026-03-09 02:56:24,"0273 - Combes, TX",Diesel,Combes,TX,51.785500000000866,0,0.0,3
2026-03-09 02:56:24,"0273 - Combes, TX",Unlead,Combes,TX,0.0,1,4834.544800000001,1
2026-03-09 02:56:24,"0275 - Sonora, TX",Diesel,Sonora,TX,0.0,0,0.0,3
2026-03-09 02:56:24,"0275 - Sonora, TX",Unlead,Sonora,TX,18.626499999999396,0,0.0,1
2026-03-09 02:56:24,"0276 - Waco, TX",Diesel,Waco,TX,0.0,0,0.0,3
2026-03-09 02:56:24,"0276 - Waco, TX",Unlead,Waco,TX,0.0,0,0.0,1
2026-03-09 02:56:24,"0277 - New Boston, TX",Diesel,New Boston,TX,0.0,0,0.0,3
2026-03-09 02:56:24,"0277 - New Boston, TX",Unlead,New Boston,TX,0.0,0,0.0,1
2026-03-09 02:56:24,"0278 - Brinkley, AR",Diesel,Brinkley,AR,48.38220000000001,0,0.0,3
2026-03-09 02:56:24,"0278 - Brinkley, AR",Unlead,Brinkley,AR,0.0,0,0.0,1
2026-03-09 02:56:24,"0279 - Marion, IL",Diesel,Marion,IL,0.0,0,0.0,3
2026-03-09 02:56:24,"0279 - Marion, IL",Unlead,Marion,IL,8.67430000000013,0,0.0,1
2026-03-09 02:56:24,"0280 - Monahans, TX",Diesel,Monahans,TX,0.0,2,5208.9987,3
2026-03-09 02:56:24,"0280 - Monahans, TX",Unlead,Monahans,TX,0.0,0,0.0,1
2026-03-09 02:56:24,"0281 - Cisco, TX",Diesel,Cisco,TX,0.0,0,0.0,3
2026-03-09 02:56:24,"0281 - Cisco, TX",Unlead,Cisco,TX,0.0,0,0.0,1
2026-03-09 02:56:24,"0282 - Gainesville, TX",Diesel,Gainesville,TX,165.24599999999919,0,0.0,3
2026-03-09 02:56:24,"0282 - Gainesville, TX",Unlead,Gainesville,TX,40.73400000000038,0,0.0,1
2026-03-09 02:56:24,"0283 - Sealy, TX",Diesel,Sealy,TX,503.4390000000003,0,0.0,3
2026-03-09 02:56:24,"0283 - Sealy, TX",Unlead,Sealy,TX,0.0,0,0.0,1
2026-03-09 02:56:24,"0284 - New Deal, TX",Diesel,New Deal,TX,0.0,0,0.0,3
2026-03-09 02:56:24,"0284 - New Deal, TX",Unlead,New Deal,TX,2.176000000001295,0,0.0,1
2026-03-09 02:56:24,"0285 - Seguin, TX",Diesel,Seguin,TX,0.0,0,0.0,3
2026-03-09 02:56:24,"0285 - Seguin, TX",Unlead,Seguin,TX,0.0,0,0.0,1
2026-03-09 02:56:24,"0286 - Amarillo, TX",Diesel,Amarillo,TX,0.0,0,0.0,3
2026-03-09 02:56:24,"0286 - Amarillo, TX",Unlead,Amarillo,TX,3.1020000000007713,0,0.0,1
2026-03-09 02:56:24,"0287 - Burbonnais, IL",Diesel,Burbonnais,IL,0.0,0,0.0,3
2026-03-09 02:56:24,"0287 - Burbonnais, IL",Unlead,Burbonnais,IL,0.0,0,0.0,1
2026-03-09 02:56:24,"0289 - Teague, TX",Diesel,Teague,TX,0.0,0,0.0,3
2026-03-09 02:56:24,"0289 - Teague, TX",Unlead,Teague,TX,3.915999999999258,0,0.0,1
2026-03-09 02:56:24,"0290 - Joplin, MO",Diesel,Joplin,MO,0.0,0,0.0,3
2026-03-09 02:56:24,"0290 - Joplin, MO",Unlead,Joplin,MO,0.0,0,0.0,1
2026-03-09 02:56:24,"0312 - Vidor, TX",Diesel,Vidor,TX,0.0,0,0.0,3
2026-03-09 02:56:24,"0312 - Vidor, TX",Unlead,Vidor,TX,0.0,0,0.0,1
2026-03-09 02:56:24,"0315 - Laredo, TX",Diesel,Laredo,TX,0.0,0,0.0,3
2026-03-09 02:56:24,"0315 - Laredo, TX",Unlead,Laredo,TX,0.0,0,0.0,1
2026-03-09 02:56:24,"0319 - Milford, TX",Diesel,Milford,TX,0.0,0,0.0,3
2026-03-09 02:56:24,"0319 - Milford, TX",Unlead,Milford,TX,0.0,0,0.0,1
2026-03-09 02:56:24,"0323 - Canton, TX",Diesel,Canton,TX,0.0,0,0.0,3
2026-03-09 02:56:24,"0323 - Canton, TX",Unlead,Canton,TX,0.0,0,0.0,1
2026-03-09 03:11:26,"0118 - Springfield, IL",Diesel,Springfield,IL,0.0,0,0.0,3
2026-03-09 03:11:26,"0118 - Springfield, IL",Unlead,Springfield,IL,0.0,0,0.0,1
2026-03-09 03:11:26,"0132 - Champaign, IL",Diesel,Champaign,IL,75.2440000000006,0,0.0,3
2026-03-09 03:11:26,"0132 - Champaign, IL",Unlead,Champaign,IL,10.904999999998836,0,0.0,1
2026-03-09 03:11:26,"0136 - Cottage Grove, WI",Diesel,Cottage Grove,WI,0.0,0,0.0,2
2026-03-09 03:11:26,"0136 - Cottage Grove, WI",Unlead,Cottage Grove,WI,0.0,0,0.0,1
2026-03-09 03:11:26,"0139 - Tuscola, IL",Diesel,Tuscola,IL,101.0,0,0.0,1
2026-03-09 03:11:26,"0139 - Tuscola, IL",Unlead,Tuscola,IL,0.0,0,0.0,2
2026-03-09 03:11:26,"0140 - Mendota, IL",Diesel,Mendota,IL,0.0,0,0.0,2
2026-03-09 03:11:26,"0140 - Mendota, IL",Unlead,Mendota,IL,6.0,0,0.0,2
2026-03-09 03:11:26,"0141 - Brazil, IN",Diesel,Brazil,IN,0.0,0,0.0,4
2026-03-09 03:11:26,"0141 - Brazil, IN",Unlead,Brazil,IN,6.0,0,0.0,1
2026-03-09 03:11:26,"0144 - Elk Run Height, IA",Diesel,Elk Run Height,IA,0.0,0,0.0,4
2026-03-09 03:11:26,"0144 - Elk Run Height, IA",Unlead,Elk Run Height,IA,0.0,0,0.0,2
2026-03-09 03:11:26,"0145 - Fenton, MO",Diesel,Fenton,MO,0.0,0,0.0,2
2026-03-09 03:11:26,"0145 - Fenton, MO",Unlead,Fenton,MO,5.0,0,0.0,1
2026-03-09 03:11:26,"0157 - Okawville, IL",Diesel,Okawville,IL,0.0,0,0.0,3
2026-03-09 03:11:26,"0157 - Okawville, IL",Unlead,Okawville,IL,0.0,0,0.0,1
2026-03-09 03:11:26,"0181 - Springfield, IL",Diesel,Springfield,IL,0.0,0,0.0,3
2026-03-09 03:11:26,"0181 - Springfield, IL",Unlead,Springfield,IL,0.0,0,0.0,1
2026-03-09 03:11:26,"0185 - McLean, IL",Diesel,McLean,IL,0.0,0,0.0,4
2026-03-09 03:11:26,"0185 - McLean, IL",Unlead,McLean,IL,22.785799999999654,0,0.0,1
2026-03-09 03:11:26,"0186 - Minonk, IL",Diesel,Minonk,IL,0.0,0,0.0,3
2026-03-09 03:11:26,"0186 - Minonk, IL",Unlead,Minonk,IL,2.3980000000010477,0,0.0,1
2026-03-09 03:11:26,"0187 - Chicago, IL",Diesel,Chicago,IL,0.0,0,0.0,3
2026-03-09 03:11:26,"0187 - Chicago, IL",Unlead,Chicago,IL,0.0,0,0.0,1
2026-03-09 03:11:26,"0203 - Rockford, IL",Diesel,Rockford,IL,0.0,0,0.0,1
2026-03-09 03:11:26,"0203 - Rockford, IL",Unlead,Rockford,IL,12.079999999999927,0,0.0,1
2026-03-09 03:11:26,"0205 - South Beloit, IL",Diesel,South Beloit,IL,0.0,0,0.0,3
2026-03-09 03:11:26,"0205 - South Beloit, IL",Unlead,South Beloit,IL,0.0,0,0.0,1
2026-03-09 03:11:26,"0206 - Winnebago, IL",Diesel,Winnebago,IL,0.0,0,0.0,1
2026-03-09 03:11:26,"0206 - Winnebago, IL",Unlead,Winnebago,IL,0.0,0,0.0,1
2026-03-09 03:11:26,"0209 - Oakdale, WI",Diesel,Oakdale,WI,84.0,0,0.0,3
2026-03-09 03:11:26,"0209 - Oakdale, WI",Unlead,Oakdale,WI,0.0,0,0.0,1
2026-03-09 03:11:26,"0210 - Rochelle, IL",Diesel,Rochelle,IL,0.0,0,0.0,3
2026-03-09 03:11:26,"0210 - Rochelle, IL",Unlead,Rochelle,IL,0.0,0,0.0,1
2026-03-09 03:11:26,"0211 - Loves Park, IL",Diesel,Loves Park,IL,0.0,1,6133.0,1
2026-03-09 03:11:26,"0211 - Loves Park, IL",Unlead,Loves Park,IL,0.0,0,0.0,1
2026-03-09 03:11:26,"0225 - Princeton, IL",Diesel,Princeton,IL,44.0,0,0.0,4
2026-03-09 03:11:26,"0225 - Princeton, IL",Unlead,Princeton,IL,0.0,0,0.0,2
2026-03-09 03:11:26,"0226 - Greenwood, IN",Diesel,Greenwood,IN,0.0,0,0.0,2
2026-03-09 03:11:26,"0226 - Greenwood, IN",Unlead,Greenwood,IN,23.0,0,0.0,2
2026-03-09 03:11:26,"0235 - Hampshire, IL",Diesel,Hampshire,IL,0.0,0,0.0,2
2026-03-09 03:11:26,"0235 - Hampshire, IL",Unlead,Hampshire,IL,7.0,0,0.0,2
2026-03-09 03:11:26,"0236 - East Troy, WI",Diesel,East Troy,WI,0.0,0,0.0,2
2026-03-09 03:11:26,"0236 - East Troy, WI",Unlead,East Troy,WI,0.0,0,0.0,1
2026-03-09 03:11:26,"0240 - Lake Station, IN",Diesel,Lake Station,IN,66.0,0,0.0,5
2026-03-09 03:11:26,"0240 - Lake Station, IN",Unlead,Lake Station,IN,2.0,0,0.0,2
2026-03-09 03:11:26,"0242 - St Robert, MO",Diesel,St Robert,MO,5.889000000000124,0,0.0,4
2026-03-09 03:11:26,"0263 - Ottawa, IL",Diesel,Ottawa,IL,77.0,0,0.0,3
2026-03-09 03:11:26,"0263 - Ottawa, IL",Unlead,Ottawa,IL,13.0,0,0.0,1
2026-03-09 03:11:26,"0265 - Dixon, IL",Diesel,Dixon,IL,0.0,0,0.0,3
2026-03-09 03:11:26,"0265 - Dixon, IL",Unlead,Dixon,IL,0.0,0,0.0,1
2026-03-09 03:11:26,"0266 - New Berlin, IL",Diesel,New Berlin,IL,0.0,0,0.0,3
2026-03-09 03:11:26,"0266 - New Berlin, IL",Unlead,New Berlin,IL,0.0,0,0.0,1
2026-03-09 03:11:26,"0267 - Pharr, TX",Diesel,Pharr,TX,0.0,0,0.0,4
2026-03-09 03:11:26,"0267 - Pharr, TX",Unlead,Pharr,TX,0.0,0,0.0,1
2026-03-09 03:11:26,"0268 - Grayville, IL",Diesel,Grayville,IL,0.0,0,0.0,3
2026-03-09 03:11:26,"0268 - Grayville, IL",Unlead,Grayville,IL,13.0,0,0.0,1
2026-03-09 03:11:26,"0269 - Marshall, IL",Diesel,Marshall,IL,0.0,0,0.0,3
2026-03-09 03:11:26,"0269 - Marshall, IL",Unlead,Marshall,IL,0.0,0,0.0,1
2026-03-09 03:11:26,"0270 - Moore, TX",Diesel,Moore,TX,143.0,0,0.0,3
2026-03-09 03:11:26,"0270 - Moore, TX",Unlead,Moore,TX,0.0,0,0.0,1
2026-03-09 03:11:26,"0271 - Odessa, TX",Diesel,Odessa,TX,0.0,0,0.0,3
2026-03-09 03:11:26,"0271 - Odessa, TX",Unlead,Odessa,TX,11.930199999999786,0,0.0,1
2026-03-09 03:11:26,"0272 - Encinal, TX",Diesel,Encinal,TX,0.0,0,0.0,3
2026-03-09 03:11:26,"0272 - Encinal, TX",Unlead,Encinal,TX,0.0,0,0.0,1
2026-03-09 03:11:26,"0273 - Combes, TX",Diesel,Combes,TX,20.33300000000054,0,0.0,3
2026-03-09 03:11:26,"0273 - Combes, TX",Unlead,Combes,TX,0.0,1,3644.743999999999,1
2026-03-09 03:11:26,"0275 - Sonora, TX",Diesel,Sonora,TX,0.0,0,0.0,3
2026-03-09 03:11:26,"0275 - Sonora, TX",Unlead,Sonora,TX,16.040100000000166,0,0.0,1
2026-03-09 03:11:26,"0276 - Waco, TX",Diesel,Waco,TX,137.0689999999995,0,0.0,3
2026-03-09 03:11:26,"0276 - Waco, TX",Unlead,Waco,TX,11.748999999999796,0,0.0,1
2026-03-09 03:11:26,"0277 - New Boston, TX",Diesel,New Boston,TX,0.0,0,0.0,3
2026-03-09 03:11:26,"0277 - New Boston, TX",Unlead,New Boston,TX,0.0,0,0.0,1
2026-03-09 03:11:26,"0278 - Brinkley, AR",Diesel,Brinkley,AR,176.80299999999988,0,0.0,3
2026-03-09 03:11:26,"0278 - Brinkley, AR",Unlead,Brinkley,AR,0.0,0,0.0,1
2026-03-09 03:11:26,"0279 - Marion, IL",Diesel,Marion,IL,0.0,0,0.0,3
2026-03-09 03:11:26,"0279 - Marion, IL",Unlead,Marion,IL,0.0,1,1047.0357,1
2026-03-09 03:11:26,"0280 - Monahans, TX",Diesel,Monahans,TX,0.0,2,2313.9453999999996,3
2026-03-09 03:11:26,"0280 - Monahans, TX",Unlead,Monahans,TX,0.0,0,0.0,1
2026-03-09 03:11:26,"0281 - Cisco, TX",Diesel,Cisco,TX,0.0,0,0.0,3
2026-03-09 03:11:26,"0281 - Cisco, TX",Unlead,Cisco,TX,0.0,0,0.0,1
2026-03-09 03:11:26,"0282 - Gainesville, TX",Diesel,Gainesville,TX,0.0,0,0.0,3
2026-03-09 03:11:26,"0282 - Gainesville, TX",Unlead,Gainesville,TX,0.0,0,0.0,1
2026-03-09 03:11:26,"0283 - Sealy, TX",Diesel,Sealy,TX,175.02200000000084,0,0.0,3
2026-03-09 03:11:26,"0283 - Sealy, TX",Unlead,Sealy,TX,0.0,0,0.0,1
2026-03-09 03:11:26,"0284 - New Deal, TX",Diesel,New Deal,TX,0.0,0,0.0,3
2026-03-09 03:11:26,"0284 - New Deal, TX",Unlead,New Deal,TX,0.0,0,0.0,1
2026-03-09 03:11:26,"0285 - Seguin, TX",Diesel,Seguin,TX,0.0,0,0.0,3
2026-03-09 03:11:26,"0285 - Seguin, TX",Unlead,Seguin,TX,0.0,0,0.0,1
2026-03-09 03:11:26,"0286 - Amarillo, TX",Diesel,Amarillo,TX,0.0,0,0.0,3
2026-03-09 03:11:26,"0286 - Amarillo, TX",Unlead,Amarillo,TX,0.0,0,0.0,1
2026-03-09 03:11:26,"0287 - Burbonnais, IL",Diesel,Burbonnais,IL,0.0,0,0.0,3
2026-03-09 03:11:26,"0287 - Burbonnais, IL",Unlead,Burbonnais,IL,59.376000000000204,0,0.0,1
2026-03-09 03:11:26,"0289 - Teague, TX",Diesel,Teague,TX,0.0,0,0.0,3
2026-03-09 03:11:26,"0289 - Teague, TX",Unlead,Teague,TX,0.0,0,0.0,1
2026-03-09 03:11:26,"0290 - Joplin, MO",Diesel,Joplin,MO,0.0,0,0.0,3
2026-03-09 03:11:26,"0290 - Joplin, MO",Unlead,Joplin,MO,0.0,0,0.0,1
2026-03-09 03:11:26,"0312 - Vidor, TX",Diesel,Vidor,TX,0.0,2,5782.596,3
2026-03-09 03:11:26,"0312 - Vidor, TX",Unlead,Vidor,TX,20.510299999999916,0,0.0,1
2026-03-09 03:11:26,"0315 - Laredo, TX",Diesel,Laredo,TX,0.0,0,0.0,3
2026-03-09 03:11:26,"0315 - Laredo, TX",Unlead,Laredo,TX,0.0,0,0.0,1
2026-03-09 03:11:26,"0319 - Milford, TX",Diesel,Milford,TX,0.0,0,0.0,3
2026-03-09 03:11:26,"0319 - Milford, TX",Unlead,Milford,TX,20.459600000000137,0,0.0,1
2026-03-09 03:11:26,"0323 - Canton, TX",Diesel,Canton,TX,0.0,0,0.0,3
2026-03-09 03:11:26,"0323 - Canton, TX",Unlead,Canton,TX,19.25,0,0.0,1
2026-03-09 03:26:30,"0118 - Springfield, IL",Diesel,Springfield,IL,0.0,0,0.0,3
2026-03-09 03:26:30,"0118 - Springfield, IL",Unlead,Springfield,IL,0.0,0,0.0,1
2026-03-09 03:26:30,"0132 - Champaign, IL",Diesel,Champaign,IL,0.0,0,0.0,3
2026-03-09 03:26:30,"0132 - Champaign, IL",Unlead,Champaign,IL,8.848000000001775,0,0.0,1
2026-03-09 03:26:30,"0136 - Cottage Grove, WI",Diesel,Cottage Grove,WI,77.46999999999935,0,0.0,2
2026-03-09 03:26:30,"0136 - Cottage Grove, WI",Unlead,Cottage Grove,WI,0.0,0,0.0,1
2026-03-09 03:26:30,"0139 - Tuscola, IL",Diesel,Tuscola,IL,0.0,0,0.0,1
2026-03-09 03:26:30,"0139 - Tuscola, IL",Unlead,Tuscola,IL,0.0,0,0.0,2
2026-03-09 03:26:30,"0140 - Mendota, IL",Diesel,Mendota,IL,31.0,0,0.0,2
2026-03-09 03:26:30,"0140 - Mendota, IL",Unlead,Mendota,IL,0.0,0,0.0,2
2026-03-09 03:26:30,"0141 - Brazil, IN",Diesel,Brazil,IN,0.0,0,0.0,4
2026-03-09 03:26:30,"0141 - Brazil, IN",Unlead,Brazil,IN,0.0,0,0.0,1
2026-03-09 03:26:30,"0144 - Elk Run Height, IA",Diesel,Elk Run Height,IA,0.0,0,0.0,4
2026-03-09 03:26:30,"0144 - Elk Run Height, IA",Unlead,Elk Run Height,IA,0.0,0,0.0,2
2026-03-09 03:26:30,"0145 - Fenton, MO",Diesel,Fenton,MO,86.0,0,0.0,2
2026-03-09 03:26:30,"0145 - Fenton, MO",Unlead,Fenton,MO,0.0,0,0.0,1
2026-03-09 03:26:30,"0157 - Okawville, IL",Diesel,Okawville,IL,0.0,0,0.0,3
2026-03-09 03:26:30,"0157 - Okawville, IL",Unlead,Okawville,IL,10.35530000000017,0,0.0,1
2026-03-09 03:26:30,"0181 - Springfield, IL",Diesel,Springfield,IL,0.0,0,0.0,3
2026-03-09 03:26:30,"0181 - Springfield, IL",Unlead,Springfield,IL,0.0,0,0.0,1
2026-03-09 03:26:30,"0185 - McLean, IL",Diesel,McLean,IL,5.993999999998778,0,0.0,4
2026-03-09 03:26:30,"0185 - McLean, IL",Unlead,McLean,IL,0.0,0,0.0,1
2026-03-09 03:26:30,"0186 - Minonk, IL",Diesel,Minonk,IL,0.0,0,0.0,3
2026-03-09 03:26:30,"0186 - Minonk, IL",Unlead,Minonk,IL,0.0,0,0.0,1
2026-03-09 03:26:30,"0187 - Chicago, IL",Diesel,Chicago,IL,0.0,0,0.0,3
2026-03-09 03:26:30,"0187 - Chicago, IL",Unlead,Chicago,IL,0.0,0,0.0,1
2026-03-09 03:26:30,"0203 - Rockford, IL",Diesel,Rockford,IL,0.0,0,0.0,1
2026-03-09 03:26:30,"0203 - Rockford, IL",Unlead,Rockford,IL,0.0,0,0.0,1
2026-03-09 03:26:30,"0205 - South Beloit, IL",Diesel,South Beloit,IL,0.0,0,0.0,3
2026-03-09 03:26:30,"0205 - South Beloit, IL",Unlead,South Beloit,IL,19.0,0,0.0,1
2026-03-09 03:26:30,"0206 - Winnebago, IL",Diesel,Winnebago,IL,0.0,0,0.0,1
2026-03-09 03:26:30,"0206 - Winnebago, IL",Unlead,Winnebago,IL,7.0,0,0.0,1
2026-03-09 03:26:30,"0209 - Oakdale, WI",Diesel,Oakdale,WI,0.0,0,0.0,3
2026-03-09 03:26:30,"0209 - Oakdale, WI",Unlead,Oakdale,WI,0.0,0,0.0,1
2026-03-09 03:26:30,"0210 - Rochelle, IL",Diesel,Rochelle,IL,0.0,0,0.0,3
2026-03-09 03:26:30,"0210 - Rochelle, IL",Unlead,Rochelle,IL,0.0,0,0.0,1
2026-03-09 03:26:30,"0211 - Loves Park, IL",Diesel,Loves Park,IL,0.0,0,0.0,1
2026-03-09 03:26:30,"0211 - Loves Park, IL",Unlead,Loves Park,IL,0.0,0,0.0,1
2026-03-09 03:26:30,"0225 - Princeton, IL",Diesel,Princeton,IL,12.0,0,0.0,4
2026-03-09 03:26:30,"0225 - Princeton, IL",Unlead,Princeton,IL,2.0,0,0.0,2
2026-03-09 03:26:30,"0226 - Greenwood, IN",Diesel,Greenwood,IN,0.0,0,0.0,2
2026-03-09 03:26:30,"0226 - Greenwood, IN",Unlead,Greenwood,IN,13.0,0,0.0,2
2026-03-09 03:26:30,"0235 - Hampshire, IL",Diesel,Hampshire,IL,0.0,0,0.0,2
2026-03-09 03:26:30,"0235 - Hampshire, IL",Unlead,Hampshire,IL,23.0,0,0.0,2
2026-03-09 03:26:30,"0236 - East Troy, WI",Diesel,East Troy,WI,0.0,0,0.0,2
2026-03-09 03:26:30,"0236 - East Troy, WI",Unlead,East Troy,WI,0.0,0,0.0,1
2026-03-09 03:26:30,"0240 - Lake Station, IN",Diesel,Lake Station,IN,175.0,0,0.0,5
2026-03-09 03:26:30,"0240 - Lake Station, IN",Unlead,Lake Station,IN,14.0,0,0.0,2
2026-03-09 03:26:30,"0242 - St Robert, MO",Diesel,St Robert,MO,0.0,0,0.0,4
2026-03-09 03:26:30,"0263 - Ottawa, IL",Diesel,Ottawa,IL,0.0,0,0.0,3
2026-03-09 03:26:30,"0263 - Ottawa, IL",Unlead,Ottawa,IL,29.0,0,0.0,1
2026-03-09 03:26:30,"0265 - Dixon, IL",Diesel,Dixon,IL,0.0,0,0.0,3
2026-03-09 03:26:30,"0265 - Dixon, IL",Unlead,Dixon,IL,0.0,0,0.0,1
2026-03-09 03:26:30,"0266 - New Berlin, IL",Diesel,New Berlin,IL,0.0,0,0.0,3
2026-03-09 03:26:30,"0266 - New Berlin, IL",Unlead,New Berlin,IL,7.8770000000004075,0,0.0,1
2026-03-09 03:26:30,"0267 - Pharr, TX",Diesel,Pharr,TX,0.0,0,0.0,4
2026-03-09 03:26:30,"0267 - Pharr, TX",Unlead,Pharr,TX,0.0,0,0.0,1
2026-03-09 03:26:30,"0268 - Grayville, IL",Diesel,Grayville,IL,13.0,0,0.0,3
2026-03-09 03:26:30,"0268 - Grayville, IL",Unlead,Grayville,IL,16.0,0,0.0,1
2026-03-09 03:26:30,"0269 - Marshall, IL",Diesel,Marshall,IL,0.0,0,0.0,3
2026-03-09 03:26:30,"0269 - Marshall, IL",Unlead,Marshall,IL,0.0,0,0.0,1
2026-03-09 03:26:30,"0270 - Moore, TX",Diesel,Moore,TX,33.0,0,0.0,3
2026-03-09 03:26:30,"0270 - Moore, TX",Unlead,Moore,TX,0.0,0,0.0,1
2026-03-09 03:26:30,"0271 - Odessa, TX",Diesel,Odessa,TX,35.38500000000022,0,0.0,3
2026-03-09 03:26:30,"0271 - Odessa, TX",Unlead,Odessa,TX,28.88090000000011,0,0.0,1
2026-03-09 03:26:30,"0272 - Encinal, TX",Diesel,Encinal,TX,0.0,0,0.0,3
2026-03-09 03:26:30,"0272 - Encinal, TX",Unlead,Encinal,TX,0.0,0,0.0,1
2026-03-09 03:26:30,"0273 - Combes, TX",Diesel,Combes,TX,102.66069999999945,0,0.0,3
2026-03-09 03:26:30,"0273 - Combes, TX",Unlead,Combes,TX,5.014999999999418,0,0.0,1
2026-03-09 03:26:30,"0275 - Sonora, TX",Diesel,Sonora,TX,219.92699999999968,0,0.0,3
2026-03-09 03:26:30,"0275 - Sonora, TX",Unlead,Sonora,TX,0.0,0,0.0,1
2026-03-09 03:26:30,"0276 - Waco, TX",Diesel,Waco,TX,304.0049999999992,0,0.0,3
2026-03-09 03:26:30,"0276 - Waco, TX",Unlead,Waco,TX,9.978000000000975,0,0.0,1
2026-03-09 03:26:30,"0277 - New Boston, TX",Diesel,New Boston,TX,0.0,0,0.0,3
2026-03-09 03:26:30,"0277 - New Boston, TX",Unlead,New Boston,TX,0.0,0,0.0,1
2026-03-09 03:26:30,"0278 - Brinkley, AR",Diesel,Brinkley,AR,40.545500000000175,0,0.0,3
2026-03-09 03:26:30,"0278 - Brinkley, AR",Unlead,Brinkley,AR,0.0,0,0.0,1
2026-03-09 03:26:30,"0279 - Marion, IL",Diesel,Marion,IL,0.0,0,0.0,3
2026-03-09 03:26:30,"0279 - Marion, IL",Unlead,Marion,IL,0.0,1,4929.2573,1
2026-03-09 03:26:30,"0280 - Monahans, TX",Diesel,Monahans,TX,91.59799999999996,0,0.0,3
2026-03-09 03:26:30,"0280 - Monahans, TX",Unlead,Monahans,TX,31.730600000000777,0,0.0,1
2026-03-09 03:26:30,"0281 - Cisco, TX",Diesel,Cisco,TX,0.0,0,0.0,3
2026-03-09 03:26:30,"0281 - Cisco, TX",Unlead,Cisco,TX,0.0,0,0.0,1
2026-03-09 03:26:30,"0282 - Gainesville, TX",Diesel,Gainesville,TX,103.4539999999979,0,0.0,3
2026-03-09 03:26:30,"0282 - Gainesville, TX",Unlead,Gainesville,TX,6.585499999999229,0,0.0,1
2026-03-09 03:26:30,"0283 - Sealy, TX",Diesel,Sealy,TX,475.77599999999984,0,0.0,3
2026-03-09 03:26:30,"0283 - Sealy, TX",Unlead,Sealy,TX,0.0,0,0.0,1
2026-03-09 03:26:30,"0284 - New Deal, TX",Diesel,New Deal,TX,0.0,0,0.0,3
2026-03-09 03:26:30,"0284 - New Deal, TX",Unlead,New Deal,TX,0.0,0,0.0,1
2026-03-09 03:26:30,"0285 - Seguin, TX",Diesel,Seguin,TX,0.0,0,0.0,3
2026-03-09 03:26:30,"0285 - Seguin, TX",Unlead,Seguin,TX,0.0,0,0.0,1
2026-03-09 03:26:30,"0286 - Amarillo, TX",Diesel,Amarillo,TX,10.310999999999694,0,0.0,3
2026-03-09 03:26:30,"0286 - Amarillo, TX",Unlead,Amarillo,TX,0.0,0,0.0,1
2026-03-09 03:26:30,"0287 - Burbonnais, IL",Diesel,Burbonnais,IL,66.63500000000022,0,0.0,3
2026-03-09 03:26:30,"0287 - Burbonnais, IL",Unlead,Burbonnais,IL,0.0,0,0.0,1
2026-03-09 03:26:30,"0289 - Teague, TX",Diesel,Teague,TX,0.0,0,0.0,3
2026-03-09 03:26:30,"0289 - Teague, TX",Unlead,Teague,TX,22.447000000000116,0,0.0,1
2026-03-09 03:26:30,"0290 - Joplin, MO",Diesel,Joplin,MO,0.0,0,0.0,3
2026-03-09 03:26:30,"0290 - Joplin, MO",Unlead,Joplin,MO,0.0,0,0.0,1
2026-03-09 03:26:30,"0312 - Vidor, TX",Diesel,Vidor,TX,0.0,2,1799.17,3
2026-03-09 03:26:30,"0312 - Vidor, TX",Unlead,Vidor,TX,16.588999999999942,0,0.0,1
2026-03-09 03:26:30,"0315 - Laredo, TX",Diesel,Laredo,TX,0.0,0,0.0,3
2026-03-09 03:26:30,"0315 - Laredo, TX",Unlead,Laredo,TX,0.0,0,0.0,1
2026-03-09 03:26:30,"0319 - Milford, TX",Diesel,Milford,TX,0.0,1,4034.8179999999993,3
2026-03-09 03:26:30,"0319 - Milford, TX",Unlead,Milford,TX,12.728399999999965,0,0.0,1
2026-03-09 03:26:30,"0323 - Canton, TX",Diesel,Canton,TX,0.0,0,0.0,3
2026-03-09 03:26:30,"0323 - Canton, TX",Unlead,Canton,TX,28.456999999998516,0,0.0,1
2026-03-09 03:41:34,"0118 - Springfield, IL",Diesel,Springfield,IL,0.0,0,0.0,3
2026-03-09 03:41:34,"0118 - Springfield, IL",Unlead,Springfield,IL,8.0,0,0.0,1
2026-03-09 03:41:34,"0132 - Champaign, IL",Diesel,Champaign,IL,0.0,0,0.0,3
2026-03-09 03:41:34,"0132 - Champaign, IL",Unlead,Champaign,IL,13.311999999999898,0,0.0,1
2026-03-09 03:41:34,"0136 - Cottage Grove, WI",Diesel,Cottage Grove,WI,36.61399999999958,0,0.0,2
2026-03-09 03:41:34,"0136 - Cottage Grove, WI",Unlead,Cottage Grove,WI,0.0,0,0.0,1
2026-03-09 03:41:34,"0139 - Tuscola, IL",Diesel,Tuscola,IL,0.0,0,0.0,1
2026-03-09 03:41:34,"0139 - Tuscola, IL",Unlead,Tuscola,IL,0.0,0,0.0,2
2026-03-09 03:41:34,"0140 - Mendota, IL",Diesel,Mendota,IL,0.0,0,0.0,2
2026-03-09 03:41:34,"0140 - Mendota, IL",Unlead,Mendota,IL,0.0,0,0.0,2
2026-03-09 03:41:34,"0141 - Brazil, IN",Diesel,Brazil,IN,0.0,0,0.0,4
2026-03-09 03:41:34,"0141 - Brazil, IN",Unlead,Brazil,IN,0.0,0,0.0,1
2026-03-09 03:41:34,"0144 - Elk Run Height, IA",Diesel,Elk Run Height,IA,0.0,0,0.0,4
2026-03-09 03:41:34,"0144 - Elk Run Height, IA",Unlead,Elk Run Height,IA,0.0,0,0.0,2
2026-03-09 03:41:34,"0145 - Fenton, MO",Diesel,Fenton,MO,74.0,0,0.0,2
2026-03-09 03:41:34,"0145 - Fenton, MO",Unlead,Fenton,MO,0.0,0,0.0,1
2026-03-09 03:41:34,"0157 - Okawville, IL",Diesel,Okawville,IL,0.0,0,0.0,3
2026-03-09 03:41:34,"0157 - Okawville, IL",Unlead,Okawville,IL,0.0,0,0.0,1
2026-03-09 03:41:34,"0181 - Springfield, IL",Diesel,Springfield,IL,0.0,0,0.0,3
2026-03-09 03:41:34,"0181 - Springfield, IL",Unlead,Springfield,IL,35.06999999999971,0,0.0,1
2026-03-09 03:41:34,"0185 - McLean, IL",Diesel,McLean,IL,57.202000000001135,0,0.0,4
2026-03-09 03:41:34,"0185 - McLean, IL",Unlead,McLean,IL,0.0,0,0.0,1
2026-03-09 03:41:34,"0186 - Minonk, IL",Diesel,Minonk,IL,0.0,0,0.0,3
2026-03-09 03:41:34,"0186 - Minonk, IL",Unlead,Minonk,IL,0.0,0,0.0,1
2026-03-09 03:41:34,"0187 - Chicago, IL",Diesel,Chicago,IL,0.0,0,0.0,3
2026-03-09 03:41:34,"0187 - Chicago, IL",Unlead,Chicago,IL,0.0,0,0.0,1
2026-03-09 03:41:34,"0203 - Rockford, IL",Diesel,Rockford,IL,0.0,0,0.0,1
2026-03-09 03:41:34,"0203 - Rockford, IL",Unlead,Rockford,IL,0.0,0,0.0,1
2026-03-09 03:41:34,"0205 - South Beloit, IL",Diesel,South Beloit,IL,0.0,0,0.0,3
2026-03-09 03:41:34,"0205 - South Beloit, IL",Unlead,South Beloit,IL,0.0,0,0.0,1
2026-03-09 03:41:34,"0206 - Winnebago, IL",Diesel,Winnebago,IL,0.0,0,0.0,1
2026-03-09 03:41:34,"0206 - Winnebago, IL",Unlead,Winnebago,IL,0.0,0,0.0,1
2026-03-09 03:41:34,"0209 - Oakdale, WI",Diesel,Oakdale,WI,0.0,0,0.0,3
2026-03-09 03:41:34,"0209 - Oakdale, WI",Unlead,Oakdale,WI,0.0,0,0.0,1
2026-03-09 03:41:34,"0210 - Rochelle, IL",Diesel,Rochelle,IL,0.0,0,0.0,3
2026-03-09 03:41:34,"0210 - Rochelle, IL",Unlead,Rochelle,IL,10.0,0,0.0,1
2026-03-09 03:41:34,"0211 - Loves Park, IL",Diesel,Loves Park,IL,0.0,0,0.0,1
2026-03-09 03:41:34,"0211 - Loves Park, IL",Unlead,Loves Park,IL,0.0,0,0.0,1
2026-03-09 03:41:34,"0225 - Princeton, IL",Diesel,Princeton,IL,0.0,0,0.0,4
2026-03-09 03:41:34,"0225 - Princeton, IL",Unlead,Princeton,IL,3.0,0,0.0,2
2026-03-09 03:41:34,"0226 - Greenwood, IN",Diesel,Greenwood,IN,0.0,0,0.0,2
2026-03-09 03:41:34,"0226 - Greenwood, IN",Unlead,Greenwood,IN,13.0,0,0.0,2
2026-03-09 03:41:34,"0235 - Hampshire, IL",Diesel,Hampshire,IL,72.0,0,0.0,2
2026-03-09 03:41:34,"0235 - Hampshire, IL",Unlead,Hampshire,IL,0.0,0,0.0,2
2026-03-09 03:41:34,"0236 - East Troy, WI",Diesel,East Troy,WI,0.0,0,0.0,2
2026-03-09 03:41:34,"0236 - East Troy, WI",Unlead,East Troy,WI,0.0,0,0.0,1
2026-03-09 03:41:34,"0240 - Lake Station, IN",Diesel,Lake Station,IN,0.0,0,0.0,5
2026-03-09 03:41:34,"0240 - Lake Station, IN",Unlead,Lake Station,IN,25.0,0,0.0,2
2026-03-09 03:41:34,"0242 - St Robert, MO",Diesel,St Robert,MO,0.0,0,0.0,4
2026-03-09 03:41:34,"0263 - Ottawa, IL",Diesel,Ottawa,IL,0.0,0,0.0,3
2026-03-09 03:41:34,"0263 - Ottawa, IL",Unlead,Ottawa,IL,0.0,0,0.0,1
2026-03-09 03:41:34,"0265 - Dixon, IL",Diesel,Dixon,IL,0.0,0,0.0,3
2026-03-09 03:41:34,"0265 - Dixon, IL",Unlead,Dixon,IL,0.0,0,0.0,1
2026-03-09 03:41:34,"0266 - New Berlin, IL",Diesel,New Berlin,IL,0.0,0,0.0,3
2026-03-09 03:41:34,"0266 - New Berlin, IL",Unlead,New Berlin,IL,0.0,0,0.0,1
2026-03-09 03:41:34,"0267 - Pharr, TX",Diesel,Pharr,TX,0.0,0,0.0,4
2026-03-09 03:41:34,"0267 - Pharr, TX",Unlead,Pharr,TX,7.0,0,0.0,1
2026-03-09 03:41:34,"0268 - Grayville, IL",Diesel,Grayville,IL,0.0,0,0.0,3
2026-03-09 03:41:34,"0268 - Grayville, IL",Unlead,Grayville,IL,28.0,0,0.0,1
2026-03-09 03:41:34,"0269 - Marshall, IL",Diesel,Marshall,IL,0.0,0,0.0,3
2026-03-09 03:41:34,"0269 - Marshall, IL",Unlead,Marshall,IL,0.0,0,0.0,1
2026-03-09 03:41:34,"0270 - Moore, TX",Diesel,Moore,TX,16.0,0,0.0,3
2026-03-09 03:41:34,"0270 - Moore, TX",Unlead,Moore,TX,39.0,0,0.0,1
2026-03-09 03:41:34,"0271 - Odessa, TX",Diesel,Odessa,TX,36.4974000000002,0,0.0,3
2026-03-09 03:41:34,"0271 - Odessa, TX",Unlead,Odessa,TX,0.0,0,0.0,1
2026-03-09 03:41:34,"0272 - Encinal, TX",Diesel,Encinal,TX,0.0,0,0.0,3
2026-03-09 03:41:34,"0272 - Encinal, TX",Unlead,Encinal,TX,17.004000000000815,0,0.0,1
2026-03-09 03:41:34,"0273 - Combes, TX",Diesel,Combes,TX,67.3157000000001,0,0.0,3
2026-03-09 03:41:34,"0273 - Combes, TX",Unlead,Combes,TX,22.921000000000276,0,0.0,1
2026-03-09 03:41:34,"0275 - Sonora, TX",Diesel,Sonora,TX,0.0,0,0.0,3
2026-03-09 03:41:34,"0275 - Sonora, TX",Unlead,Sonora,TX,11.061499999999796,0,0.0,1
2026-03-09 03:41:34,"0276 - Waco, TX",Diesel,Waco,TX,72.01900000000023,0,0.0,3
2026-03-09 03:41:34,"0276 - Waco, TX",Unlead,Waco,TX,0.0,0,0.0,1
2026-03-09 03:41:34,"0277 - New Boston, TX",Diesel,New Boston,TX,0.0,0,0.0,3
2026-03-09 03:41:34,"0277 - New Boston, TX",Unlead,New Boston,TX,0.0,0,0.0,1
2026-03-09 03:41:34,"0278 - Brinkley, AR",Diesel,Brinkley,AR,131.84349999999995,0,0.0,3
2026-03-09 03:41:34,"0278 - Brinkley, AR",Unlead,Brinkley,AR,0.0,0,0.0,1
2026-03-09 03:41:34,"0279 - Marion, IL",Diesel,Marion,IL,0.0,0,0.0,3
2026-03-09 03:41:34,"0279 - Marion, IL",Unlead,Marion,IL,23.022000000000844,0,0.0,1
2026-03-09 03:41:34,"0280 - Monahans, TX",Diesel,Monahans,TX,0.0,0,0.0,3
2026-03-09 03:41:34,"0280 - Monahans, TX",Unlead,Monahans,TX,8.803999999999178,0,0.0,1
2026-03-09 03:41:34,"0281 - Cisco, TX",Diesel,Cisco,TX,0.0,0,0.0,3
2026-03-09 03:41:34,"0281 - Cisco, TX",Unlead,Cisco,TX,0.0,0,0.0,1
2026-03-09 03:41:34,"0282 - Gainesville, TX",Diesel,Gainesville,TX,21.117000000002008,0,0.0,3
2026-03-09 03:41:34,"0282 - Gainesville, TX",Unlead,Gainesville,TX,6.255999999999403,0,0.0,1
2026-03-09 03:41:34,"0283 - Sealy, TX",Diesel,Sealy,TX,0.0,0,0.0,3
2026-03-09 03:41:34,"0283 - Sealy, TX",Unlead,Sealy,TX,0.0,0,0.0,1
2026-03-09 03:41:34,"0284 - New Deal, TX",Diesel,New Deal,TX,0.0,0,0.0,3
2026-03-09 03:41:34,"0284 - New Deal, TX",Unlead,New Deal,TX,0.0,0,0.0,1
2026-03-09 03:41:34,"0285 - Seguin, TX",Diesel,Seguin,TX,0.0,0,0.0,3
2026-03-09 03:41:34,"0285 - Seguin, TX",Unlead,Seguin,TX,25.521999999999025,0,0.0,1
2026-03-09 03:41:34,"0286 - Amarillo, TX",Diesel,Amarillo,TX,0.0,0,0.0,3
2026-03-09 03:41:34,"0286 - Amarillo, TX",Unlead,Amarillo,TX,0.0,0,0.0,1
2026-03-09 03:41:34,"0287 - Burbonnais, IL",Diesel,Burbonnais,IL,0.0,0,0.0,3
2026-03-09 03:41:34,"0287 - Burbonnais, IL",Unlead,Burbonnais,IL,0.0,0,0.0,1
2026-03-09 03:41:34,"0289 - Teague, TX",Diesel,Teague,TX,0.0,0,0.0,3
2026-03-09 03:41:34,"0289 - Teague, TX",Unlead,Teague,TX,9.515000000001237,0,0.0,1
2026-03-09 03:41:34,"0290 - Joplin, MO",Diesel,Joplin,MO,15.519000000000233,0,0.0,3
2026-03-09 03:41:34,"0290 - Joplin, MO",Unlead,Joplin,MO,0.0,0,0.0,1
2026-03-09 03:41:34,"0312 - Vidor, TX",Diesel,Vidor,TX,24.272000000000844,0,0.0,3
2026-03-09 03:41:34,"0312 - Vidor, TX",Unlead,Vidor,TX,87.82200000000012,0,0.0,1
2026-03-09 03:41:34,"0315 - Laredo, TX",Diesel,Laredo,TX,0.0,0,0.0,3
2026-03-09 03:41:34,"0315 - Laredo, TX",Unlead,Laredo,TX,0.0,0,0.0,1
2026-03-09 03:41:34,"0319 - Milford, TX",Diesel,Milford,TX,6.332000000000335,2,3609.566999999999,3
2026-03-09 03:41:34,"0319 - Milford, TX",Unlead,Milford,TX,0.0,0,0.0,1
2026-03-09 03:41:34,"0323 - Canton, TX",Diesel,Canton,TX,0.0,0,0.0,3
2026-03-09 03:41:34,"0323 - Canton, TX",Unlead,Canton,TX,0.0,0,0.0,1
2026-03-09 03:56:38,"0118 - Springfield, IL",Diesel,Springfield,IL,0.0,0,0.0,3
2026-03-09 03:56:38,"0118 - Springfield, IL",Unlead,Springfield,IL,12.0,0,0.0,1
2026-03-09 03:56:38,"0132 - Champaign, IL",Diesel,Champaign,IL,0.0,0,0.0,3
2026-03-09 03:56:38,"0132 - Champaign, IL",Unlead,Champaign,IL,7.330999999998312,0,0.0,1
2026-03-09 03:56:38,"0136 - Cottage Grove, WI",Diesel,Cottage Grove,WI,0.0,0,0.0,2
2026-03-09 03:56:38,"0136 - Cottage Grove, WI",Unlead,Cottage Grove,WI,0.0,0,0.0,1
2026-03-09 03:56:38,"0139 - Tuscola, IL",Diesel,Tuscola,IL,0.0,0,0.0,1
2026-03-09 03:56:38,"0139 - Tuscola, IL",Unlead,Tuscola,IL,0.0,0,0.0,2
2026-03-09 03:56:38,"0140 - Mendota, IL",Diesel,Mendota,IL,0.0,0,0.0,2
2026-03-09 03:56:38,"0140 - Mendota, IL",Unlead,Mendota,IL,4.0,0,0.0,2
2026-03-09 03:56:38,"0141 - Brazil, IN",Diesel,Brazil,IN,0.0,0,0.0,4
2026-03-09 03:56:38,"0141 - Brazil, IN",Unlead,Brazil,IN,0.0,0,0.0,1
2026-03-09 03:56:38,"0144 - Elk Run Height, IA",Diesel,Elk Run Height,IA,0.0,0,0.0,4
2026-03-09 03:56:38,"0144 - Elk Run Height, IA",Unlead,Elk Run Height,IA,0.0,0,0.0,2
2026-03-09 03:56:38,"0145 - Fenton, MO",Diesel,Fenton,MO,26.0,0,0.0,2
2026-03-09 03:56:38,"0145 - Fenton, MO",Unlead,Fenton,MO,0.0,0,0.0,1
2026-03-09 03:56:38,"0157 - Okawville, IL",Diesel,Okawville,IL,0.0,0,0.0,3
2026-03-09 03:56:38,"0157 - Okawville, IL",Unlead,Okawville,IL,7.704999999999927,0,0.0,1
2026-03-09 03:56:38,"0181 - Springfield, IL",Diesel,Springfield,IL,0.0,0,0.0,3
2026-03-09 03:56:38,"0181 - Springfield, IL",Unlead,Springfield,IL,8.694999999999709,0,0.0,1
2026-03-09 03:56:38,"0185 - McLean, IL",Diesel,McLean,IL,0.0,0,0.0,4
2026-03-09 03:56:38,"0185 - McLean, IL",Unlead,McLean,IL,0.0,0,0.0,1
2026-03-09 03:56:38,"0186 - Minonk, IL",Diesel,Minonk,IL,0.0,0,0.0,3
2026-03-09 03:56:38,"0186 - Minonk, IL",Unlead,Minonk,IL,0.0,0,0.0,1
2026-03-09 03:56:38,"0187 - Chicago, IL",Diesel,Chicago,IL,0.0,0,0.0,3
2026-03-09 03:56:38,"0187 - Chicago, IL",Unlead,Chicago,IL,0.0,0,0.0,1
2026-03-09 03:56:38,"0203 - Rockford, IL",Diesel,Rockford,IL,0.0,0,0.0,1
2026-03-09 03:56:38,"0203 - Rockford, IL",Unlead,Rockford,IL,17.51300000000083,0,0.0,1
2026-03-09 03:56:38,"0205 - South Beloit, IL",Diesel,South Beloit,IL,0.0,0,0.0,3
2026-03-09 03:56:38,"0205 - South Beloit, IL",Unlead,South Beloit,IL,0.0,0,0.0,1
2026-03-09 03:56:38,"0206 - Winnebago, IL",Diesel,Winnebago,IL,0.0,0,0.0,1
2026-03-09 03:56:38,"0206 - Winnebago, IL",Unlead,Winnebago,IL,6.0,0,0.0,1
2026-03-09 03:56:38,"0209 - Oakdale, WI",Diesel,Oakdale,WI,0.0,0,0.0,3
2026-03-09 03:56:38,"0209 - Oakdale, WI",Unlead,Oakdale,WI,24.0,0,0.0,1
2026-03-09 03:56:38,"0210 - Rochelle, IL",Diesel,Rochelle,IL,0.0,0,0.0,3
2026-03-09 03:56:38,"0210 - Rochelle, IL",Unlead,Rochelle,IL,0.0,0,0.0,1
2026-03-09 03:56:38,"0211 - Loves Park, IL",Diesel,Loves Park,IL,0.0,0,0.0,1
2026-03-09 03:56:38,"0211 - Loves Park, IL",Unlead,Loves Park,IL,0.0,0,0.0,1
2026-03-09 03:56:38,"0225 - Princeton, IL",Diesel,Princeton,IL,0.0,0,0.0,4
2026-03-09 03:56:38,"0225 - Princeton, IL",Unlead,Princeton,IL,2.0,0,0.0,2
2026-03-09 03:56:38,"0226 - Greenwood, IN",Diesel,Greenwood,IN,28.0,0,0.0,2
2026-03-09 03:56:38,"0226 - Greenwood, IN",Unlead,Greenwood,IN,11.0,0,0.0,2
2026-03-09 03:56:38,"0235 - Hampshire, IL",Diesel,Hampshire,IL,62.0,0,0.0,2
2026-03-09 03:56:38,"0235 - Hampshire, IL",Unlead,Hampshire,IL,0.0,0,0.0,2
2026-03-09 03:56:38,"0236 - East Troy, WI",Diesel,East Troy,WI,0.0,0,0.0,2
2026-03-09 03:56:38,"0236 - East Troy, WI",Unlead,East Troy,WI,0.0,0,0.0,1
2026-03-09 03:56:38,"0240 - Lake Station, IN",Diesel,Lake Station,IN,30.0,0,0.0,5
2026-03-09 03:56:38,"0240 - Lake Station, IN",Unlead,Lake Station,IN,16.0,0,0.0,2
2026-03-09 03:56:38,"0242 - St Robert, MO",Diesel,St Robert,MO,0.0,0,0.0,4
2026-03-09 03:56:38,"0263 - Ottawa, IL",Diesel,Ottawa,IL,0.0,0,0.0,3
2026-03-09 03:56:38,"0263 - Ottawa, IL",Unlead,Ottawa,IL,0.0,0,0.0,1
2026-03-09 03:56:38,"0265 - Dixon, IL",Diesel,Dixon,IL,0.0,0,0.0,3
2026-03-09 03:56:38,"0265 - Dixon, IL",Unlead,Dixon,IL,0.0,0,0.0,1
2026-03-09 03:56:38,"0266 - New Berlin, IL",Diesel,New Berlin,IL,0.0,0,0.0,3
2026-03-09 03:56:38,"0266 - New Berlin, IL",Unlead,New Berlin,IL,0.0,0,0.0,1
2026-03-09 03:56:38,"0267 - Pharr, TX",Diesel,Pharr,TX,0.0,0,0.0,4
2026-03-09 03:56:38,"0267 - Pharr, TX",Unlead,Pharr,TX,0.0,0,0.0,1
2026-03-09 03:56:38,"0268 - Grayville, IL",Diesel,Grayville,IL,0.0,0,0.0,3
2026-03-09 03:56:38,"0268 - Grayville, IL",Unlead,Grayville,IL,11.0,0,0.0,1
2026-03-09 03:56:38,"0269 - Marshall, IL",Diesel,Marshall,IL,0.0,0,0.0,3
2026-03-09 03:56:38,"0269 - Marshall, IL",Unlead,Marshall,IL,10.0,0,0.0,1
2026-03-09 03:56:38,"0270 - Moore, TX",Diesel,Moore,TX,103.0,0,0.0,3
2026-03-09 03:56:38,"0270 - Moore, TX",Unlead,Moore,TX,23.0,0,0.0,1
2026-03-09 03:56:38,"0271 - Odessa, TX",Diesel,Odessa,TX,253.42759999999907,0,0.0,3
2026-03-09 03:56:38,"0271 - Odessa, TX",Unlead,Odessa,TX,0.0,0,0.0,1
2026-03-09 03:56:38,"0272 - Encinal, TX",Diesel,Encinal,TX,0.0,0,0.0,3
2026-03-09 03:56:38,"0272 - Encinal, TX",Unlead,Encinal,TX,0.0,0,0.0,1
2026-03-09 03:56:38,"0273 - Combes, TX",Diesel,Combes,TX,0.0,0,0.0,3
2026-03-09 03:56:38,"0273 - Combes, TX",Unlead,Combes,TX,0.0,0,0.0,1
2026-03-09 03:56:38,"0275 - Sonora, TX",Diesel,Sonora,TX,0.0,0,0.0,3
2026-03-09 03:56:38,"0275 - Sonora, TX",Unlead,Sonora,TX,22.230999999999767,0,0.0,1
2026-03-09 03:56:38,"0276 - Waco, TX",Diesel,Waco,TX,0.0,0,0.0,3
2026-03-09 03:56:38,"0276 - Waco, TX",Unlead,Waco,TX,0.0,0,0.0,1
2026-03-09 03:56:38,"0277 - New Boston, TX",Diesel,New Boston,TX,0.0,0,0.0,3
2026-03-09 03:56:38,"0277 - New Boston, TX",Unlead,New Boston,TX,0.0,0,0.0,1
2026-03-09 03:56:38,"0278 - Brinkley, AR",Diesel,Brinkley,AR,0.0,0,0.0,3
2026-03-09 03:56:38,"0278 - Brinkley, AR",Unlead,Brinkley,AR,0.0,0,0.0,1
2026-03-09 03:56:38,"0279 - Marion, IL",Diesel,Marion,IL,0.0,0,0.0,3
2026-03-09 03:56:38,"0279 - Marion, IL",Unlead,Marion,IL,32.08249999999862,0,0.0,1
2026-03-09 03:56:38,"0280 - Monahans, TX",Diesel,Monahans,TX,0.0,0,0.0,3
2026-03-09 03:56:38,"0280 - Monahans, TX",Unlead,Monahans,TX,16.08100000000013,0,0.0,1
2026-03-09 03:56:38,"0281 - Cisco, TX",Diesel,Cisco,TX,0.0,0,0.0,3
2026-03-09 03:56:38,"0281 - Cisco, TX",Unlead,Cisco,TX,0.0,0,0.0,1
2026-03-09 03:56:38,"0282 - Gainesville, TX",Diesel,Gainesville,TX,0.0,0,0.0,3
2026-03-09 03:56:38,"0282 - Gainesville, TX",Unlead,Gainesville,TX,0.0,0,0.0,1
2026-03-09 03:56:38,"0283 - Sealy, TX",Diesel,Sealy,TX,256.3540000000012,0,0.0,3
2026-03-09 03:56:38,"0283 - Sealy, TX",Unlead,Sealy,TX,0.0,0,0.0,1
2026-03-09 03:56:38,"0284 - New Deal, TX",Diesel,New Deal,TX,0.0,0,0.0,3
2026-03-09 03:56:38,"0284 - New Deal, TX",Unlead,New Deal,TX,6.559999999999491,0,0.0,1
2026-03-09 03:56:38,"0285 - Seguin, TX",Diesel,Seguin,TX,0.0,0,0.0,3
2026-03-09 03:56:38,"0285 - Seguin, TX",Unlead,Seguin,TX,0.0,0,0.0,1
2026-03-09 03:56:38,"0286 - Amarillo, TX",Diesel,Amarillo,TX,0.0,0,0.0,3
2026-03-09 03:56:38,"0286 - Amarillo, TX",Unlead,Amarillo,TX,0.0,0,0.0,1
2026-03-09 03:56:38,"0287 - Burbonnais, IL",Diesel,Burbonnais,IL,0.0,0,0.0,3
2026-03-09 03:56:38,"0287 - Burbonnais, IL",Unlead,Burbonnais,IL,24.350499999999556,0,0.0,1
2026-03-09 03:56:38,"0289 - Teague, TX",Diesel,Teague,TX,0.0,0,0.0,3
2026-03-09 03:56:38,"0289 - Teague, TX",Unlead,Teague,TX,21.966499999998632,0,0.0,1
2026-03-09 03:56:38,"0290 - Joplin, MO",Diesel,Joplin,MO,5.005999999999403,0,0.0,3
2026-03-09 03:56:38,"0290 - Joplin, MO",Unlead,Joplin,MO,34.82300000000032,0,0.0,1
2026-03-09 03:56:38,"0312 - Vidor, TX",Diesel,Vidor,TX,0.0,0,0.0,3
2026-03-09 03:56:38,"0312 - Vidor, TX",Unlead,Vidor,TX,5.563000000000102,0,0.0,1
2026-03-09 03:56:38,"0315 - Laredo, TX",Diesel,Laredo,TX,0.0,0,0.0,3
2026-03-09 03:56:38,"0315 - Laredo, TX",Unlead,Laredo,TX,0.0,0,0.0,1
2026-03-09 03:56:38,"0319 - Milford, TX",Diesel,Milford,TX,0.0,1,129.0010000000002,3
2026-03-09 03:56:38,"0319 - Milford, TX",Unlead,Milford,TX,0.0,0,0.0,1
2026-03-09 03:56:38,"0323 - Canton, TX",Diesel,Canton,TX,0.0,0,0.0,3
2026-03-09 03:56:38,"0323 - Canton, TX",Unlead,Canton,TX,8.901999999998225,0,0.0,1
2026-03-09 04:11:41,"0118 - Springfield, IL",Diesel,Springfield,IL,0.0,0,0.0,3
2026-03-09 04:11:41,"0118 - Springfield, IL",Unlead,Springfield,IL,32.0,0,0.0,1
2026-03-09 04:11:41,"0132 - Champaign, IL",Diesel,Champaign,IL,0.0,0,0.0,3
2026-03-09 04:11:41,"0132 - Champaign, IL",Unlead,Champaign,IL,0.0,0,0.0,1
2026-03-09 04:11:41,"0136 - Cottage Grove, WI",Diesel,Cottage Grove,WI,8.659999999999854,0,0.0,2
2026-03-09 04:11:41,"0136 - Cottage Grove, WI",Unlead,Cottage Grove,WI,0.0,0,0.0,1
2026-03-09 04:11:41,"0139 - Tuscola, IL",Diesel,Tuscola,IL,0.0,0,0.0,1
2026-03-09 04:11:41,"0139 - Tuscola, IL",Unlead,Tuscola,IL,0.0,0,0.0,2
2026-03-09 04:11:41,"0140 - Mendota, IL",Diesel,Mendota,IL,0.0,0,0.0,2
2026-03-09 04:11:41,"0140 - Mendota, IL",Unlead,Mendota,IL,0.0,0,0.0,2
2026-03-09 04:11:41,"0141 - Brazil, IN",Diesel,Brazil,IN,0.0,0,0.0,4
2026-03-09 04:11:41,"0141 - Brazil, IN",Unlead,Brazil,IN,0.0,0,0.0,1
2026-03-09 04:11:41,"0144 - Elk Run Height, IA",Diesel,Elk Run Height,IA,0.0,0,0.0,4
2026-03-09 04:11:41,"0144 - Elk Run Height, IA",Unlead,Elk Run Height,IA,0.0,0,0.0,2
2026-03-09 04:11:41,"0145 - Fenton, MO",Diesel,Fenton,MO,85.0,0,0.0,2
2026-03-09 04:11:41,"0145 - Fenton, MO",Unlead,Fenton,MO,0.0,0,0.0,1
2026-03-09 04:11:41,"0157 - Okawville, IL",Diesel,Okawville,IL,0.0,0,0.0,3
2026-03-09 04:11:41,"0157 - Okawville, IL",Unlead,Okawville,IL,0.0,0,0.0,1
2026-03-09 04:11:41,"0181 - Springfield, IL",Diesel,Springfield,IL,0.0,0,0.0,3
2026-03-09 04:11:41,"0181 - Springfield, IL",Unlead,Springfield,IL,13.29700000000048,0,0.0,1
2026-03-09 04:11:41,"0185 - McLean, IL",Diesel,McLean,IL,0.0,0,0.0,4
2026-03-09 04:11:41,"0185 - McLean, IL",Unlead,McLean,IL,11.938000000000102,0,0.0,1
2026-03-09 04:11:41,"0186 - Minonk, IL",Diesel,Minonk,IL,0.0,0,0.0,3
2026-03-09 04:11:41,"0186 - Minonk, IL",Unlead,Minonk,IL,0.0,0,0.0,1
2026-03-09 04:11:41,"0187 - Chicago, IL",Diesel,Chicago,IL,0.0,0,0.0,3
2026-03-09 04:11:41,"0187 - Chicago, IL",Unlead,Chicago,IL,0.0,0,0.0,1
2026-03-09 04:11:41,"0203 - Rockford, IL",Diesel,Rockford,IL,0.0,0,0.0,1
2026-03-09 04:11:41,"0203 - Rockford, IL",Unlead,Rockford,IL,0.0,0,0.0,1
2026-03-09 04:11:41,"0205 - South Beloit, IL",Diesel,South Beloit,IL,0.0,0,0.0,3
2026-03-09 04:11:41,"0205 - South Beloit, IL",Unlead,South Beloit,IL,0.0,0,0.0,1
2026-03-09 04:11:41,"0206 - Winnebago, IL",Diesel,Winnebago,IL,0.0,0,0.0,1
2026-03-09 04:11:41,"0206 - Winnebago, IL",Unlead,Winnebago,IL,0.0,0,0.0,1
2026-03-09 04:11:41,"0209 - Oakdale, WI",Diesel,Oakdale,WI,0.0,0,0.0,3
2026-03-09 04:11:41,"0209 - Oakdale, WI",Unlead,Oakdale,WI,0.0,0,0.0,1
2026-03-09 04:11:41,"0210 - Rochelle, IL",Diesel,Rochelle,IL,0.0,0,0.0,3
2026-03-09 04:11:41,"0210 - Rochelle, IL",Unlead,Rochelle,IL,0.0,0,0.0,1
2026-03-09 04:11:41,"0211 - Loves Park, IL",Diesel,Loves Park,IL,0.0,0,0.0,1
2026-03-09 04:11:41,"0211 - Loves Park, IL",Unlead,Loves Park,IL,8.0,0,0.0,1
2026-03-09 04:11:41,"0225 - Princeton, IL",Diesel,Princeton,IL,0.0,0,0.0,4
2026-03-09 04:11:41,"0225 - Princeton, IL",Unlead,Princeton,IL,0.0,0,0.0,2
2026-03-09 04:11:41,"0226 - Greenwood, IN",Diesel,Greenwood,IN,0.0,0,0.0,2
2026-03-09 04:11:41,"0226 - Greenwood, IN",Unlead,Greenwood,IN,19.0,0,0.0,2
2026-03-09 04:11:41,"0235 - Hampshire, IL",Diesel,Hampshire,IL,0.0,0,0.0,2
2026-03-09 04:11:41,"0235 - Hampshire, IL",Unlead,Hampshire,IL,9.0,0,0.0,2
2026-03-09 04:11:41,"0236 - East Troy, WI",Diesel,East Troy,WI,0.0,0,0.0,2
2026-03-09 04:11:41,"0236 - East Troy, WI",Unlead,East Troy,WI,0.0,0,0.0,1
2026-03-09 04:11:41,"0240 - Lake Station, IN",Diesel,Lake Station,IN,257.0,0,0.0,5
2026-03-09 04:11:41,"0240 - Lake Station, IN",Unlead,Lake Station,IN,20.0,0,0.0,2
2026-03-09 04:11:41,"0242 - St Robert, MO",Diesel,St Robert,MO,0.0,0,0.0,4
2026-03-09 04:11:41,"0263 - Ottawa, IL",Diesel,Ottawa,IL,0.0,0,0.0,3
2026-03-09 04:11:41,"0263 - Ottawa, IL",Unlead,Ottawa,IL,15.0,0,0.0,1
2026-03-09 04:11:41,"0265 - Dixon, IL",Diesel,Dixon,IL,0.0,0,0.0,3
2026-03-09 04:11:41,"0265 - Dixon, IL",Unlead,Dixon,IL,0.0,0,0.0,1
2026-03-09 04:11:41,"0266 - New Berlin, IL",Diesel,New Berlin,IL,135.0,0,0.0,3
2026-03-09 04:11:41,"0266 - New Berlin, IL",Unlead,New Berlin,IL,15.545000000000073,0,0.0,1
2026-03-09 04:11:41,"0267 - Pharr, TX",Diesel,Pharr,TX,0.0,0,0.0,4
2026-03-09 04:11:41,"0267 - Pharr, TX",Unlead,Pharr,TX,0.0,0,0.0,1
2026-03-09 04:11:41,"0268 - Grayville, IL",Diesel,Grayville,IL,63.0,0,0.0,3
2026-03-09 04:11:41,"0268 - Grayville, IL",Unlead,Grayville,IL,22.0,0,0.0,1
2026-03-09 04:11:41,"0269 - Marshall, IL",Diesel,Marshall,IL,0.0,0,0.0,3
2026-03-09 04:11:41,"0269 - Marshall, IL",Unlead,Marshall,IL,0.0,0,0.0,1
2026-03-09 04:11:41,"0270 - Moore, TX",Diesel,Moore,TX,20.0,0,0.0,3
2026-03-09 04:11:41,"0270 - Moore, TX",Unlead,Moore,TX,47.0,0,0.0,1
2026-03-09 04:11:41,"0271 - Odessa, TX",Diesel,Odessa,TX,364.2735000000007,0,0.0,3
2026-03-09 04:11:41,"0271 - Odessa, TX",Unlead,Odessa,TX,0.0,0,0.0,1
2026-03-09 04:11:41,"0272 - Encinal, TX",Diesel,Encinal,TX,0.0,0,0.0,3
2026-03-09 04:11:41,"0272 - Encinal, TX",Unlead,Encinal,TX,19.93499999999949,0,0.0,1
2026-03-09 04:11:41,"0273 - Combes, TX",Diesel,Combes,TX,100.3103000000001,0,0.0,3
2026-03-09 04:11:41,"0273 - Combes, TX",Unlead,Combes,TX,9.73700000000099,0,0.0,1
2026-03-09 04:11:41,"0275 - Sonora, TX",Diesel,Sonora,TX,0.0,0,0.0,3
2026-03-09 04:11:41,"0275 - Sonora, TX",Unlead,Sonora,TX,13.422500000000582,0,0.0,1
2026-03-09 04:11:41,"0276 - Waco, TX",Diesel,Waco,TX,407.0149999999994,0,0.0,3
2026-03-09 04:11:41,"0276 - Waco, TX",Unlead,Waco,TX,0.0,0,0.0,1
2026-03-09 04:11:41,"0277 - New Boston, TX",Diesel,New Boston,TX,0.0,0,0.0,3
2026-03-09 04:11:41,"0277 - New Boston, TX",Unlead,New Boston,TX,0.0,0,0.0,1
2026-03-09 04:11:41,"0278 - Brinkley, AR",Diesel,Brinkley,AR,0.0,0,0.0,3
2026-03-09 04:11:41,"0278 - Brinkley, AR",Unlead,Brinkley,AR,0.0,0,0.0,1
2026-03-09 04:11:41,"0279 - Marion, IL",Diesel,Marion,IL,0.0,0,0.0,3
2026-03-09 04:11:41,"0279 - Marion, IL",Unlead,Marion,IL,23.654500000000553,0,0.0,1
2026-03-09 04:11:41,"0280 - Monahans, TX",Diesel,Monahans,TX,27.017100000000028,0,0.0,3
2026-03-09 04:11:41,"0280 - Monahans, TX",Unlead,Monahans,TX,6.250700000000506,0,0.0,1
2026-03-09 04:11:41,"0281 - Cisco, TX",Diesel,Cisco,TX,0.0,0,0.0,3
2026-03-09 04:11:41,"0281 - Cisco, TX",Unlead,Cisco,TX,0.0,0,0.0,1
2026-03-09 04:11:41,"0282 - Gainesville, TX",Diesel,Gainesville,TX,0.0,0,0.0,3
2026-03-09 04:11:41,"0282 - Gainesville, TX",Unlead,Gainesville,TX,0.0,0,0.0,1
2026-03-09 04:11:41,"0283 - Sealy, TX",Diesel,Sealy,TX,31.697000000000116,2,7118.147000000001,3
2026-03-09 04:11:41,"0283 - Sealy, TX",Unlead,Sealy,TX,50.39099999999962,0,0.0,1
2026-03-09 04:11:41,"0284 - New Deal, TX",Diesel,New Deal,TX,0.0,0,0.0,3
2026-03-09 04:11:41,"0284 - New Deal, TX",Unlead,New Deal,TX,11.230999999999767,0,0.0,1
2026-03-09 04:11:41,"0285 - Seguin, TX",Diesel,Seguin,TX,0.0,0,0.0,3
2026-03-09 04:11:41,"0285 - Seguin, TX",Unlead,Seguin,TX,0.0,0,0.0,1
2026-03-09 04:11:41,"0286 - Amarillo, TX",Diesel,Amarillo,TX,0.0,0,0.0,3
2026-03-09 04:11:41,"0286 - Amarillo, TX",Unlead,Amarillo,TX,0.0,0,0.0,1
2026-03-09 04:11:41,"0287 - Burbonnais, IL",Diesel,Burbonnais,IL,0.0,0,0.0,3
2026-03-09 04:11:41,"0287 - Burbonnais, IL",Unlead,Burbonnais,IL,19.72320000000036,0,0.0,1
2026-03-09 04:11:41,"0289 - Teague, TX",Diesel,Teague,TX,0.0,0,0.0,3
2026-03-09 04:11:41,"0289 - Teague, TX",Unlead,Teague,TX,6.5495000000009895,0,0.0,1
2026-03-09 04:11:41,"0290 - Joplin, MO",Diesel,Joplin,MO,0.0,0,0.0,3
2026-03-09 04:11:41,"0290 - Joplin, MO",Unlead,Joplin,MO,0.0,0,0.0,1
2026-03-09 04:11:41,"0312 - Vidor, TX",Diesel,Vidor,TX,0.0,0,0.0,3
2026-03-09 04:11:41,"0312 - Vidor, TX",Unlead,Vidor,TX,33.28600000000006,0,0.0,1
2026-03-09 04:11:41,"0315 - Laredo, TX",Diesel,Laredo,TX,0.0,0,0.0,3
2026-03-09 04:11:41,"0315 - Laredo, TX",Unlead,Laredo,TX,0.0,0,0.0,1
2026-03-09 04:11:41,"0319 - Milford, TX",Diesel,Milford,TX,0.0,0,0.0,3
2026-03-09 04:11:41,"0319 - Milford, TX",Unlead,Milford,TX,30.126500000000306,0,0.0,1
2026-03-09 04:11:41,"0323 - Canton, TX",Diesel,Canton,TX,0.0,0,0.0,3
2026-03-09 04:11:41,"0323 - Canton, TX",Unlead,Canton,TX,0.0,0,0.0,1
2026-03-09 04:26:44,"0118 - Springfield, IL",Diesel,Springfield,IL,0.0,0,0.0,3
2026-03-09 04:26:44,"0118 - Springfield, IL",Unlead,Springfield,IL,0.0,0,0.0,1
2026-03-09 04:26:44,"0132 - Champaign, IL",Diesel,Champaign,IL,0.0,0,0.0,3
2026-03-09 04:26:44,"0132 - Champaign, IL",Unlead,Champaign,IL,0.0,0,0.0,1
2026-03-09 04:26:44,"0136 - Cottage Grove, WI",Diesel,Cottage Grove,WI,369.9300000000003,0,0.0,2
2026-03-09 04:26:44,"0136 - Cottage Grove, WI",Unlead,Cottage Grove,WI,0.0,0,0.0,1
2026-03-09 04:26:44,"0139 - Tuscola, IL",Diesel,Tuscola,IL,129.0,0,0.0,1
2026-03-09 04:26:44,"0139 - Tuscola, IL",Unlead,Tuscola,IL,4.0,0,0.0,2
2026-03-09 04:26:44,"0140 - Mendota, IL",Diesel,Mendota,IL,0.0,0,0.0,2
2026-03-09 04:26:44,"0140 - Mendota, IL",Unlead,Mendota,IL,4.0,0,0.0,2
2026-03-09 04:26:44,"0141 - Brazil, IN",Diesel,Brazil,IN,0.0,0,0.0,4
2026-03-09 04:26:44,"0141 - Brazil, IN",Unlead,Brazil,IN,5.0,0,0.0,1
2026-03-09 04:26:44,"0144 - Elk Run Height, IA",Diesel,Elk Run Height,IA,81.0,0,0.0,4
2026-03-09 04:26:44,"0144 - Elk Run Height, IA",Unlead,Elk Run Height,IA,0.0,0,0.0,2
2026-03-09 04:26:44,"0145 - Fenton, MO",Diesel,Fenton,MO,0.0,0,0.0,2
2026-03-09 04:26:44,"0145 - Fenton, MO",Unlead,Fenton,MO,10.0,0,0.0,1
2026-03-09 04:26:44,"0157 - Okawville, IL",Diesel,Okawville,IL,43.0,0,0.0,3
2026-03-09 04:26:44,"0157 - Okawville, IL",Unlead,Okawville,IL,10.924399999999878,0,0.0,1
2026-03-09 04:26:44,"0181 - Springfield, IL",Diesel,Springfield,IL,0.0,0,0.0,3
2026-03-09 04:26:44,"0181 - Springfield, IL",Unlead,Springfield,IL,48.477999999999156,0,0.0,1
2026-03-09 04:26:44,"0185 - McLean, IL",Diesel,McLean,IL,88.10850000000028,0,0.0,4
2026-03-09 04:26:44,"0185 - McLean, IL",Unlead,McLean,IL,3.356999999999971,0,0.0,1
2026-03-09 04:26:44,"0186 - Minonk, IL",Diesel,Minonk,IL,0.0,0,0.0,3
2026-03-09 04:26:44,"0186 - Minonk, IL",Unlead,Minonk,IL,13.645000000000437,0,0.0,1
2026-03-09 04:26:44,"0187 - Chicago, IL",Diesel,Chicago,IL,0.0,0,0.0,3
2026-03-09 04:26:44,"0187 - Chicago, IL",Unlead,Chicago,IL,0.0,0,0.0,1
2026-03-09 04:26:44,"0203 - Rockford, IL",Diesel,Rockford,IL,0.0,0,0.0,1
2026-03-09 04:26:44,"0203 - Rockford, IL",Unlead,Rockford,IL,0.0,0,0.0,1
2026-03-09 04:26:44,"0205 - South Beloit, IL",Diesel,South Beloit,IL,0.0,0,0.0,3
2026-03-09 04:26:44,"0205 - South Beloit, IL",Unlead,South Beloit,IL,19.0,0,0.0,1
2026-03-09 04:26:44,"0206 - Winnebago, IL",Diesel,Winnebago,IL,0.0,0,0.0,1
2026-03-09 04:26:44,"0206 - Winnebago, IL",Unlead,Winnebago,IL,8.0,0,0.0,1
2026-03-09 04:26:44,"0209 - Oakdale, WI",Diesel,Oakdale,WI,0.0,0,0.0,3
2026-03-09 04:26:44,"0209 - Oakdale, WI",Unlead,Oakdale,WI,0.0,0,0.0,1
2026-03-09 04:26:44,"0210 - Rochelle, IL",Diesel,Rochelle,IL,0.0,0,0.0,3
2026-03-09 04:26:44,"0210 - Rochelle, IL",Unlead,Rochelle,IL,28.0,0,0.0,1
2026-03-09 04:26:44,"0211 - Loves Park, IL",Diesel,Loves Park,IL,0.0,0,0.0,1
2026-03-09 04:26:44,"0211 - Loves Park, IL",Unlead,Loves Park,IL,0.0,0,0.0,1
2026-03-09 04:26:44,"0225 - Princeton, IL",Diesel,Princeton,IL,0.0,0,0.0,4
2026-03-09 04:26:44,"0225 - Princeton, IL",Unlead,Princeton,IL,2.0,0,0.0,2
2026-03-09 04:26:44,"0226 - Greenwood, IN",Diesel,Greenwood,IN,0.0,0,0.0,2
2026-03-09 04:26:44,"0226 - Greenwood, IN",Unlead,Greenwood,IN,5.0,0,0.0,2
2026-03-09 04:26:44,"0235 - Hampshire, IL",Diesel,Hampshire,IL,128.0,0,0.0,2
2026-03-09 04:26:44,"0235 - Hampshire, IL",Unlead,Hampshire,IL,0.0,0,0.0,2
2026-03-09 04:26:44,"0236 - East Troy, WI",Diesel,East Troy,WI,0.0,0,0.0,2
2026-03-09 04:26:44,"0236 - East Troy, WI",Unlead,East Troy,WI,0.0,0,0.0,1
2026-03-09 04:26:44,"0240 - Lake Station, IN",Diesel,Lake Station,IN,141.0,0,0.0,5
2026-03-09 04:26:44,"0240 - Lake Station, IN",Unlead,Lake Station,IN,0.0,0,0.0,2
2026-03-09 04:26:44,"0242 - St Robert, MO",Diesel,St Robert,MO,60.503999999998996,0,0.0,4
2026-03-09 04:26:44,"0263 - Ottawa, IL",Diesel,Ottawa,IL,0.0,0,0.0,3
2026-03-09 04:26:44,"0263 - Ottawa, IL",Unlead,Ottawa,IL,0.0,0,0.0,1
2026-03-09 04:26:44,"0265 - Dixon, IL",Diesel,Dixon,IL,0.0,0,0.0,3
2026-03-09 04:26:44,"0265 - Dixon, IL",Unlead,Dixon,IL,0.0,0,0.0,1
2026-03-09 04:26:44,"0266 - New Berlin, IL",Diesel,New Berlin,IL,37.0,0,0.0,3
2026-03-09 04:26:44,"0266 - New Berlin, IL",Unlead,New Berlin,IL,13.374000000000706,0,0.0,1
2026-03-09 04:26:44,"0267 - Pharr, TX",Diesel,Pharr,TX,0.0,0,0.0,4
2026-03-09 04:26:44,"0267 - Pharr, TX",Unlead,Pharr,TX,0.0,0,0.0,1
2026-03-09 04:26:44,"0268 - Grayville, IL",Diesel,Grayville,IL,12.0,0,0.0,3
2026-03-09 04:26:44,"0268 - Grayville, IL",Unlead,Grayville,IL,0.0,0,0.0,1
2026-03-09 04:26:44,"0269 - Marshall, IL",Diesel,Marshall,IL,0.0,0,0.0,3
2026-03-09 04:26:44,"0269 - Marshall, IL",Unlead,Marshall,IL,19.0,0,0.0,1
2026-03-09 04:26:44,"0270 - Moore, TX",Diesel,Moore,TX,5.0,0,0.0,3
2026-03-09 04:26:44,"0270 - Moore, TX",Unlead,Moore,TX,46.0,0,0.0,1
2026-03-09 04:26:44,"0271 - Odessa, TX",Diesel,Odessa,TX,136.60939999999982,0,0.0,3
2026-03-09 04:26:44,"0271 - Odessa, TX",Unlead,Odessa,TX,0.0,0,0.0,1
2026-03-09 04:26:44,"0272 - Encinal, TX",Diesel,Encinal,TX,77.56500000000051,0,0.0,3
2026-03-09 04:26:44,"0272 - Encinal, TX",Unlead,Encinal,TX,0.0,0,0.0,1
2026-03-09 04:26:44,"0273 - Combes, TX",Diesel,Combes,TX,24.91319999999996,0,0.0,3
2026-03-09 04:26:44,"0273 - Combes, TX",Unlead,Combes,TX,0.0,0,0.0,1
2026-03-09 04:26:44,"0275 - Sonora, TX",Diesel,Sonora,TX,0.0,0,0.0,3
2026-03-09 04:26:44,"0275 - Sonora, TX",Unlead,Sonora,TX,12.704399999999623,0,0.0,1
2026-03-09 04:26:44,"0276 - Waco, TX",Diesel,Waco,TX,93.13299999999981,0,0.0,3
2026-03-09 04:26:44,"0276 - Waco, TX",Unlead,Waco,TX,0.0,0,0.0,1
2026-03-09 04:26:44,"0277 - New Boston, TX",Diesel,New Boston,TX,0.0,0,0.0,3
2026-03-09 04:26:44,"0277 - New Boston, TX",Unlead,New Boston,TX,19.42030000000068,0,0.0,1
2026-03-09 04:26:44,"0278 - Brinkley, AR",Diesel,Brinkley,AR,71.3376000000003,0,0.0,3
2026-03-09 04:26:44,"0278 - Brinkley, AR",Unlead,Brinkley,AR,12.834000000000742,0,0.0,1
2026-03-09 04:26:44,"0279 - Marion, IL",Diesel,Marion,IL,117.14300000000185,0,0.0,3
2026-03-09 04:26:44,"0279 - Marion, IL",Unlead,Marion,IL,30.610000000000582,0,0.0,1
2026-03-09 04:26:44,"0280 - Monahans, TX",Diesel,Monahans,TX,14.830799999999726,0,0.0,3
2026-03-09 04:26:44,"0280 - Monahans, TX",Unlead,Monahans,TX,0.0,0,0.0,1
2026-03-09 04:26:44,"0281 - Cisco, TX",Diesel,Cisco,TX,0.0,0,0.0,3
2026-03-09 04:26:44,"0281 - Cisco, TX",Unlead,Cisco,TX,0.0,0,0.0,1
2026-03-09 04:26:44,"0282 - Gainesville, TX",Diesel,Gainesville,TX,0.0,0,0.0,3
2026-03-09 04:26:44,"0282 - Gainesville, TX",Unlead,Gainesville,TX,0.0,0,0.0,1
2026-03-09 04:26:44,"0283 - Sealy, TX",Diesel,Sealy,TX,32.73500000000058,1,360.5750000000007,3
2026-03-09 04:26:44,"0283 - Sealy, TX",Unlead,Sealy,TX,11.128000000000611,0,0.0,1
2026-03-09 04:26:44,"0284 - New Deal, TX",Diesel,New Deal,TX,0.0,0,0.0,3
2026-03-09 04:26:44,"0284 - New Deal, TX",Unlead,New Deal,TX,0.0,0,0.0,1
2026-03-09 04:26:44,"0285 - Seguin, TX",Diesel,Seguin,TX,0.0,0,0.0,3
2026-03-09 04:26:44,"0285 - Seguin, TX",Unlead,Seguin,TX,14.706000000000131,0,0.0,1
2026-03-09 04:26:44,"0286 - Amarillo, TX",Diesel,Amarillo,TX,0.0,0,0.0,3
2026-03-09 04:26:44,"0286 - Amarillo, TX",Unlead,Amarillo,TX,0.0,0,0.0,1
2026-03-09 04:26:44,"0287 - Burbonnais, IL",Diesel,Burbonnais,IL,0.0,0,0.0,3
2026-03-09 04:26:44,"0287 - Burbonnais, IL",Unlead,Burbonnais,IL,14.593699999999444,0,0.0,1
2026-03-09 04:26:44,"0289 - Teague, TX",Diesel,Teague,TX,0.0,0,0.0,3
2026-03-09 04:26:44,"0289 - Teague, TX",Unlead,Teague,TX,3.399999999999636,0,0.0,1
2026-03-09 04:26:44,"0290 - Joplin, MO",Diesel,Joplin,MO,0.0,0,0.0,3
2026-03-09 04:26:44,"0290 - Joplin, MO",Unlead,Joplin,MO,0.0,0,0.0,1
2026-03-09 04:26:44,"0312 - Vidor, TX",Diesel,Vidor,TX,0.0,0,0.0,3
2026-03-09 04:26:44,"0312 - Vidor, TX",Unlead,Vidor,TX,8.601700000000164,0,0.0,1
2026-03-09 04:26:44,"0315 - Laredo, TX",Diesel,Laredo,TX,0.0,0,0.0,3
2026-03-09 04:26:44,"0315 - Laredo, TX",Unlead,Laredo,TX,0.0,0,0.0,1
2026-03-09 04:26:44,"0319 - Milford, TX",Diesel,Milford,TX,0.0,0,0.0,3
2026-03-09 04:26:44,"0319 - Milford, TX",Unlead,Milford,TX,12.167500000000473,0,0.0,1
2026-03-09 04:26:44,"0323 - Canton, TX",Diesel,Canton,TX,0.0,0,0.0,3
2026-03-09 04:26:44,"0323 - Canton, TX",Unlead,Canton,TX,5.921999999998661,0,0.0,1
2026-03-09 04:41:47,"0118 - Springfield, IL",Diesel,Springfield,IL,0.0,0,0.0,3
2026-03-09 04:41:47,"0118 - Springfield, IL",Unlead,Springfield,IL,16.0,0,0.0,1
2026-03-09 04:41:47,"0132 - Champaign, IL",Diesel,Champaign,IL,0.0,0,0.0,3
2026-03-09 04:41:47,"0132 - Champaign, IL",Unlead,Champaign,IL,0.0,0,0.0,1
2026-03-09 04:41:47,"0136 - Cottage Grove, WI",Diesel,Cottage Grove,WI,0.0,0,0.0,2
2026-03-09 04:41:47,"0136 - Cottage Grove, WI",Unlead,Cottage Grove,WI,0.0,0,0.0,1
2026-03-09 04:41:47,"0139 - Tuscola, IL",Diesel,Tuscola,IL,0.0,0,0.0,1
2026-03-09 04:41:47,"0139 - Tuscola, IL",Unlead,Tuscola,IL,0.0,0,0.0,2
2026-03-09 04:41:47,"0140 - Mendota, IL",Diesel,Mendota,IL,0.0,0,0.0,2
2026-03-09 04:41:47,"0140 - Mendota, IL",Unlead,Mendota,IL,0.0,0,0.0,2
2026-03-09 04:41:47,"0141 - Brazil, IN",Diesel,Brazil,IN,0.0,0,0.0,4
2026-03-09 04:41:47,"0141 - Brazil, IN",Unlead,Brazil,IN,0.0,0,0.0,1
2026-03-09 04:41:47,"0144 - Elk Run Height, IA",Diesel,Elk Run Height,IA,90.0,0,0.0,4
2026-03-09 04:41:47,"0144 - Elk Run Height, IA",Unlead,Elk Run Height,IA,22.361699999999473,0,0.0,2
2026-03-09 04:41:47,"0145 - Fenton, MO",Diesel,Fenton,MO,0.0,0,0.0,2
2026-03-09 04:41:47,"0145 - Fenton, MO",Unlead,Fenton,MO,10.0,0,0.0,1
2026-03-09 04:41:47,"0157 - Okawville, IL",Diesel,Okawville,IL,121.0,0,0.0,3
2026-03-09 04:41:47,"0157 - Okawville, IL",Unlead,Okawville,IL,0.0,0,0.0,1
2026-03-09 04:41:47,"0181 - Springfield, IL",Diesel,Springfield,IL,0.0,0,0.0,3
2026-03-09 04:41:47,"0181 - Springfield, IL",Unlead,Springfield,IL,0.0,0,0.0,1
2026-03-09 04:41:47,"0185 - McLean, IL",Diesel,McLean,IL,101.21000000000276,0,0.0,4
2026-03-09 04:41:47,"0185 - McLean, IL",Unlead,McLean,IL,18.220000000000255,0,0.0,1
2026-03-09 04:41:47,"0186 - Minonk, IL",Diesel,Minonk,IL,0.0,0,0.0,3
2026-03-09 04:41:47,"0186 - Minonk, IL",Unlead,Minonk,IL,11.61699999999837,0,0.0,1
2026-03-09 04:41:47,"0187 - Chicago, IL",Diesel,Chicago,IL,53.0,0,0.0,3
2026-03-09 04:41:47,"0187 - Chicago, IL",Unlead,Chicago,IL,26.994399999999587,0,0.0,1
2026-03-09 04:41:47,"0203 - Rockford, IL",Diesel,Rockford,IL,0.0,0,0.0,1
2026-03-09 04:41:47,"0203 - Rockford, IL",Unlead,Rockford,IL,0.0,0,0.0,1
2026-03-09 04:41:47,"0205 - South Beloit, IL",Diesel,South Beloit,IL,0.0,0,0.0,3
2026-03-09 04:41:47,"0205 - South Beloit, IL",Unlead,South Beloit,IL,0.0,0,0.0,1
2026-03-09 04:41:47,"0206 - Winnebago, IL",Diesel,Winnebago,IL,11.0,0,0.0,1
2026-03-09 04:41:47,"0206 - Winnebago, IL",Unlead,Winnebago,IL,9.0,0,0.0,1
2026-03-09 04:41:47,"0209 - Oakdale, WI",Diesel,Oakdale,WI,0.0,0,0.0,3
2026-03-09 04:41:47,"0209 - Oakdale, WI",Unlead,Oakdale,WI,11.0,0,0.0,1
2026-03-09 04:41:47,"0210 - Rochelle, IL",Diesel,Rochelle,IL,0.0,0,0.0,3
2026-03-09 04:41:47,"0210 - Rochelle, IL",Unlead,Rochelle,IL,5.0,0,0.0,1
2026-03-09 04:41:47,"0211 - Loves Park, IL",Diesel,Loves Park,IL,0.0,0,0.0,1
2026-03-09 04:41:47,"0211 - Loves Park, IL",Unlead,Loves Park,IL,27.0,0,0.0,1
2026-03-09 04:41:47,"0225 - Princeton, IL",Diesel,Princeton,IL,0.0,0,0.0,4
2026-03-09 04:41:47,"0225 - Princeton, IL",Unlead,Princeton,IL,0.0,0,0.0,2
2026-03-09 04:41:47,"0226 - Greenwood, IN",Diesel,Greenwood,IN,0.0,0,0.0,2
2026-03-09 04:41:47,"0226 - Greenwood, IN",Unlead,Greenwood,IN,25.0,0,0.0,2
2026-03-09 04:41:47,"0235 - Hampshire, IL",Diesel,Hampshire,IL,0.0,0,0.0,2
2026-03-09 04:41:47,"0235 - Hampshire, IL",Unlead,Hampshire,IL,19.0,0,0.0,2
2026-03-09 04:41:47,"0236 - East Troy, WI",Diesel,East Troy,WI,0.0,0,0.0,2
2026-03-09 04:41:47,"0236 - East Troy, WI",Unlead,East Troy,WI,0.0,0,0.0,1
2026-03-09 04:41:47,"0240 - Lake Station, IN",Diesel,Lake Station,IN,17.0,0,0.0,5
2026-03-09 04:41:47,"0240 - Lake Station, IN",Unlead,Lake Station,IN,31.0,0,0.0,2
2026-03-09 04:41:47,"0242 - St Robert, MO",Diesel,St Robert,MO,0.0,0,0.0,4
2026-03-09 04:41:47,"0263 - Ottawa, IL",Diesel,Ottawa,IL,0.0,0,0.0,3
2026-03-09 04:41:47,"0263 - Ottawa, IL",Unlead,Ottawa,IL,6.0,0,0.0,1
2026-03-09 04:41:47,"0265 - Dixon, IL",Diesel,Dixon,IL,0.0,0,0.0,3
2026-03-09 04:41:47,"0265 - Dixon, IL",Unlead,Dixon,IL,0.0,0,0.0,1
2026-03-09 04:41:47,"0266 - New Berlin, IL",Diesel,New Berlin,IL,60.0,0,0.0,3
2026-03-09 04:41:47,"0266 - New Berlin, IL",Unlead,New Berlin,IL,14.371999999999389,0,0.0,1
2026-03-09 04:41:47,"0267 - Pharr, TX",Diesel,Pharr,TX,0.0,0,0.0,4
2026-03-09 04:41:47,"0267 - Pharr, TX",Unlead,Pharr,TX,0.0,0,0.0,1
2026-03-09 04:41:47,"0268 - Grayville, IL",Diesel,Grayville,IL,8.0,0,0.0,3
2026-03-09 04:41:47,"0268 - Grayville, IL",Unlead,Grayville,IL,0.0,0,0.0,1
2026-03-09 04:41:47,"0269 - Marshall, IL",Diesel,Marshall,IL,0.0,0,0.0,3
2026-03-09 04:41:47,"0269 - Marshall, IL",Unlead,Marshall,IL,31.0,0,0.0,1
2026-03-09 04:41:47,"0270 - Moore, TX",Diesel,Moore,TX,13.0,0,0.0,3
2026-03-09 04:41:47,"0270 - Moore, TX",Unlead,Moore,TX,26.0,0,0.0,1
2026-03-09 04:41:47,"0271 - Odessa, TX",Diesel,Odessa,TX,335.12480000000005,0,0.0,3
2026-03-09 04:41:47,"0271 - Odessa, TX",Unlead,Odessa,TX,0.0,0,0.0,1
2026-03-09 04:41:47,"0272 - Encinal, TX",Diesel,Encinal,TX,5.192000000000917,0,0.0,3
2026-03-09 04:41:47,"0272 - Encinal, TX",Unlead,Encinal,TX,18.545000000000073,0,0.0,1
2026-03-09 04:41:47,"0273 - Combes, TX",Diesel,Combes,TX,23.883899999999812,0,0.0,3
2026-03-09 04:41:47,"0273 - Combes, TX",Unlead,Combes,TX,6.4210000000002765,0,0.0,1
2026-03-09 04:41:47,"0275 - Sonora, TX",Diesel,Sonora,TX,0.0,0,0.0,3
2026-03-09 04:41:47,"0275 - Sonora, TX",Unlead,Sonora,TX,13.419600000000173,0,0.0,1
2026-03-09 04:41:47,"0276 - Waco, TX",Diesel,Waco,TX,126.0119999999988,0,0.0,3
2026-03-09 04:41:47,"0276 - Waco, TX",Unlead,Waco,TX,6.429000000000087,0,0.0,1
2026-03-09 04:41:47,"0277 - New Boston, TX",Diesel,New Boston,TX,0.0,0,0.0,3
2026-03-09 04:41:47,"0277 - New Boston, TX",Unlead,New Boston,TX,41.726699999999255,0,0.0,1
2026-03-09 04:41:47,"0278 - Brinkley, AR",Diesel,Brinkley,AR,0.0,0,0.0,3
2026-03-09 04:41:47,"0278 - Brinkley, AR",Unlead,Brinkley,AR,4.842999999998938,0,0.0,1
2026-03-09 04:41:47,"0279 - Marion, IL",Diesel,Marion,IL,0.0,0,0.0,3
2026-03-09 04:41:47,"0279 - Marion, IL",Unlead,Marion,IL,50.95099999999911,0,0.0,1
2026-03-09 04:41:47,"0280 - Monahans, TX",Diesel,Monahans,TX,22.78740000000016,0,0.0,3
2026-03-09 04:41:47,"0280 - Monahans, TX",Unlead,Monahans,TX,17.13000000000011,0,0.0,1
2026-03-09 04:41:47,"0281 - Cisco, TX",Diesel,Cisco,TX,0.0,0,0.0,3
2026-03-09 04:41:47,"0281 - Cisco, TX",Unlead,Cisco,TX,0.0,0,0.0,1
2026-03-09 04:41:47,"0282 - Gainesville, TX",Diesel,Gainesville,TX,0.0,0,0.0,3
2026-03-09 04:41:47,"0282 - Gainesville, TX",Unlead,Gainesville,TX,6.619000000000597,0,0.0,1
2026-03-09 04:41:47,"0283 - Sealy, TX",Diesel,Sealy,TX,313.5669999999991,0,0.0,3
2026-03-09 04:41:47,"0283 - Sealy, TX",Unlead,Sealy,TX,0.0,0,0.0,1
2026-03-09 04:41:47,"0284 - New Deal, TX",Diesel,New Deal,TX,0.0,0,0.0,3
2026-03-09 04:41:47,"0284 - New Deal, TX",Unlead,New Deal,TX,14.53900000000067,0,0.0,1
2026-03-09 04:41:47,"0285 - Seguin, TX",Diesel,Seguin,TX,0.0,0,0.0,3
2026-03-09 04:41:47,"0285 - Seguin, TX",Unlead,Seguin,TX,0.0,0,0.0,1
2026-03-09 04:41:47,"0286 - Amarillo, TX",Diesel,Amarillo,TX,0.0,0,0.0,3
2026-03-09 04:41:47,"0286 - Amarillo, TX",Unlead,Amarillo,TX,0.0,0,0.0,1
2026-03-09 04:41:47,"0287 - Burbonnais, IL",Diesel,Burbonnais,IL,0.0,0,0.0,3
2026-03-09 04:41:47,"0287 - Burbonnais, IL",Unlead,Burbonnais,IL,36.11959999999999,0,0.0,1
2026-03-09 04:41:47,"0289 - Teague, TX",Diesel,Teague,TX,21.953999999999724,0,0.0,3
2026-03-09 04:41:47,"0289 - Teague, TX",Unlead,Teague,TX,31.225000000000364,0,0.0,1
2026-03-09 04:41:47,"0290 - Joplin, MO",Diesel,Joplin,MO,0.0,0,0.0,3
2026-03-09 04:41:47,"0290 - Joplin, MO",Unlead,Joplin,MO,0.0,0,0.0,1
2026-03-09 04:41:47,"0312 - Vidor, TX",Diesel,Vidor,TX,0.0,0,0.0,3
2026-03-09 04:41:47,"0312 - Vidor, TX",Unlead,Vidor,TX,22.165600000000268,0,0.0,1
2026-03-09 04:41:47,"0315 - Laredo, TX",Diesel,Laredo,TX,0.0,0,0.0,3
2026-03-09 04:41:47,"0315 - Laredo, TX",Unlead,Laredo,TX,0.0,0,0.0,1
2026-03-09 04:41:47,"0319 - Milford, TX",Diesel,Milford,TX,0.0,0,0.0,3
2026-03-09 04:41:47,"0319 - Milford, TX",Unlead,Milford,TX,9.403800000000047,0,0.0,1
2026-03-09 04:41:47,"0323 - Canton, TX",Diesel,Canton,TX,19.613000000001193,0,0.0,3
2026-03-09 04:41:47,"0323 - Canton, TX",Unlead,Canton,TX,0.0,0,0.0,1
2026-03-09 04:56:50,"0118 - Springfield, IL",Diesel,Springfield,IL,20.0,0,0.0,3
2026-03-09 04:56:50,"0118 - Springfield, IL",Unlead,Springfield,IL,0.0,0,0.0,1
2026-03-09 04:56:50,"0132 - Champaign, IL",Diesel,Champaign,IL,0.0,0,0.0,3
2026-03-09 04:56:50,"0132 - Champaign, IL",Unlead,Champaign,IL,6.017499999999927,0,0.0,1
2026-03-09 04:56:50,"0136 - Cottage Grove, WI",Diesel,Cottage Grove,WI,0.0,0,0.0,2
2026-03-09 04:56:50,"0136 - Cottage Grove, WI",Unlead,Cottage Grove,WI,0.0,0,0.0,1
2026-03-09 04:56:50,"0139 - Tuscola, IL",Diesel,Tuscola,IL,0.0,0,0.0,1
2026-03-09 04:56:50,"0139 - Tuscola, IL",Unlead,Tuscola,IL,0.0,0,0.0,2
2026-03-09 04:56:50,"0140 - Mendota, IL",Diesel,Mendota,IL,0.0,0,0.0,2
2026-03-09 04:56:50,"0140 - Mendota, IL",Unlead,Mendota,IL,0.0,0,0.0,2
2026-03-09 04:56:50,"0141 - Brazil, IN",Diesel,Brazil,IN,0.0,0,0.0,4
2026-03-09 04:56:50,"0141 - Brazil, IN",Unlead,Brazil,IN,0.0,0,0.0,1
2026-03-09 04:56:50,"0144 - Elk Run Height, IA",Diesel,Elk Run Height,IA,5.0,0,0.0,4
2026-03-09 04:56:50,"0144 - Elk Run Height, IA",Unlead,Elk Run Height,IA,0.0,0,0.0,2
2026-03-09 04:56:50,"0145 - Fenton, MO",Diesel,Fenton,MO,103.0,0,0.0,2
2026-03-09 04:56:50,"0145 - Fenton, MO",Unlead,Fenton,MO,24.0,0,0.0,1
2026-03-09 04:56:50,"0157 - Okawville, IL",Diesel,Okawville,IL,167.0,0,0.0,3
2026-03-09 04:56:50,"0157 - Okawville, IL",Unlead,Okawville,IL,6.103399999999965,0,0.0,1
2026-03-09 04:56:50,"0181 - Springfield, IL",Diesel,Springfield,IL,59.83979999999974,0,0.0,3
2026-03-09 04:56:50,"0181 - Springfield, IL",Unlead,Springfield,IL,0.0,0,0.0,1
2026-03-09 04:56:50,"0185 - McLean, IL",Diesel,McLean,IL,110.53799999999683,0,0.0,4
2026-03-09 04:56:50,"0185 - McLean, IL",Unlead,McLean,IL,27.611499999999978,0,0.0,1
2026-03-09 04:56:50,"0186 - Minonk, IL",Diesel,Minonk,IL,39.039999999999054,0,0.0,3
2026-03-09 04:56:50,"0186 - Minonk, IL",Unlead,Minonk,IL,0.0,0,0.0,1
2026-03-09 04:56:50,"0187 - Chicago, IL",Diesel,Chicago,IL,0.0,0,0.0,3
2026-03-09 04:56:50,"0187 - Chicago, IL",Unlead,Chicago,IL,6.014000000000124,0,0.0,1
2026-03-09 04:56:50,"0203 - Rockford, IL",Diesel,Rockford,IL,0.0,0,0.0,1
2026-03-09 04:56:50,"0203 - Rockford, IL",Unlead,Rockford,IL,11.61700000000019,0,0.0,1
2026-03-09 04:56:50,"0205 - South Beloit, IL",Diesel,South Beloit,IL,67.0,0,0.0,3
2026-03-09 04:56:50,"0205 - South Beloit, IL",Unlead,South Beloit,IL,21.0,0,0.0,1
2026-03-09 04:56:50,"0206 - Winnebago, IL",Diesel,Winnebago,IL,0.0,0,0.0,1
2026-03-09 04:56:50,"0206 - Winnebago, IL",Unlead,Winnebago,IL,0.0,0,0.0,1
2026-03-09 04:56:50,"0209 - Oakdale, WI",Diesel,Oakdale,WI,146.0,0,0.0,3
2026-03-09 04:56:50,"0209 - Oakdale, WI",Unlead,Oakdale,WI,7.0,0,0.0,1
2026-03-09 04:56:50,"0210 - Rochelle, IL",Diesel,Rochelle,IL,0.0,0,0.0,3
2026-03-09 04:56:50,"0210 - Rochelle, IL",Unlead,Rochelle,IL,19.0,0,0.0,1
2026-03-09 04:56:50,"0211 - Loves Park, IL",Diesel,Loves Park,IL,0.0,0,0.0,1
2026-03-09 04:56:50,"0211 - Loves Park, IL",Unlead,Loves Park,IL,12.0,0,0.0,1
2026-03-09 04:56:50,"0225 - Princeton, IL",Diesel,Princeton,IL,0.0,0,0.0,4
2026-03-09 04:56:50,"0225 - Princeton, IL",Unlead,Princeton,IL,4.0,0,0.0,2
2026-03-09 04:56:50,"0226 - Greenwood, IN",Diesel,Greenwood,IN,159.0,0,0.0,2
2026-03-09 04:56:50,"0226 - Greenwood, IN",Unlead,Greenwood,IN,19.0,0,0.0,2
2026-03-09 04:56:50,"0235 - Hampshire, IL",Diesel,Hampshire,IL,73.0,0,0.0,2
2026-03-09 04:56:50,"0235 - Hampshire, IL",Unlead,Hampshire,IL,20.0,0,0.0,2
2026-03-09 04:56:50,"0236 - East Troy, WI",Diesel,East Troy,WI,0.0,0,0.0,2
2026-03-09 04:56:50,"0236 - East Troy, WI",Unlead,East Troy,WI,0.0,0,0.0,1
2026-03-09 04:56:50,"0240 - Lake Station, IN",Diesel,Lake Station,IN,156.0,0,0.0,5
2026-03-09 04:56:50,"0240 - Lake Station, IN",Unlead,Lake Station,IN,54.0,0,0.0,2
2026-03-09 04:56:50,"0242 - St Robert, MO",Diesel,St Robert,MO,70.3710000000001,0,0.0,4
2026-03-09 04:56:50,"0263 - Ottawa, IL",Diesel,Ottawa,IL,0.0,0,0.0,3
2026-03-09 04:56:50,"0263 - Ottawa, IL",Unlead,Ottawa,IL,21.0,0,0.0,1
2026-03-09 04:56:50,"0265 - Dixon, IL",Diesel,Dixon,IL,0.0,0,0.0,3
2026-03-09 04:56:50,"0265 - Dixon, IL",Unlead,Dixon,IL,0.0,0,0.0,1
2026-03-09 04:56:50,"0266 - New Berlin, IL",Diesel,New Berlin,IL,0.0,0,0.0,3
2026-03-09 04:56:50,"0266 - New Berlin, IL",Unlead,New Berlin,IL,16.81500000000051,0,0.0,1
2026-03-09 04:56:50,"0267 - Pharr, TX",Diesel,Pharr,TX,0.0,0,0.0,4
2026-03-09 04:56:50,"0267 - Pharr, TX",Unlead,Pharr,TX,0.0,0,0.0,1
2026-03-09 04:56:50,"0268 - Grayville, IL",Diesel,Grayville,IL,69.0,0,0.0,3
2026-03-09 04:56:50,"0268 - Grayville, IL",Unlead,Grayville,IL,14.0,0,0.0,1
2026-03-09 04:56:50,"0269 - Marshall, IL",Diesel,Marshall,IL,116.0,0,0.0,3
2026-03-09 04:56:50,"0269 - Marshall, IL",Unlead,Marshall,IL,0.0,0,0.0,1
2026-03-09 04:56:50,"0270 - Moore, TX",Diesel,Moore,TX,218.0,0,0.0,3
2026-03-09 04:56:50,"0270 - Moore, TX",Unlead,Moore,TX,12.0,0,0.0,1
2026-03-09 04:56:50,"0271 - Odessa, TX",Diesel,Odessa,TX,174.55329999999958,0,0.0,3
2026-03-09 04:56:50,"0271 - Odessa, TX",Unlead,Odessa,TX,31.365999999999985,0,0.0,1
2026-03-09 04:56:50,"0272 - Encinal, TX",Diesel,Encinal,TX,19.97700000000077,0,0.0,3
2026-03-09 04:56:50,"0272 - Encinal, TX",Unlead,Encinal,TX,31.42699999999968,0,0.0,1
2026-03-09 04:56:50,"0273 - Combes, TX",Diesel,Combes,TX,178.3093999999992,0,0.0,3
2026-03-09 04:56:50,"0273 - Combes, TX",Unlead,Combes,TX,14.79700000000048,0,0.0,1
2026-03-09 04:56:50,"0275 - Sonora, TX",Diesel,Sonora,TX,0.0,0,0.0,3
2026-03-09 04:56:50,"0275 - Sonora, TX",Unlead,Sonora,TX,37.879799999999705,0,0.0,1
2026-03-09 04:56:50,"0276 - Waco, TX",Diesel,Waco,TX,240.82700000000114,0,0.0,3
2026-03-09 04:56:50,"0276 - Waco, TX",Unlead,Waco,TX,0.0,0,0.0,1
2026-03-09 04:56:50,"0277 - New Boston, TX",Diesel,New Boston,TX,0.0,0,0.0,3
2026-03-09 04:56:50,"0277 - New Boston, TX",Unlead,New Boston,TX,5.828600000000733,0,0.0,1
2026-03-09 04:56:50,"0278 - Brinkley, AR",Diesel,Brinkley,AR,0.0,0,0.0,3
2026-03-09 04:56:50,"0278 - Brinkley, AR",Unlead,Brinkley,AR,6.744000000000597,0,0.0,1
2026-03-09 04:56:50,"0279 - Marion, IL",Diesel,Marion,IL,0.0,0,0.0,3
2026-03-09 04:56:50,"0279 - Marion, IL",Unlead,Marion,IL,37.806000000000495,0,0.0,1
2026-03-09 04:56:50,"0280 - Monahans, TX",Diesel,Monahans,TX,91.97599999999966,0,0.0,3
2026-03-09 04:56:50,"0280 - Monahans, TX",Unlead,Monahans,TX,12.914600000000064,0,0.0,1
2026-03-09 04:56:50,"0281 - Cisco, TX",Diesel,Cisco,TX,0.0,0,0.0,3
2026-03-09 04:56:50,"0281 - Cisco, TX",Unlead,Cisco,TX,0.0,0,0.0,1
2026-03-09 04:56:50,"0282 - Gainesville, TX",Diesel,Gainesville,TX,60.33899999999994,0,0.0,3
2026-03-09 04:56:50,"0282 - Gainesville, TX",Unlead,Gainesville,TX,0.0,0,0.0,1
2026-03-09 04:56:50,"0283 - Sealy, TX",Diesel,Sealy,TX,182.8700000000008,0,0.0,3
2026-03-09 04:56:50,"0283 - Sealy, TX",Unlead,Sealy,TX,0.0,0,0.0,1
2026-03-09 04:56:50,"0284 - New Deal, TX",Diesel,New Deal,TX,0.0,0,0.0,3
2026-03-09 04:56:50,"0284 - New Deal, TX",Unlead,New Deal,TX,20.486000000000786,0,0.0,1
2026-03-09 04:56:50,"0285 - Seguin, TX",Diesel,Seguin,TX,229.91799999999967,0,0.0,3
2026-03-09 04:56:50,"0285 - Seguin, TX",Unlead,Seguin,TX,20.34100000000035,0,0.0,1
2026-03-09 04:56:50,"0286 - Amarillo, TX",Diesel,Amarillo,TX,0.0,0,0.0,3
2026-03-09 04:56:50,"0286 - Amarillo, TX",Unlead,Amarillo,TX,0.0,0,0.0,1
2026-03-09 04:56:50,"0287 - Burbonnais, IL",Diesel,Burbonnais,IL,0.0,0,0.0,3
2026-03-09 04:56:50,"0287 - Burbonnais, IL",Unlead,Burbonnais,IL,13.631400000000212,0,0.0,1
2026-03-09 04:56:50,"0289 - Teague, TX",Diesel,Teague,TX,61.49399999999878,0,0.0,3
2026-03-09 04:56:50,"0289 - Teague, TX",Unlead,Teague,TX,12.546999999998661,0,0.0,1
2026-03-09 04:56:50,"0290 - Joplin, MO",Diesel,Joplin,MO,0.0,0,0.0,3
2026-03-09 04:56:50,"0290 - Joplin, MO",Unlead,Joplin,MO,13.756999999999607,0,0.0,1
2026-03-09 04:56:50,"0312 - Vidor, TX",Diesel,Vidor,TX,157.14500000000226,0,0.0,3
2026-03-09 04:56:50,"0312 - Vidor, TX",Unlead,Vidor,TX,0.0,0,0.0,1
2026-03-09 04:56:50,"0315 - Laredo, TX",Diesel,Laredo,TX,0.0,0,0.0,3
2026-03-09 04:56:50,"0315 - Laredo, TX",Unlead,Laredo,TX,0.0,0,0.0,1
2026-03-09 04:56:50,"0319 - Milford, TX",Diesel,Milford,TX,0.0,0,0.0,3
2026-03-09 04:56:50,"0319 - Milford, TX",Unlead,Milford,TX,43.57269999999971,0,0.0,1
2026-03-09 04:56:50,"0323 - Canton, TX",Diesel,Canton,TX,58.93399999999929,0,0.0,3
2026-03-09 04:56:50,"0323 - Canton, TX",Unlead,Canton,TX,11.580000000001746,0,0.0,1
2026-03-09 05:11:53,"0118 - Springfield, IL",Diesel,Springfield,IL,127.0,0,0.0,3
2026-03-09 05:11:53,"0118 - Springfield, IL",Unlead,Springfield,IL,7.0,0,0.0,1
2026-03-09 05:11:53,"0132 - Champaign, IL",Diesel,Champaign,IL,0.0,0,0.0,3
2026-03-09 05:11:53,"0132 - Champaign, IL",Unlead,Champaign,IL,10.466499999998632,0,0.0,1
2026-03-09 05:11:53,"0136 - Cottage Grove, WI",Diesel,Cottage Grove,WI,0.0,0,0.0,2
2026-03-09 05:11:53,"0136 - Cottage Grove, WI",Unlead,Cottage Grove,WI,0.0,0,0.0,1
2026-03-09 05:11:53,"0139 - Tuscola, IL",Diesel,Tuscola,IL,0.0,0,0.0,1
2026-03-09 05:11:53,"0139 - Tuscola, IL",Unlead,Tuscola,IL,13.0,0,0.0,2
2026-03-09 05:11:53,"0140 - Mendota, IL",Diesel,Mendota,IL,89.0,0,0.0,2
2026-03-09 05:11:53,"0140 - Mendota, IL",Unlead,Mendota,IL,12.0,0,0.0,2
2026-03-09 05:11:53,"0141 - Brazil, IN",Diesel,Brazil,IN,160.27990000000045,0,0.0,4
2026-03-09 05:11:53,"0141 - Brazil, IN",Unlead,Brazil,IN,0.0,0,0.0,1
2026-03-09 05:11:53,"0144 - Elk Run Height, IA",Diesel,Elk Run Height,IA,0.0,0,0.0,4
2026-03-09 05:11:53,"0144 - Elk Run Height, IA",Unlead,Elk Run Height,IA,25.346700000000055,0,0.0,2
2026-03-09 05:11:53,"0145 - Fenton, MO",Diesel,Fenton,MO,170.0,0,0.0,2
2026-03-09 05:11:53,"0145 - Fenton, MO",Unlead,Fenton,MO,0.0,0,0.0,1
2026-03-09 05:11:53,"0157 - Okawville, IL",Diesel,Okawville,IL,0.0,0,0.0,3
2026-03-09 05:11:53,"0157 - Okawville, IL",Unlead,Okawville,IL,16.919600000000173,0,0.0,1
2026-03-09 05:11:53,"0181 - Springfield, IL",Diesel,Springfield,IL,0.0,0,0.0,3
2026-03-09 05:11:53,"0181 - Springfield, IL",Unlead,Springfield,IL,7.53899999999885,0,0.0,1
2026-03-09 05:11:53,"0185 - McLean, IL",Diesel,McLean,IL,0.0,0,0.0,4
2026-03-09 05:11:53,"0185 - McLean, IL",Unlead,McLean,IL,8.06750000000011,0,0.0,1
2026-03-09 05:11:53,"0186 - Minonk, IL",Diesel,Minonk,IL,0.0,0,0.0,3
2026-03-09 05:11:53,"0186 - Minonk, IL",Unlead,Minonk,IL,0.0,0,0.0,1
2026-03-09 05:11:53,"0187 - Chicago, IL",Diesel,Chicago,IL,0.0,0,0.0,3
2026-03-09 05:11:53,"0187 - Chicago, IL",Unlead,Chicago,IL,17.996000000000095,0,0.0,1
2026-03-09 05:11:53,"0203 - Rockford, IL",Diesel,Rockford,IL,0.0,0,0.0,1
2026-03-09 05:11:53,"0203 - Rockford, IL",Unlead,Rockford,IL,9.145000000000437,0,0.0,1
2026-03-09 05:11:53,"0205 - South Beloit, IL",Diesel,South Beloit,IL,0.0,0,0.0,3
2026-03-09 05:11:53,"0205 - South Beloit, IL",Unlead,South Beloit,IL,10.0,0,0.0,1
2026-03-09 05:11:53,"0206 - Winnebago, IL",Diesel,Winnebago,IL,161.0,0,0.0,1
2026-03-09 05:11:53,"0206 - Winnebago, IL",Unlead,Winnebago,IL,14.0,0,0.0,1
2026-03-09 05:11:53,"0209 - Oakdale, WI",Diesel,Oakdale,WI,206.0,0,0.0,3
2026-03-09 05:11:53,"0209 - Oakdale, WI",Unlead,Oakdale,WI,0.0,0,0.0,1
2026-03-09 05:11:53,"0210 - Rochelle, IL",Diesel,Rochelle,IL,0.0,0,0.0,3
2026-03-09 05:11:53,"0210 - Rochelle, IL",Unlead,Rochelle,IL,0.0,0,0.0,1
2026-03-09 05:11:53,"0211 - Loves Park, IL",Diesel,Loves Park,IL,0.0,0,0.0,1
2026-03-09 05:11:53,"0211 - Loves Park, IL",Unlead,Loves Park,IL,15.0,0,0.0,1
2026-03-09 05:11:53,"0225 - Princeton, IL",Diesel,Princeton,IL,0.0,0,0.0,4
2026-03-09 05:11:53,"0225 - Princeton, IL",Unlead,Princeton,IL,0.0,0,0.0,2
2026-03-09 05:11:53,"0226 - Greenwood, IN",Diesel,Greenwood,IN,27.0,0,0.0,2
2026-03-09 05:11:53,"0226 - Greenwood, IN",Unlead,Greenwood,IN,27.0,0,0.0,2
2026-03-09 05:11:53,"0235 - Hampshire, IL",Diesel,Hampshire,IL,0.0,0,0.0,2
2026-03-09 05:11:53,"0235 - Hampshire, IL",Unlead,Hampshire,IL,24.0,0,0.0,2
2026-03-09 05:11:53,"0236 - East Troy, WI",Diesel,East Troy,WI,0.0,0,0.0,2
2026-03-09 05:11:53,"0236 - East Troy, WI",Unlead,East Troy,WI,0.0,0,0.0,1
2026-03-09 05:11:53,"0240 - Lake Station, IN",Diesel,Lake Station,IN,0.0,0,0.0,5
2026-03-09 05:11:53,"0240 - Lake Station, IN",Unlead,Lake Station,IN,29.0,0,0.0,2
2026-03-09 05:11:53,"0242 - St Robert, MO",Diesel,St Robert,MO,69.52499999999964,0,0.0,4
2026-03-09 05:11:53,"0263 - Ottawa, IL",Diesel,Ottawa,IL,0.0,0,0.0,3
2026-03-09 05:11:53,"0263 - Ottawa, IL",Unlead,Ottawa,IL,15.0,0,0.0,1
2026-03-09 05:11:53,"0265 - Dixon, IL",Diesel,Dixon,IL,0.0,0,0.0,3
2026-03-09 05:11:53,"0265 - Dixon, IL",Unlead,Dixon,IL,0.0,0,0.0,1
2026-03-09 05:11:53,"0266 - New Berlin, IL",Diesel,New Berlin,IL,0.0,0,0.0,3
2026-03-09 05:11:53,"0266 - New Berlin, IL",Unlead,New Berlin,IL,3.246999999999389,0,0.0,1
2026-03-09 05:11:53,"0267 - Pharr, TX",Diesel,Pharr,TX,0.0,2,4911.0,4
2026-03-09 05:11:53,"0267 - Pharr, TX",Unlead,Pharr,TX,0.0,0,0.0,1
2026-03-09 05:11:53,"0268 - Grayville, IL",Diesel,Grayville,IL,0.0,0,0.0,3
2026-03-09 05:11:53,"0268 - Grayville, IL",Unlead,Grayville,IL,14.0,0,0.0,1
2026-03-09 05:11:53,"0269 - Marshall, IL",Diesel,Marshall,IL,0.0,0,0.0,3
2026-03-09 05:11:53,"0269 - Marshall, IL",Unlead,Marshall,IL,22.0,0,0.0,1
2026-03-09 05:11:53,"0270 - Moore, TX",Diesel,Moore,TX,83.0,0,0.0,3
2026-03-09 05:11:53,"0270 - Moore, TX",Unlead,Moore,TX,32.0,0,0.0,1
2026-03-09 05:11:53,"0271 - Odessa, TX",Diesel,Odessa,TX,69.02540000000045,0,0.0,3
2026-03-09 05:11:53,"0271 - Odessa, TX",Unlead,Odessa,TX,0.0,0,0.0,1
2026-03-09 05:11:53,"0272 - Encinal, TX",Diesel,Encinal,TX,0.0,0,0.0,3
2026-03-09 05:11:53,"0272 - Encinal, TX",Unlead,Encinal,TX,0.0,0,0.0,1
2026-03-09 05:11:53,"0273 - Combes, TX",Diesel,Combes,TX,0.0,0,0.0,3
2026-03-09 05:11:53,"0273 - Combes, TX",Unlead,Combes,TX,11.836999999999534,0,0.0,1
2026-03-09 05:11:53,"0275 - Sonora, TX",Diesel,Sonora,TX,0.0,0,0.0,3
2026-03-09 05:11:53,"0275 - Sonora, TX",Unlead,Sonora,TX,32.07080000000042,0,0.0,1
2026-03-09 05:11:53,"0276 - Waco, TX",Diesel,Waco,TX,388.27499999999964,0,0.0,3
2026-03-09 05:11:53,"0276 - Waco, TX",Unlead,Waco,TX,8.215000000000146,0,0.0,1
2026-03-09 05:11:53,"0277 - New Boston, TX",Diesel,New Boston,TX,0.0,0,0.0,3
2026-03-09 05:11:53,"0277 - New Boston, TX",Unlead,New Boston,TX,0.0,0,0.0,1
2026-03-09 05:11:53,"0278 - Brinkley, AR",Diesel,Brinkley,AR,66.17830000000004,0,0.0,3
2026-03-09 05:11:53,"0278 - Brinkley, AR",Unlead,Brinkley,AR,0.0,0,0.0,1
2026-03-09 05:11:53,"0279 - Marion, IL",Diesel,Marion,IL,39.0580000000009,0,0.0,3
2026-03-09 05:11:53,"0279 - Marion, IL",Unlead,Marion,IL,33.634000000000015,0,0.0,1
2026-03-09 05:11:53,"0280 - Monahans, TX",Diesel,Monahans,TX,0.0,2,3018.792699999999,3
2026-03-09 05:11:53,"0280 - Monahans, TX",Unlead,Monahans,TX,8.700399999999718,0,0.0,1
2026-03-09 05:11:53,"0281 - Cisco, TX",Diesel,Cisco,TX,0.0,0,0.0,3
2026-03-09 05:11:53,"0281 - Cisco, TX",Unlead,Cisco,TX,0.0,0,0.0,1
2026-03-09 05:11:53,"0282 - Gainesville, TX",Diesel,Gainesville,TX,0.0,0,0.0,3
2026-03-09 05:11:53,"0282 - Gainesville, TX",Unlead,Gainesville,TX,27.362499999999272,0,0.0,1
2026-03-09 05:11:53,"0283 - Sealy, TX",Diesel,Sealy,TX,120.0570000000007,0,0.0,3
2026-03-09 05:11:53,"0283 - Sealy, TX",Unlead,Sealy,TX,0.0,0,0.0,1
2026-03-09 05:11:53,"0284 - New Deal, TX",Diesel,New Deal,TX,0.0,0,0.0,3
2026-03-09 05:11:53,"0284 - New Deal, TX",Unlead,New Deal,TX,20.287999999998647,0,0.0,1
2026-03-09 05:11:53,"0285 - Seguin, TX",Diesel,Seguin,TX,155.6260000000002,0,0.0,3
2026-03-09 05:11:53,"0285 - Seguin, TX",Unlead,Seguin,TX,23.29699999999866,0,0.0,1
2026-03-09 05:11:53,"0286 - Amarillo, TX",Diesel,Amarillo,TX,164.9320000000007,0,0.0,3
2026-03-09 05:11:53,"0286 - Amarillo, TX",Unlead,Amarillo,TX,9.212999999999738,0,0.0,1
2026-03-09 05:11:53,"0287 - Burbonnais, IL",Diesel,Burbonnais,IL,198.9969999999994,0,0.0,3
2026-03-09 05:11:53,"0287 - Burbonnais, IL",Unlead,Burbonnais,IL,48.67860000000019,0,0.0,1
2026-03-09 05:11:53,"0289 - Teague, TX",Diesel,Teague,TX,55.54000000000087,0,0.0,3
2026-03-09 05:11:53,"0289 - Teague, TX",Unlead,Teague,TX,53.27900000000045,0,0.0,1
2026-03-09 05:11:53,"0290 - Joplin, MO",Diesel,Joplin,MO,0.0,0,0.0,3
2026-03-09 05:11:53,"0290 - Joplin, MO",Unlead,Joplin,MO,0.0,0,0.0,1
2026-03-09 05:11:53,"0312 - Vidor, TX",Diesel,Vidor,TX,162.42899999999827,0,0.0,3
2026-03-09 05:11:53,"0312 - Vidor, TX",Unlead,Vidor,TX,14.646300000000338,0,0.0,1
2026-03-09 05:11:53,"0315 - Laredo, TX",Diesel,Laredo,TX,0.0,0,0.0,3
2026-03-09 05:11:53,"0315 - Laredo, TX",Unlead,Laredo,TX,13.127000000000407,0,0.0,1
2026-03-09 05:11:53,"0319 - Milford, TX",Diesel,Milford,TX,0.0,0,0.0,3
2026-03-09 05:11:53,"0319 - Milford, TX",Unlead,Milford,TX,11.745600000000195,0,0.0,1
2026-03-09 05:11:53,"0323 - Canton, TX",Diesel,Canton,TX,36.91700000000128,0,0.0,3
2026-03-09 05:11:53,"0323 - Canton, TX",Unlead,Canton,TX,27.239999999997963,0,0.0,1
2026-03-09 05:26:56,"0118 - Springfield, IL",Diesel,Springfield,IL,29.0,0,0.0,3
2026-03-09 05:26:56,"0118 - Springfield, IL",Unlead,Springfield,IL,33.0,0,0.0,1
2026-03-09 05:26:56,"0132 - Champaign, IL",Diesel,Champaign,IL,125.125,0,0.0,3
2026-03-09 05:26:56,"0132 - Champaign, IL",Unlead,Champaign,IL,0.0,0,0.0,1
2026-03-09 05:26:56,"0136 - Cottage Grove, WI",Diesel,Cottage Grove,WI,38.68299999999999,0,0.0,2
2026-03-09 05:26:56,"0136 - Cottage Grove, WI",Unlead,Cottage Grove,WI,13.965000000000146,0,0.0,1
2026-03-09 05:26:56,"0139 - Tuscola, IL",Diesel,Tuscola,IL,0.0,0,0.0,1
2026-03-09 05:26:56,"0139 - Tuscola, IL",Unlead,Tuscola,IL,16.0,0,0.0,2
2026-03-09 05:26:56,"0140 - Mendota, IL",Diesel,Mendota,IL,152.0,0,0.0,2
2026-03-09 05:26:56,"0140 - Mendota, IL",Unlead,Mendota,IL,38.0,0,0.0,2
2026-03-09 05:26:56,"0141 - Brazil, IN",Diesel,Brazil,IN,66.53309999999965,0,0.0,4
2026-03-09 05:26:56,"0141 - Brazil, IN",Unlead,Brazil,IN,8.0,0,0.0,1
2026-03-09 05:26:56,"0144 - Elk Run Height, IA",Diesel,Elk Run Height,IA,0.0,0,0.0,4
2026-03-09 05:26:56,"0144 - Elk Run Height, IA",Unlead,Elk Run Height,IA,0.0,0,0.0,2
2026-03-09 05:26:56,"0145 - Fenton, MO",Diesel,Fenton,MO,30.0,0,0.0,2
2026-03-09 05:26:56,"0145 - Fenton, MO",Unlead,Fenton,MO,18.0,0,0.0,1
2026-03-09 05:26:56,"0157 - Okawville, IL",Diesel,Okawville,IL,0.0,0,0.0,3
2026-03-09 05:26:56,"0157 - Okawville, IL",Unlead,Okawville,IL,6.219600000000355,0,0.0,1
2026-03-09 05:26:56,"0181 - Springfield, IL",Diesel,Springfield,IL,0.0,0,0.0,3
2026-03-09 05:26:56,"0181 - Springfield, IL",Unlead,Springfield,IL,6.402000000000044,0,0.0,1
2026-03-09 05:26:56,"0185 - McLean, IL",Diesel,McLean,IL,176.25800000000163,0,0.0,4
2026-03-09 05:26:56,"0185 - McLean, IL",Unlead,McLean,IL,27.70299999999952,0,0.0,1
2026-03-09 05:26:56,"0186 - Minonk, IL",Diesel,Minonk,IL,0.0,0,0.0,3
2026-03-09 05:26:56,"0186 - Minonk, IL",Unlead,Minonk,IL,0.0,0,0.0,1
2026-03-09 05:26:56,"0187 - Chicago, IL",Diesel,Chicago,IL,239.0,0,0.0,3
2026-03-09 05:26:56,"0187 - Chicago, IL",Unlead,Chicago,IL,8.947699999999713,0,0.0,1
2026-03-09 05:26:56,"0203 - Rockford, IL",Diesel,Rockford,IL,0.0,0,0.0,1
2026-03-09 05:26:56,"0203 - Rockford, IL",Unlead,Rockford,IL,45.26299999999901,0,0.0,1
2026-03-09 05:26:56,"0205 - South Beloit, IL",Diesel,South Beloit,IL,0.0,0,0.0,3
2026-03-09 05:26:56,"0205 - South Beloit, IL",Unlead,South Beloit,IL,18.0,0,0.0,1
2026-03-09 05:26:56,"0206 - Winnebago, IL",Diesel,Winnebago,IL,0.0,0,0.0,1
2026-03-09 05:26:56,"0206 - Winnebago, IL",Unlead,Winnebago,IL,64.0,0,0.0,1
2026-03-09 05:26:56,"0209 - Oakdale, WI",Diesel,Oakdale,WI,138.0,0,0.0,3
2026-03-09 05:26:56,"0209 - Oakdale, WI",Unlead,Oakdale,WI,27.0,0,0.0,1
2026-03-09 05:26:56,"0210 - Rochelle, IL",Diesel,Rochelle,IL,0.0,0,0.0,3
2026-03-09 05:26:56,"0210 - Rochelle, IL",Unlead,Rochelle,IL,13.0,0,0.0,1
2026-03-09 05:26:56,"0211 - Loves Park, IL",Diesel,Loves Park,IL,28.0,0,0.0,1
2026-03-09 05:26:56,"0211 - Loves Park, IL",Unlead,Loves Park,IL,8.0,0,0.0,1
2026-03-09 05:26:56,"0225 - Princeton, IL",Diesel,Princeton,IL,98.0,0,0.0,4
2026-03-09 05:26:56,"0225 - Princeton, IL",Unlead,Princeton,IL,0.0,0,0.0,2
2026-03-09 05:26:56,"0226 - Greenwood, IN",Diesel,Greenwood,IN,114.0,0,0.0,2
2026-03-09 05:26:56,"0226 - Greenwood, IN",Unlead,Greenwood,IN,35.0,0,0.0,2
2026-03-09 05:26:56,"0235 - Hampshire, IL",Diesel,Hampshire,IL,81.0,0,0.0,2
2026-03-09 05:26:56,"0235 - Hampshire, IL",Unlead,Hampshire,IL,84.0,0,0.0,2
2026-03-09 05:26:56,"0236 - East Troy, WI",Diesel,East Troy,WI,0.0,0,0.0,2
2026-03-09 05:26:56,"0236 - East Troy, WI",Unlead,East Troy,WI,0.0,0,0.0,1
2026-03-09 05:26:56,"0240 - Lake Station, IN",Diesel,Lake Station,IN,201.0,0,0.0,5
2026-03-09 05:26:56,"0240 - Lake Station, IN",Unlead,Lake Station,IN,26.0,0,0.0,2
2026-03-09 05:26:56,"0242 - St Robert, MO",Diesel,St Robert,MO,0.0,0,0.0,4
2026-03-09 05:26:56,"0263 - Ottawa, IL",Diesel,Ottawa,IL,179.0,0,0.0,3
2026-03-09 05:26:56,"0263 - Ottawa, IL",Unlead,Ottawa,IL,53.0,0,0.0,1
2026-03-09 05:26:56,"0265 - Dixon, IL",Diesel,Dixon,IL,40.23500000000058,0,0.0,3
2026-03-09 05:26:56,"0265 - Dixon, IL",Unlead,Dixon,IL,0.0,0,0.0,1
2026-03-09 05:26:56,"0266 - New Berlin, IL",Diesel,New Berlin,IL,0.0,0,0.0,3
2026-03-09 05:26:56,"0266 - New Berlin, IL",Unlead,New Berlin,IL,29.974500000000262,0,0.0,1
2026-03-09 05:26:56,"0267 - Pharr, TX",Diesel,Pharr,TX,0.0,1,2826.0,4
2026-03-09 05:26:56,"0267 - Pharr, TX",Unlead,Pharr,TX,0.0,0,0.0,1
2026-03-09 05:26:56,"0268 - Grayville, IL",Diesel,Grayville,IL,159.0,0,0.0,3
2026-03-09 05:26:56,"0268 - Grayville, IL",Unlead,Grayville,IL,28.0,0,0.0,1
2026-03-09 05:26:56,"0269 - Marshall, IL",Diesel,Marshall,IL,0.0,0,0.0,3
2026-03-09 05:26:56,"0269 - Marshall, IL",Unlead,Marshall,IL,10.0,0,0.0,1
2026-03-09 05:26:56,"0270 - Moore, TX",Diesel,Moore,TX,124.0,0,0.0,3
2026-03-09 05:26:56,"0270 - Moore, TX",Unlead,Moore,TX,9.0,0,0.0,1
2026-03-09 05:26:56,"0271 - Odessa, TX",Diesel,Odessa,TX,122.72399999999925,0,0.0,3
2026-03-09 05:26:56,"0271 - Odessa, TX",Unlead,Odessa,TX,36.55329999999958,0,0.0,1
2026-03-09 05:26:56,"0272 - Encinal, TX",Diesel,Encinal,TX,15.466999999998734,0,0.0,3
2026-03-09 05:26:56,"0272 - Encinal, TX",Unlead,Encinal,TX,6.505999999999403,0,0.0,1
2026-03-09 05:26:56,"0273 - Combes, TX",Diesel,Combes,TX,0.0,0,0.0,3
2026-03-09 05:26:56,"0273 - Combes, TX",Unlead,Combes,TX,20.487999999999374,0,0.0,1
2026-03-09 05:26:56,"0275 - Sonora, TX",Diesel,Sonora,TX,0.0,0,0.0,3
2026-03-09 05:26:56,"0275 - Sonora, TX",Unlead,Sonora,TX,12.096399999999448,0,0.0,1
2026-03-09 05:26:56,"0276 - Waco, TX",Diesel,Waco,TX,41.64400000000023,0,0.0,3
2026-03-09 05:26:56,"0276 - Waco, TX",Unlead,Waco,TX,18.415500000000975,0,0.0,1
2026-03-09 05:26:56,"0277 - New Boston, TX",Diesel,New Boston,TX,0.0,0,0.0,3
2026-03-09 05:26:56,"0277 - New Boston, TX",Unlead,New Boston,TX,0.0,0,0.0,1
2026-03-09 05:26:56,"0278 - Brinkley, AR",Diesel,Brinkley,AR,0.0,0,0.0,3
2026-03-09 05:26:56,"0278 - Brinkley, AR",Unlead,Brinkley,AR,6.961999999999534,0,0.0,1
2026-03-09 05:26:56,"0279 - Marion, IL",Diesel,Marion,IL,93.83199999999852,0,0.0,3
2026-03-09 05:26:56,"0279 - Marion, IL",Unlead,Marion,IL,7.289000000000669,0,0.0,1
2026-03-09 05:26:56,"0280 - Monahans, TX",Diesel,Monahans,TX,0.0,2,4562.037000000002,3
2026-03-09 05:26:56,"0280 - Monahans, TX",Unlead,Monahans,TX,65.3100000000004,0,0.0,1
2026-03-09 05:26:56,"0281 - Cisco, TX",Diesel,Cisco,TX,0.0,0,0.0,3
2026-03-09 05:26:56,"0281 - Cisco, TX",Unlead,Cisco,TX,0.0,0,0.0,1
2026-03-09 05:26:56,"0282 - Gainesville, TX",Diesel,Gainesville,TX,0.0,0,0.0,3
2026-03-09 05:26:56,"0282 - Gainesville, TX",Unlead,Gainesville,TX,0.0,0,0.0,1
2026-03-09 05:26:56,"0283 - Sealy, TX",Diesel,Sealy,TX,218.8839999999982,0,0.0,3
2026-03-09 05:26:56,"0283 - Sealy, TX",Unlead,Sealy,TX,38.24499999999898,0,0.0,1
2026-03-09 05:26:56,"0284 - New Deal, TX",Diesel,New Deal,TX,0.0,0,0.0,3
2026-03-09 05:26:56,"0284 - New Deal, TX",Unlead,New Deal,TX,0.0,0,0.0,1
2026-03-09 05:26:56,"0285 - Seguin, TX",Diesel,Seguin,TX,0.0,0,0.0,3
2026-03-09 05:26:56,"0285 - Seguin, TX",Unlead,Seguin,TX,22.615999999999985,0,0.0,1
2026-03-09 05:26:56,"0286 - Amarillo, TX",Diesel,Amarillo,TX,82.03299999999945,0,0.0,3
2026-03-09 05:26:56,"0286 - Amarillo, TX",Unlead,Amarillo,TX,12.352000000000771,0,0.0,1
2026-03-09 05:26:56,"0287 - Burbonnais, IL",Diesel,Burbonnais,IL,108.5609999999997,0,0.0,3
2026-03-09 05:26:56,"0287 - Burbonnais, IL",Unlead,Burbonnais,IL,21.89599999999973,0,0.0,1
2026-03-09 05:26:56,"0289 - Teague, TX",Diesel,Teague,TX,61.14600000000064,0,0.0,3
2026-03-09 05:26:56,"0289 - Teague, TX",Unlead,Teague,TX,39.335000000000946,0,0.0,1
2026-03-09 05:26:56,"0290 - Joplin, MO",Diesel,Joplin,MO,0.0,0,0.0,3
2026-03-09 05:26:56,"0290 - Joplin, MO",Unlead,Joplin,MO,3.4359999999996944,0,0.0,1
2026-03-09 05:26:56,"0312 - Vidor, TX",Diesel,Vidor,TX,0.0,0,0.0,3
2026-03-09 05:26:56,"0312 - Vidor, TX",Unlead,Vidor,TX,38.67519999999968,0,0.0,1
2026-03-09 05:26:56,"0315 - Laredo, TX",Diesel,Laredo,TX,0.0,0,0.0,3
2026-03-09 05:26:56,"0315 - Laredo, TX",Unlead,Laredo,TX,11.1875,0,0.0,1
2026-03-09 05:26:56,"0319 - Milford, TX",Diesel,Milford,TX,52.2400000000016,0,0.0,3
2026-03-09 05:26:56,"0319 - Milford, TX",Unlead,Milford,TX,72.61740000000009,0,0.0,1
2026-03-09 05:26:56,"0323 - Canton, TX",Diesel,Canton,TX,42.163000000000466,0,0.0,3
2026-03-09 05:26:56,"0323 - Canton, TX",Unlead,Canton,TX,9.528000000002066,0,0.0,1
2026-03-09 05:42:00,"0118 - Springfield, IL",Diesel,Springfield,IL,34.0,0,0.0,3
2026-03-09 05:42:00,"0118 - Springfield, IL",Unlead,Springfield,IL,0.0,0,0.0,1
2026-03-09 05:42:00,"0132 - Champaign, IL",Diesel,Champaign,IL,80.60999999999876,0,0.0,3
2026-03-09 05:42:00,"0132 - Champaign, IL",Unlead,Champaign,IL,38.138999999999214,0,0.0,1
2026-03-09 05:42:00,"0136 - Cottage Grove, WI",Diesel,Cottage Grove,WI,108.93299999999908,0,0.0,2
2026-03-09 05:42:00,"0136 - Cottage Grove, WI",Unlead,Cottage Grove,WI,0.0,0,0.0,1
2026-03-09 05:42:00,"0139 - Tuscola, IL",Diesel,Tuscola,IL,0.0,0,0.0,1
2026-03-09 05:42:00,"0139 - Tuscola, IL",Unlead,Tuscola,IL,42.0,0,0.0,2
2026-03-09 05:42:00,"0140 - Mendota, IL",Diesel,Mendota,IL,7.0,0,0.0,2
2026-03-09 05:42:00,"0140 - Mendota, IL",Unlead,Mendota,IL,15.0,0,0.0,2
2026-03-09 05:42:00,"0141 - Brazil, IN",Diesel,Brazil,IN,17.147799999999734,0,0.0,4
2026-03-09 05:42:00,"0141 - Brazil, IN",Unlead,Brazil,IN,8.0,0,0.0,1
2026-03-09 05:42:00,"0144 - Elk Run Height, IA",Diesel,Elk Run Height,IA,0.0,0,0.0,4
2026-03-09 05:42:00,"0144 - Elk Run Height, IA",Unlead,Elk Run Height,IA,0.0,0,0.0,2
2026-03-09 05:42:00,"0145 - Fenton, MO",Diesel,Fenton,MO,29.0,0,0.0,2
2026-03-09 05:42:00,"0145 - Fenton, MO",Unlead,Fenton,MO,21.0,0,0.0,1
2026-03-09 05:42:00,"0157 - Okawville, IL",Diesel,Okawville,IL,0.0,0,0.0,3
2026-03-09 05:42:00,"0157 - Okawville, IL",Unlead,Okawville,IL,8.722399999999652,0,0.0,1
2026-03-09 05:42:00,"0181 - Springfield, IL",Diesel,Springfield,IL,52.142399999999725,0,0.0,3
2026-03-09 05:42:00,"0181 - Springfield, IL",Unlead,Springfield,IL,0.0,0,0.0,1
2026-03-09 05:42:00,"0185 - McLean, IL",Diesel,McLean,IL,54.01400000000103,0,0.0,4
2026-03-09 05:42:00,"0185 - McLean, IL",Unlead,McLean,IL,47.66200000000026,0,0.0,1
2026-03-09 05:42:00,"0186 - Minonk, IL",Diesel,Minonk,IL,0.0,0,0.0,3
2026-03-09 05:42:00,"0186 - Minonk, IL",Unlead,Minonk,IL,0.0,0,0.0,1
2026-03-09 05:42:00,"0187 - Chicago, IL",Diesel,Chicago,IL,267.0,0,0.0,3
2026-03-09 05:42:00,"0187 - Chicago, IL",Unlead,Chicago,IL,23.45170000000053,0,0.0,1
2026-03-09 05:42:00,"0203 - Rockford, IL",Diesel,Rockford,IL,0.0,0,0.0,1
2026-03-09 05:42:00,"0203 - Rockford, IL",Unlead,Rockford,IL,15.485000000000582,0,0.0,1
2026-03-09 05:42:00,"0205 - South Beloit, IL",Diesel,South Beloit,IL,0.0,0,0.0,3
2026-03-09 05:42:00,"0205 - South Beloit, IL",Unlead,South Beloit,IL,0.0,0,0.0,1
2026-03-09 05:42:00,"0206 - Winnebago, IL",Diesel,Winnebago,IL,0.0,0,0.0,1
2026-03-09 05:42:00,"0206 - Winnebago, IL",Unlead,Winnebago,IL,0.0,0,0.0,1
2026-03-09 05:42:00,"0209 - Oakdale, WI",Diesel,Oakdale,WI,158.0,0,0.0,3
2026-03-09 05:42:00,"0209 - Oakdale, WI",Unlead,Oakdale,WI,15.0,0,0.0,1
2026-03-09 05:42:00,"0210 - Rochelle, IL",Diesel,Rochelle,IL,61.0,0,0.0,3
2026-03-09 05:42:00,"0210 - Rochelle, IL",Unlead,Rochelle,IL,72.0,0,0.0,1
2026-03-09 05:42:00,"0211 - Loves Park, IL",Diesel,Loves Park,IL,0.0,0,0.0,1
2026-03-09 05:42:00,"0211 - Loves Park, IL",Unlead,Loves Park,IL,25.0,0,0.0,1
2026-03-09 05:42:00,"0225 - Princeton, IL",Diesel,Princeton,IL,52.0,0,0.0,4
2026-03-09 05:42:00,"0225 - Princeton, IL",Unlead,Princeton,IL,2.0,0,0.0,2
2026-03-09 05:42:00,"0226 - Greenwood, IN",Diesel,Greenwood,IN,145.0,0,0.0,2
2026-03-09 05:42:00,"0226 - Greenwood, IN",Unlead,Greenwood,IN,22.0,0,0.0,2
2026-03-09 05:42:00,"0235 - Hampshire, IL",Diesel,Hampshire,IL,76.0,0,0.0,2
2026-03-09 05:42:00,"0235 - Hampshire, IL",Unlead,Hampshire,IL,58.0,0,0.0,2
2026-03-09 05:42:00,"0236 - East Troy, WI",Diesel,East Troy,WI,0.0,0,0.0,2
2026-03-09 05:42:00,"0236 - East Troy, WI",Unlead,East Troy,WI,0.0,0,0.0,1
2026-03-09 05:42:00,"0240 - Lake Station, IN",Diesel,Lake Station,IN,373.0,0,0.0,5
2026-03-09 05:42:00,"0240 - Lake Station, IN",Unlead,Lake Station,IN,12.0,0,0.0,2
2026-03-09 05:42:00,"0242 - St Robert, MO",Diesel,St Robert,MO,0.0,0,0.0,4
2026-03-09 05:42:00,"0263 - Ottawa, IL",Diesel,Ottawa,IL,0.0,0,0.0,3
2026-03-09 05:42:00,"0263 - Ottawa, IL",Unlead,Ottawa,IL,4.0,0,0.0,1
2026-03-09 05:42:00,"0265 - Dixon, IL",Diesel,Dixon,IL,157.7059999999983,0,0.0,3
2026-03-09 05:42:00,"0265 - Dixon, IL",Unlead,Dixon,IL,0.0,0,0.0,1
2026-03-09 05:42:00,"0266 - New Berlin, IL",Diesel,New Berlin,IL,10.0,0,0.0,3
2026-03-09 05:42:00,"0266 - New Berlin, IL",Unlead,New Berlin,IL,0.0,0,0.0,1
2026-03-09 05:42:00,"0267 - Pharr, TX",Diesel,Pharr,TX,10.0,0,0.0,4
2026-03-09 05:42:00,"0267 - Pharr, TX",Unlead,Pharr,TX,0.0,0,0.0,1
2026-03-09 05:42:00,"0268 - Grayville, IL",Diesel,Grayville,IL,28.0,0,0.0,3
2026-03-09 05:42:00,"0268 - Grayville, IL",Unlead,Grayville,IL,10.0,0,0.0,1
2026-03-09 05:42:00,"0269 - Marshall, IL",Diesel,Marshall,IL,0.0,0,0.0,3
2026-03-09 05:42:00,"0269 - Marshall, IL",Unlead,Marshall,IL,36.0,0,0.0,1
2026-03-09 05:42:00,"0270 - Moore, TX",Diesel,Moore,TX,0.0,1,707.0,3
2026-03-09 05:42:00,"0270 - Moore, TX",Unlead,Moore,TX,37.0,0,0.0,1
2026-03-09 05:42:00,"0271 - Odessa, TX",Diesel,Odessa,TX,143.75469999999996,0,0.0,3
2026-03-09 05:42:00,"0271 - Odessa, TX",Unlead,Odessa,TX,18.628900000000613,0,0.0,1
2026-03-09 05:42:00,"0272 - Encinal, TX",Diesel,Encinal,TX,49.88400000000183,0,0.0,3
2026-03-09 05:42:00,"0272 - Encinal, TX",Unlead,Encinal,TX,32.27399999999943,0,0.0,1
2026-03-09 05:42:00,"0273 - Combes, TX",Diesel,Combes,TX,0.0,0,0.0,3
2026-03-09 05:42:00,"0273 - Combes, TX",Unlead,Combes,TX,37.85200000000077,0,0.0,1
2026-03-09 05:42:00,"0275 - Sonora, TX",Diesel,Sonora,TX,15.682000000000698,0,0.0,3
2026-03-09 05:42:00,"0275 - Sonora, TX",Unlead,Sonora,TX,36.187700000000405,0,0.0,1
2026-03-09 05:42:00,"0276 - Waco, TX",Diesel,Waco,TX,61.60900000000038,0,0.0,3
2026-03-09 05:42:00,"0276 - Waco, TX",Unlead,Waco,TX,9.67149999999856,0,0.0,1
2026-03-09 05:42:00,"0277 - New Boston, TX",Diesel,New Boston,TX,0.0,0,0.0,3
2026-03-09 05:42:00,"0277 - New Boston, TX",Unlead,New Boston,TX,12.612300000000687,0,0.0,1
2026-03-09 05:42:00,"0278 - Brinkley, AR",Diesel,Brinkley,AR,43.92619999999988,0,0.0,3
2026-03-09 05:42:00,"0278 - Brinkley, AR",Unlead,Brinkley,AR,33.86700000000019,0,0.0,1
2026-03-09 05:42:00,"0279 - Marion, IL",Diesel,Marion,IL,42.874000000001615,0,0.0,3
2026-03-09 05:42:00,"0279 - Marion, IL",Unlead,Marion,IL,16.477999999999156,0,0.0,1
2026-03-09 05:42:00,"0280 - Monahans, TX",Diesel,Monahans,TX,12.946000000001732,0,0.0,3
2026-03-09 05:42:00,"0280 - Monahans, TX",Unlead,Monahans,TX,35.501000000000204,0,0.0,1
2026-03-09 05:42:00,"0281 - Cisco, TX",Diesel,Cisco,TX,0.0,0,0.0,3
2026-03-09 05:42:00,"0281 - Cisco, TX",Unlead,Cisco,TX,0.0,0,0.0,1
2026-03-09 05:42:00,"0282 - Gainesville, TX",Diesel,Gainesville,TX,24.342000000000553,0,0.0,3
2026-03-09 05:42:00,"0282 - Gainesville, TX",Unlead,Gainesville,TX,0.0,0,0.0,1
2026-03-09 05:42:00,"0283 - Sealy, TX",Diesel,Sealy,TX,456.3240000000005,0,0.0,3
2026-03-09 05:42:00,"0283 - Sealy, TX",Unlead,Sealy,TX,0.0,0,0.0,1
2026-03-09 05:42:00,"0284 - New Deal, TX",Diesel,New Deal,TX,0.0,0,0.0,3
2026-03-09 05:42:00,"0284 - New Deal, TX",Unlead,New Deal,TX,22.63299999999981,0,0.0,1
2026-03-09 05:42:00,"0285 - Seguin, TX",Diesel,Seguin,TX,89.82800000000134,0,0.0,3
2026-03-09 05:42:00,"0285 - Seguin, TX",Unlead,Seguin,TX,5.657000000001062,0,0.0,1
2026-03-09 05:42:00,"0286 - Amarillo, TX",Diesel,Amarillo,TX,0.0,0,0.0,3
2026-03-09 05:42:00,"0286 - Amarillo, TX",Unlead,Amarillo,TX,0.0,0,0.0,1
2026-03-09 05:42:00,"0287 - Burbonnais, IL",Diesel,Burbonnais,IL,0.0,0,0.0,3
2026-03-09 05:42:00,"0287 - Burbonnais, IL",Unlead,Burbonnais,IL,15.79700000000048,0,0.0,1
2026-03-09 05:42:00,"0289 - Teague, TX",Diesel,Teague,TX,0.0,0,0.0,3
2026-03-09 05:42:00,"0289 - Teague, TX",Unlead,Teague,TX,5.048999999999069,0,0.0,1
2026-03-09 05:42:00,"0290 - Joplin, MO",Diesel,Joplin,MO,0.0,0,0.0,3
2026-03-09 05:42:00,"0290 - Joplin, MO",Unlead,Joplin,MO,0.0,0,0.0,1
2026-03-09 05:42:00,"0312 - Vidor, TX",Diesel,Vidor,TX,0.0,0,0.0,3
2026-03-09 05:42:00,"0312 - Vidor, TX",Unlead,Vidor,TX,0.0,0,0.0,1
2026-03-09 05:42:00,"0315 - Laredo, TX",Diesel,Laredo,TX,49.05699999999888,0,0.0,3
2026-03-09 05:42:00,"0315 - Laredo, TX",Unlead,Laredo,TX,0.0,0,0.0,1
2026-03-09 05:42:00,"0319 - Milford, TX",Diesel,Milford,TX,8.667999999999665,0,0.0,3
2026-03-09 05:42:00,"0319 - Milford, TX",Unlead,Milford,TX,51.35869999999977,0,0.0,1
2026-03-09 05:42:00,"0323 - Canton, TX",Diesel,Canton,TX,27.718000000000757,0,0.0,3
2026-03-09 05:42:00,"0323 - Canton, TX",Unlead,Canton,TX,18.54899999999907,0,0.0,1
2026-03-09 05:57:04,"0118 - Springfield, IL",Diesel,Springfield,IL,65.0,0,0.0,3
2026-03-09 05:57:04,"0118 - Springfield, IL",Unlead,Springfield,IL,0.0,0,0.0,1
2026-03-09 05:57:04,"0132 - Champaign, IL",Diesel,Champaign,IL,20.644000000000233,0,0.0,3
2026-03-09 05:57:04,"0132 - Champaign, IL",Unlead,Champaign,IL,92.03850000000057,0,0.0,1
2026-03-09 05:57:04,"0136 - Cottage Grove, WI",Diesel,Cottage Grove,WI,0.0,0,0.0,2
2026-03-09 05:57:04,"0136 - Cottage Grove, WI",Unlead,Cottage Grove,WI,0.0,0,0.0,1
2026-03-09 05:57:04,"0139 - Tuscola, IL",Diesel,Tuscola,IL,0.0,0,0.0,1
2026-03-09 05:57:04,"0139 - Tuscola, IL",Unlead,Tuscola,IL,34.0,0,0.0,2
2026-03-09 05:57:04,"0140 - Mendota, IL",Diesel,Mendota,IL,0.0,0,0.0,2
2026-03-09 05:57:04,"0140 - Mendota, IL",Unlead,Mendota,IL,70.0,0,0.0,2
2026-03-09 05:57:04,"0141 - Brazil, IN",Diesel,Brazil,IN,11.035300000000461,0,0.0,4
2026-03-09 05:57:04,"0141 - Brazil, IN",Unlead,Brazil,IN,0.0,0,0.0,1
2026-03-09 05:57:04,"0144 - Elk Run Height, IA",Diesel,Elk Run Height,IA,0.0,0,0.0,4
2026-03-09 05:57:04,"0144 - Elk Run Height, IA",Unlead,Elk Run Height,IA,0.0,0,0.0,2
2026-03-09 05:57:04,"0145 - Fenton, MO",Diesel,Fenton,MO,0.0,0,0.0,2
2026-03-09 05:57:04,"0145 - Fenton, MO",Unlead,Fenton,MO,10.0,0,0.0,1
2026-03-09 05:57:04,"0157 - Okawville, IL",Diesel,Okawville,IL,185.0,0,0.0,3
2026-03-09 05:57:04,"0157 - Okawville, IL",Unlead,Okawville,IL,0.0,0,0.0,1
2026-03-09 05:57:04,"0181 - Springfield, IL",Diesel,Springfield,IL,70.61359999999968,0,0.0,3
2026-03-09 05:57:04,"0181 - Springfield, IL",Unlead,Springfield,IL,0.0,0,0.0,1
2026-03-09 05:57:04,"0185 - McLean, IL",Diesel,McLean,IL,232.89700000000084,0,0.0,4
2026-03-09 05:57:04,"0185 - McLean, IL",Unlead,McLean,IL,0.0,0,0.0,1
2026-03-09 05:57:04,"0186 - Minonk, IL",Diesel,Minonk,IL,0.0,0,0.0,3
2026-03-09 05:57:04,"0186 - Minonk, IL",Unlead,Minonk,IL,14.720999999999549,0,0.0,1
2026-03-09 05:57:04,"0187 - Chicago, IL",Diesel,Chicago,IL,95.0,0,0.0,3
2026-03-09 05:57:04,"0187 - Chicago, IL",Unlead,Chicago,IL,15.636199999999917,0,0.0,1
2026-03-09 05:57:04,"0203 - Rockford, IL",Diesel,Rockford,IL,0.0,0,0.0,1
2026-03-09 05:57:04,"0203 - Rockford, IL",Unlead,Rockford,IL,19.31999999999971,0,0.0,1
2026-03-09 05:57:04,"0205 - South Beloit, IL",Diesel,South Beloit,IL,0.0,0,0.0,3
2026-03-09 05:57:04,"0205 - South Beloit, IL",Unlead,South Beloit,IL,8.0,0,0.0,1
2026-03-09 05:57:04,"0206 - Winnebago, IL",Diesel,Winnebago,IL,0.0,0,0.0,1
2026-03-09 05:57:04,"0206 - Winnebago, IL",Unlead,Winnebago,IL,0.0,0,0.0,1
2026-03-09 05:57:04,"0209 - Oakdale, WI",Diesel,Oakdale,WI,0.0,0,0.0,3
2026-03-09 05:57:04,"0209 - Oakdale, WI",Unlead,Oakdale,WI,36.0,0,0.0,1
2026-03-09 05:57:04,"0210 - Rochelle, IL",Diesel,Rochelle,IL,0.0,0,0.0,3
2026-03-09 05:57:04,"0210 - Rochelle, IL",Unlead,Rochelle,IL,37.0,0,0.0,1
2026-03-09 05:57:04,"0211 - Loves Park, IL",Diesel,Loves Park,IL,0.0,0,0.0,1
2026-03-09 05:57:04,"0211 - Loves Park, IL",Unlead,Loves Park,IL,56.0,0,0.0,1
2026-03-09 05:57:04,"0225 - Princeton, IL",Diesel,Princeton,IL,6.0,0,0.0,4
2026-03-09 05:57:04,"0225 - Princeton, IL",Unlead,Princeton,IL,0.0,0,0.0,2
2026-03-09 05:57:04,"0226 - Greenwood, IN",Diesel,Greenwood,IN,207.0,0,0.0,2
2026-03-09 05:57:04,"0226 - Greenwood, IN",Unlead,Greenwood,IN,0.0,0,0.0,2
2026-03-09 05:57:04,"0235 - Hampshire, IL",Diesel,Hampshire,IL,53.0,0,0.0,2
2026-03-09 05:57:04,"0235 - Hampshire, IL",Unlead,Hampshire,IL,36.0,0,0.0,2
2026-03-09 05:57:04,"0236 - East Troy, WI",Diesel,East Troy,WI,0.0,0,0.0,2
2026-03-09 05:57:04,"0236 - East Troy, WI",Unlead,East Troy,WI,11.0,0,0.0,1
2026-03-09 05:57:04,"0240 - Lake Station, IN",Diesel,Lake Station,IN,341.0,0,0.0,5
2026-03-09 05:57:04,"0240 - Lake Station, IN",Unlead,Lake Station,IN,24.0,0,0.0,2
2026-03-09 05:57:04,"0242 - St Robert, MO",Diesel,St Robert,MO,0.0,0,0.0,4
2026-03-09 05:57:04,"0263 - Ottawa, IL",Diesel,Ottawa,IL,80.0,0,0.0,3
2026-03-09 05:57:04,"0263 - Ottawa, IL",Unlead,Ottawa,IL,28.0,0,0.0,1
2026-03-09 05:57:04,"0265 - Dixon, IL",Diesel,Dixon,IL,0.0,0,0.0,3
2026-03-09 05:57:04,"0265 - Dixon, IL",Unlead,Dixon,IL,0.0,0,0.0,1
2026-03-09 05:57:04,"0266 - New Berlin, IL",Diesel,New Berlin,IL,0.0,0,0.0,3
2026-03-09 05:57:04,"0266 - New Berlin, IL",Unlead,New Berlin,IL,0.0,0,0.0,1
2026-03-09 05:57:04,"0267 - Pharr, TX",Diesel,Pharr,TX,0.0,0,0.0,4
2026-03-09 05:57:04,"0267 - Pharr, TX",Unlead,Pharr,TX,0.0,0,0.0,1
2026-03-09 05:57:04,"0268 - Grayville, IL",Diesel,Grayville,IL,58.0,0,0.0,3
2026-03-09 05:57:04,"0268 - Grayville, IL",Unlead,Grayville,IL,0.0,0,0.0,1
2026-03-09 05:57:04,"0269 - Marshall, IL",Diesel,Marshall,IL,66.0,0,0.0,3
2026-03-09 05:57:04,"0269 - Marshall, IL",Unlead,Marshall,IL,7.0,0,0.0,1
2026-03-09 05:57:04,"0270 - Moore, TX",Diesel,Moore,TX,0.0,2,2814.0,3
2026-03-09 05:57:04,"0270 - Moore, TX",Unlead,Moore,TX,54.0,0,0.0,1
2026-03-09 05:57:04,"0271 - Odessa, TX",Diesel,Odessa,TX,0.0,0,0.0,3
2026-03-09 05:57:04,"0271 - Odessa, TX",Unlead,Odessa,TX,42.615200000000186,0,0.0,1
2026-03-09 05:57:04,"0272 - Encinal, TX",Diesel,Encinal,TX,65.34499999999935,0,0.0,3
2026-03-09 05:57:04,"0272 - Encinal, TX",Unlead,Encinal,TX,7.890999999999622,0,0.0,1
2026-03-09 05:57:04,"0273 - Combes, TX",Diesel,Combes,TX,0.0,0,0.0,3
2026-03-09 05:57:04,"0273 - Combes, TX",Unlead,Combes,TX,86.3140000000003,0,0.0,1
2026-03-09 05:57:04,"0275 - Sonora, TX",Diesel,Sonora,TX,132.65400000000045,0,0.0,3
2026-03-09 05:57:04,"0275 - Sonora, TX",Unlead,Sonora,TX,18.773299999999836,0,0.0,1
2026-03-09 05:57:04,"0276 - Waco, TX",Diesel,Waco,TX,272.84100000000035,0,0.0,3
2026-03-09 05:57:04,"0276 - Waco, TX",Unlead,Waco,TX,35.34400000000096,0,0.0,1
2026-03-09 05:57:04,"0277 - New Boston, TX",Diesel,New Boston,TX,0.0,0,0.0,3
2026-03-09 05:57:04,"0277 - New Boston, TX",Unlead,New Boston,TX,5.463699999999335,0,0.0,1
2026-03-09 05:57:04,"0278 - Brinkley, AR",Diesel,Brinkley,AR,203.32870000000003,0,0.0,3
2026-03-09 05:57:04,"0278 - Brinkley, AR",Unlead,Brinkley,AR,45.52100000000064,0,0.0,1
2026-03-09 05:57:04,"0279 - Marion, IL",Diesel,Marion,IL,0.0,0,0.0,3
2026-03-09 05:57:04,"0279 - Marion, IL",Unlead,Marion,IL,72.53399999999965,0,0.0,1
2026-03-09 05:57:04,"0280 - Monahans, TX",Diesel,Monahans,TX,174.03600000000006,0,0.0,3
2026-03-09 05:57:04,"0280 - Monahans, TX",Unlead,Monahans,TX,70.84699999999975,0,0.0,1
2026-03-09 05:57:04,"0281 - Cisco, TX",Diesel,Cisco,TX,0.0,0,0.0,3
2026-03-09 05:57:04,"0281 - Cisco, TX",Unlead,Cisco,TX,0.0,0,0.0,1
2026-03-09 05:57:04,"0282 - Gainesville, TX",Diesel,Gainesville,TX,0.0,0,0.0,3
2026-03-09 05:57:04,"0282 - Gainesville, TX",Unlead,Gainesville,TX,0.0,0,0.0,1
2026-03-09 05:57:04,"0283 - Sealy, TX",Diesel,Sealy,TX,166.14100000000144,0,0.0,3
2026-03-09 05:57:04,"0283 - Sealy, TX",Unlead,Sealy,TX,5.6599999999998545,0,0.0,1
2026-03-09 05:57:04,"0284 - New Deal, TX",Diesel,New Deal,TX,0.0,0,0.0,3
2026-03-09 05:57:04,"0284 - New Deal, TX",Unlead,New Deal,TX,7.360000000000582,0,0.0,1
2026-03-09 05:57:04,"0285 - Seguin, TX",Diesel,Seguin,TX,0.0,0,0.0,3
2026-03-09 05:57:04,"0285 - Seguin, TX",Unlead,Seguin,TX,13.028000000000247,0,0.0,1
2026-03-09 05:57:04,"0286 - Amarillo, TX",Diesel,Amarillo,TX,127.0570000000007,0,0.0,3
2026-03-09 05:57:04,"0286 - Amarillo, TX",Unlead,Amarillo,TX,0.0,0,0.0,1
2026-03-09 05:57:04,"0287 - Burbonnais, IL",Diesel,Burbonnais,IL,0.0,0,0.0,3
2026-03-09 05:57:04,"0287 - Burbonnais, IL",Unlead,Burbonnais,IL,82.60199999999986,0,0.0,1
2026-03-09 05:57:04,"0289 - Teague, TX",Diesel,Teague,TX,43.59599999999955,0,0.0,3
2026-03-09 05:57:04,"0289 - Teague, TX",Unlead,Teague,TX,44.89500000000044,0,0.0,1
2026-03-09 05:57:04,"0290 - Joplin, MO",Diesel,Joplin,MO,0.0,0,0.0,3
2026-03-09 05:57:04,"0290 - Joplin, MO",Unlead,Joplin,MO,25.78399999999965,0,0.0,1
2026-03-09 05:57:04,"0312 - Vidor, TX",Diesel,Vidor,TX,0.0,0,0.0,3
2026-03-09 05:57:04,"0312 - Vidor, TX",Unlead,Vidor,TX,15.526899999999841,0,0.0,1
2026-03-09 05:57:04,"0315 - Laredo, TX",Diesel,Laredo,TX,0.0,0,0.0,3
2026-03-09 05:57:04,"0315 - Laredo, TX",Unlead,Laredo,TX,31.24200000000019,0,0.0,1
2026-03-09 05:57:04,"0319 - Milford, TX",Diesel,Milford,TX,99.46000000000276,0,0.0,3
2026-03-09 05:57:04,"0319 - Milford, TX",Unlead,Milford,TX,49.5028999999995,0,0.0,1
2026-03-09 05:57:04,"0323 - Canton, TX",Diesel,Canton,TX,0.0,0,0.0,3
2026-03-09 05:57:04,"0323 - Canton, TX",Unlead,Canton,TX,36.6929999999993,0,0.0,1
2026-03-09 06:12:07,"0118 - Springfield, IL",Diesel,Springfield,IL,43.0,0,0.0,3
2026-03-09 06:12:07,"0118 - Springfield, IL",Unlead,Springfield,IL,16.0,0,0.0,1
2026-03-09 06:12:07,"0132 - Champaign, IL",Diesel,Champaign,IL,0.0,0,0.0,3
2026-03-09 06:12:07,"0132 - Champaign, IL",Unlead,Champaign,IL,13.657499999999345,0,0.0,1
2026-03-09 06:12:07,"0136 - Cottage Grove, WI",Diesel,Cottage Grove,WI,227.47100000000046,0,0.0,2
2026-03-09 06:12:07,"0136 - Cottage Grove, WI",Unlead,Cottage Grove,WI,0.0,0,0.0,1
2026-03-09 06:12:07,"0139 - Tuscola, IL",Diesel,Tuscola,IL,67.0,0,0.0,1
2026-03-09 06:12:07,"0139 - Tuscola, IL",Unlead,Tuscola,IL,12.0,0,0.0,2
2026-03-09 06:12:07,"0140 - Mendota, IL",Diesel,Mendota,IL,116.0,0,0.0,2
2026-03-09 06:12:07,"0140 - Mendota, IL",Unlead,Mendota,IL,28.0,0,0.0,2
2026-03-09 06:12:07,"0141 - Brazil, IN",Diesel,Brazil,IN,0.0,0,0.0,4
2026-03-09 06:12:07,"0141 - Brazil, IN",Unlead,Brazil,IN,0.0,0,0.0,1
2026-03-09 06:12:07,"0144 - Elk Run Height, IA",Diesel,Elk Run Height,IA,0.0,0,0.0,4
2026-03-09 06:12:07,"0144 - Elk Run Height, IA",Unlead,Elk Run Height,IA,0.0,0,0.0,2
2026-03-09 06:12:07,"0145 - Fenton, MO",Diesel,Fenton,MO,50.0,0,0.0,2
2026-03-09 06:12:07,"0145 - Fenton, MO",Unlead,Fenton,MO,4.0,0,0.0,1
2026-03-09 06:12:07,"0157 - Okawville, IL",Diesel,Okawville,IL,29.0,0,0.0,3
2026-03-09 06:12:07,"0157 - Okawville, IL",Unlead,Okawville,IL,11.72859999999946,0,0.0,1
2026-03-09 06:12:07,"0181 - Springfield, IL",Diesel,Springfield,IL,29.568999999999505,0,0.0,3
2026-03-09 06:12:07,"0181 - Springfield, IL",Unlead,Springfield,IL,13.475000000000364,0,0.0,1
2026-03-09 06:12:07,"0185 - McLean, IL",Diesel,McLean,IL,37.28299999999945,0,0.0,4
2026-03-09 06:12:07,"0185 - McLean, IL",Unlead,McLean,IL,0.0,0,0.0,1
2026-03-09 06:12:07,"0186 - Minonk, IL",Diesel,Minonk,IL,0.0,0,0.0,3
2026-03-09 06:12:07,"0186 - Minonk, IL",Unlead,Minonk,IL,4.877999999998792,0,0.0,1
2026-03-09 06:12:07,"0187 - Chicago, IL",Diesel,Chicago,IL,53.0,0,0.0,3
2026-03-09 06:12:07,"0187 - Chicago, IL",Unlead,Chicago,IL,33.23289999999997,0,0.0,1
2026-03-09 06:12:07,"0203 - Rockford, IL",Diesel,Rockford,IL,0.0,0,0.0,1
2026-03-09 06:12:07,"0203 - Rockford, IL",Unlead,Rockford,IL,21.39600000000064,0,0.0,1
2026-03-09 06:12:07,"0205 - South Beloit, IL",Diesel,South Beloit,IL,31.0,0,0.0,3
2026-03-09 06:12:07,"0205 - South Beloit, IL",Unlead,South Beloit,IL,17.0,0,0.0,1
2026-03-09 06:12:07,"0206 - Winnebago, IL",Diesel,Winnebago,IL,0.0,0,0.0,1
2026-03-09 06:12:07,"0206 - Winnebago, IL",Unlead,Winnebago,IL,58.0,0,0.0,1
2026-03-09 06:12:07,"0209 - Oakdale, WI",Diesel,Oakdale,WI,0.0,0,0.0,3
2026-03-09 06:12:07,"0209 - Oakdale, WI",Unlead,Oakdale,WI,0.0,0,0.0,1
2026-03-09 06:12:07,"0210 - Rochelle, IL",Diesel,Rochelle,IL,0.0,0,0.0,3
2026-03-09 06:12:07,"0210 - Rochelle, IL",Unlead,Rochelle,IL,55.0,0,0.0,1
2026-03-09 06:12:07,"0211 - Loves Park, IL",Diesel,Loves Park,IL,40.0,0,0.0,1
2026-03-09 06:12:07,"0211 - Loves Park, IL",Unlead,Loves Park,IL,8.0,0,0.0,1
2026-03-09 06:12:07,"0225 - Princeton, IL",Diesel,Princeton,IL,233.0,0,0.0,4
2026-03-09 06:12:07,"0225 - Princeton, IL",Unlead,Princeton,IL,30.0,0,0.0,2
2026-03-09 06:12:07,"0226 - Greenwood, IN",Diesel,Greenwood,IN,24.0,0,0.0,2
2026-03-09 06:12:07,"0226 - Greenwood, IN",Unlead,Greenwood,IN,16.0,0,0.0,2
2026-03-09 06:12:07,"0235 - Hampshire, IL",Diesel,Hampshire,IL,22.0,0,0.0,2
2026-03-09 06:12:07,"0235 - Hampshire, IL",Unlead,Hampshire,IL,29.0,0,0.0,2
2026-03-09 06:12:07,"0236 - East Troy, WI",Diesel,East Troy,WI,137.0,0,0.0,2
2026-03-09 06:12:07,"0236 - East Troy, WI",Unlead,East Troy,WI,0.0,0,0.0,1
2026-03-09 06:12:07,"0240 - Lake Station, IN",Diesel,Lake Station,IN,364.0,0,0.0,5
2026-03-09 06:12:07,"0240 - Lake Station, IN",Unlead,Lake Station,IN,26.0,0,0.0,2
2026-03-09 06:12:07,"0242 - St Robert, MO",Diesel,St Robert,MO,0.0,0,0.0,4
2026-03-09 06:12:07,"0263 - Ottawa, IL",Diesel,Ottawa,IL,83.0,0,0.0,3
2026-03-09 06:12:07,"0263 - Ottawa, IL",Unlead,Ottawa,IL,6.0,0,0.0,1
2026-03-09 06:12:07,"0265 - Dixon, IL",Diesel,Dixon,IL,244.46500000000015,0,0.0,3
2026-03-09 06:12:07,"0265 - Dixon, IL",Unlead,Dixon,IL,0.0,0,0.0,1
2026-03-09 06:12:07,"0266 - New Berlin, IL",Diesel,New Berlin,IL,0.0,0,0.0,3
2026-03-09 06:12:07,"0266 - New Berlin, IL",Unlead,New Berlin,IL,7.576200000000426,0,0.0,1
2026-03-09 06:12:07,"0267 - Pharr, TX",Diesel,Pharr,TX,0.0,0,0.0,4
2026-03-09 06:12:07,"0267 - Pharr, TX",Unlead,Pharr,TX,0.0,0,0.0,1
2026-03-09 06:12:07,"0268 - Grayville, IL",Diesel,Grayville,IL,36.0,0,0.0,3
2026-03-09 06:12:07,"0268 - Grayville, IL",Unlead,Grayville,IL,16.0,0,0.0,1
2026-03-09 06:12:07,"0269 - Marshall, IL",Diesel,Marshall,IL,0.0,0,0.0,3
2026-03-09 06:12:07,"0269 - Marshall, IL",Unlead,Marshall,IL,16.0,0,0.0,1
2026-03-09 06:12:07,"0270 - Moore, TX",Diesel,Moore,TX,0.0,2,3602.0,3
2026-03-09 06:12:07,"0270 - Moore, TX",Unlead,Moore,TX,29.0,0,0.0,1
2026-03-09 06:12:07,"0271 - Odessa, TX",Diesel,Odessa,TX,44.33879999999999,0,0.0,3
2026-03-09 06:12:07,"0271 - Odessa, TX",Unlead,Odessa,TX,79.02299999999923,0,0.0,1
2026-03-09 06:12:07,"0272 - Encinal, TX",Diesel,Encinal,TX,163.08500000000095,0,0.0,3
2026-03-09 06:12:07,"0272 - Encinal, TX",Unlead,Encinal,TX,7.875,0,0.0,1
2026-03-09 06:12:07,"0273 - Combes, TX",Diesel,Combes,TX,0.0,0,0.0,3
2026-03-09 06:12:07,"0273 - Combes, TX",Unlead,Combes,TX,71.86899999999878,0,0.0,1
2026-03-09 06:12:07,"0275 - Sonora, TX",Diesel,Sonora,TX,0.0,0,0.0,3
2026-03-09 06:12:07,"0275 - Sonora, TX",Unlead,Sonora,TX,69.14300000000003,0,0.0,1
2026-03-09 06:12:07,"0276 - Waco, TX",Diesel,Waco,TX,61.86399999999958,0,0.0,3
2026-03-09 06:12:07,"0276 - Waco, TX",Unlead,Waco,TX,0.0,0,0.0,1
2026-03-09 06:12:07,"0277 - New Boston, TX",Diesel,New Boston,TX,208.55799999999908,0,0.0,3
2026-03-09 06:12:07,"0277 - New Boston, TX",Unlead,New Boston,TX,17.79070000000047,0,0.0,1
2026-03-09 06:12:07,"0278 - Brinkley, AR",Diesel,Brinkley,AR,0.0,2,5205.7639,3
2026-03-09 06:12:07,"0278 - Brinkley, AR",Unlead,Brinkley,AR,31.070999999999913,0,0.0,1
2026-03-09 06:12:07,"0279 - Marion, IL",Diesel,Marion,IL,47.82999999999811,0,0.0,3
2026-03-09 06:12:07,"0279 - Marion, IL",Unlead,Marion,IL,97.94900000000052,0,0.0,1
2026-03-09 06:12:07,"0280 - Monahans, TX",Diesel,Monahans,TX,80.15499999999884,0,0.0,3
2026-03-09 06:12:07,"0280 - Monahans, TX",Unlead,Monahans,TX,15.29739999999947,0,0.0,1
2026-03-09 06:12:07,"0281 - Cisco, TX",Diesel,Cisco,TX,0.0,0,0.0,3
2026-03-09 06:12:07,"0281 - Cisco, TX",Unlead,Cisco,TX,0.0,0,0.0,1
2026-03-09 06:12:07,"0282 - Gainesville, TX",Diesel,Gainesville,TX,0.0,0,0.0,3
2026-03-09 06:12:07,"0282 - Gainesville, TX",Unlead,Gainesville,TX,27.586999999999534,0,0.0,1
2026-03-09 06:12:07,"0283 - Sealy, TX",Diesel,Sealy,TX,6356.1754,0,0.0,3
2026-03-09 06:12:07,"0283 - Sealy, TX",Unlead,Sealy,TX,0.0,0,0.0,1
2026-03-09 06:12:07,"0284 - New Deal, TX",Diesel,New Deal,TX,139.72299999999905,0,0.0,3
2026-03-09 06:12:07,"0284 - New Deal, TX",Unlead,New Deal,TX,83.10299999999916,0,0.0,1
2026-03-09 06:12:07,"0285 - Seguin, TX",Diesel,Seguin,TX,34.64900000000125,0,0.0,3
2026-03-09 06:12:07,"0285 - Seguin, TX",Unlead,Seguin,TX,26.833999999998923,0,0.0,1
2026-03-09 06:12:07,"0286 - Amarillo, TX",Diesel,Amarillo,TX,0.0,0,0.0,3
2026-03-09 06:12:07,"0286 - Amarillo, TX",Unlead,Amarillo,TX,0.0,0,0.0,1
2026-03-09 06:12:07,"0287 - Burbonnais, IL",Diesel,Burbonnais,IL,115.63100000000122,0,0.0,3
2026-03-09 06:12:07,"0287 - Burbonnais, IL",Unlead,Burbonnais,IL,42.39850000000024,0,0.0,1
2026-03-09 06:12:07,"0289 - Teague, TX",Diesel,Teague,TX,6.253000000000611,0,0.0,3
2026-03-09 06:12:07,"0289 - Teague, TX",Unlead,Teague,TX,34.125,0,0.0,1
2026-03-09 06:12:07,"0290 - Joplin, MO",Diesel,Joplin,MO,0.0,0,0.0,3
2026-03-09 06:12:07,"0290 - Joplin, MO",Unlead,Joplin,MO,10.188000000000102,0,0.0,1
2026-03-09 06:12:07,"0312 - Vidor, TX",Diesel,Vidor,TX,13.83599999999933,0,0.0,3
2026-03-09 06:12:07,"0312 - Vidor, TX",Unlead,Vidor,TX,0.0,0,0.0,1
2026-03-09 06:12:07,"0315 - Laredo, TX",Diesel,Laredo,TX,0.0,0,0.0,3
2026-03-09 06:12:07,"0315 - Laredo, TX",Unlead,Laredo,TX,0.0,0,0.0,1
2026-03-09 06:12:07,"0319 - Milford, TX",Diesel,Milford,TX,202.83799999999792,0,0.0,3
2026-03-09 06:12:07,"0319 - Milford, TX",Unlead,Milford,TX,92.26470000000063,0,0.0,1
2026-03-09 06:12:07,"0323 - Canton, TX",Diesel,Canton,TX,0.0,0,0.0,3
2026-03-09 06:12:07,"0323 - Canton, TX",Unlead,Canton,TX,41.59200000000055,0,0.0,1
2026-03-09 06:27:10,"0118 - Springfield, IL",Diesel,Springfield,IL,0.0,0,0.0,3
2026-03-09 06:27:10,"0118 - Springfield, IL",Unlead,Springfield,IL,9.0,0,0.0,1
2026-03-09 06:27:10,"0132 - Champaign, IL",Diesel,Champaign,IL,0.0,0,0.0,3
2026-03-09 06:27:10,"0132 - Champaign, IL",Unlead,Champaign,IL,26.85200000000077,0,0.0,1
2026-03-09 06:27:10,"0136 - Cottage Grove, WI",Diesel,Cottage Grove,WI,0.0,0,0.0,2
2026-03-09 06:27:10,"0136 - Cottage Grove, WI",Unlead,Cottage Grove,WI,0.0,0,0.0,1
2026-03-09 06:27:10,"0139 - Tuscola, IL",Diesel,Tuscola,IL,45.0,0,0.0,1
2026-03-09 06:27:10,"0139 - Tuscola, IL",Unlead,Tuscola,IL,11.0,0,0.0,2
2026-03-09 06:27:10,"0140 - Mendota, IL",Diesel,Mendota,IL,145.0,0,0.0,2
2026-03-09 06:27:10,"0140 - Mendota, IL",Unlead,Mendota,IL,9.0,0,0.0,2
2026-03-09 06:27:10,"0141 - Brazil, IN",Diesel,Brazil,IN,104.29870000000119,0,0.0,4
2026-03-09 06:27:10,"0141 - Brazil, IN",Unlead,Brazil,IN,14.0,0,0.0,1
2026-03-09 06:27:10,"0144 - Elk Run Height, IA",Diesel,Elk Run Height,IA,0.0,0,0.0,4
2026-03-09 06:27:10,"0144 - Elk Run Height, IA",Unlead,Elk Run Height,IA,10.628300000000309,0,0.0,2
2026-03-09 06:27:10,"0145 - Fenton, MO",Diesel,Fenton,MO,72.0,0,0.0,2
2026-03-09 06:27:10,"0145 - Fenton, MO",Unlead,Fenton,MO,21.0,0,0.0,1
2026-03-09 06:27:10,"0157 - Okawville, IL",Diesel,Okawville,IL,0.0,0,0.0,3
2026-03-09 06:27:10,"0157 - Okawville, IL",Unlead,Okawville,IL,4.523299999999836,0,0.0,1
2026-03-09 06:27:10,"0181 - Springfield, IL",Diesel,Springfield,IL,33.72950000000037,0,0.0,3
2026-03-09 06:27:10,"0181 - Springfield, IL",Unlead,Springfield,IL,0.0,0,0.0,1
2026-03-09 06:27:10,"0185 - McLean, IL",Diesel,McLean,IL,118.19000000000233,0,0.0,4
2026-03-09 06:27:10,"0185 - McLean, IL",Unlead,McLean,IL,24.837999999999738,0,0.0,1
2026-03-09 06:27:10,"0186 - Minonk, IL",Diesel,Minonk,IL,0.0,0,0.0,3
2026-03-09 06:27:10,"0186 - Minonk, IL",Unlead,Minonk,IL,0.0,0,0.0,1
2026-03-09 06:27:10,"0187 - Chicago, IL",Diesel,Chicago,IL,140.0,0,0.0,3
2026-03-09 06:27:10,"0187 - Chicago, IL",Unlead,Chicago,IL,33.228000000000065,0,0.0,1
2026-03-09 06:27:10,"0203 - Rockford, IL",Diesel,Rockford,IL,0.0,0,0.0,1
2026-03-09 06:27:10,"0203 - Rockford, IL",Unlead,Rockford,IL,77.40200000000004,0,0.0,1
2026-03-09 06:27:10,"0205 - South Beloit, IL",Diesel,South Beloit,IL,0.0,0,0.0,3
2026-03-09 06:27:10,"0205 - South Beloit, IL",Unlead,South Beloit,IL,16.0,0,0.0,1
2026-03-09 06:27:10,"0206 - Winnebago, IL",Diesel,Winnebago,IL,176.0,0,0.0,1
2026-03-09 06:27:10,"0206 - Winnebago, IL",Unlead,Winnebago,IL,33.0,0,0.0,1
2026-03-09 06:27:10,"0209 - Oakdale, WI",Diesel,Oakdale,WI,0.0,0,0.0,3
2026-03-09 06:27:10,"0209 - Oakdale, WI",Unlead,Oakdale,WI,11.0,0,0.0,1
2026-03-09 06:27:10,"0210 - Rochelle, IL",Diesel,Rochelle,IL,31.0,0,0.0,3
2026-03-09 06:27:10,"0210 - Rochelle, IL",Unlead,Rochelle,IL,6.0,0,0.0,1
2026-03-09 06:27:10,"0211 - Loves Park, IL",Diesel,Loves Park,IL,56.0,0,0.0,1
2026-03-09 06:27:10,"0211 - Loves Park, IL",Unlead,Loves Park,IL,29.0,0,0.0,1
2026-03-09 06:27:10,"0225 - Princeton, IL",Diesel,Princeton,IL,86.0,0,0.0,4
2026-03-09 06:27:10,"0225 - Princeton, IL",Unlead,Princeton,IL,19.0,0,0.0,2
2026-03-09 06:27:10,"0226 - Greenwood, IN",Diesel,Greenwood,IN,117.0,0,0.0,2
2026-03-09 06:27:10,"0226 - Greenwood, IN",Unlead,Greenwood,IN,7.0,0,0.0,2
2026-03-09 06:27:10,"0235 - Hampshire, IL",Diesel,Hampshire,IL,0.0,0,0.0,2
2026-03-09 06:27:10,"0235 - Hampshire, IL",Unlead,Hampshire,IL,15.0,0,0.0,2
2026-03-09 06:27:10,"0236 - East Troy, WI",Diesel,East Troy,WI,0.0,0,0.0,2
2026-03-09 06:27:10,"0236 - East Troy, WI",Unlead,East Troy,WI,0.0,0,0.0,1
2026-03-09 06:27:10,"0240 - Lake Station, IN",Diesel,Lake Station,IN,286.0,1,176.0,5
2026-03-09 06:27:10,"0240 - Lake Station, IN",Unlead,Lake Station,IN,16.0,0,0.0,2
2026-03-09 06:27:10,"0242 - St Robert, MO",Diesel,St Robert,MO,86.57499999999891,0,0.0,4
2026-03-09 06:27:10,"0263 - Ottawa, IL",Diesel,Ottawa,IL,0.0,0,0.0,3
2026-03-09 06:27:10,"0263 - Ottawa, IL",Unlead,Ottawa,IL,0.0,0,0.0,1
2026-03-09 06:27:10,"0265 - Dixon, IL",Diesel,Dixon,IL,16.822000000000116,0,0.0,3
2026-03-09 06:27:10,"0265 - Dixon, IL",Unlead,Dixon,IL,10.55999999999949,0,0.0,1
2026-03-09 06:27:10,"0266 - New Berlin, IL",Diesel,New Berlin,IL,82.0,0,0.0,3
2026-03-09 06:27:10,"0266 - New Berlin, IL",Unlead,New Berlin,IL,27.497599999999693,0,0.0,1
2026-03-09 06:27:10,"0267 - Pharr, TX",Diesel,Pharr,TX,0.0,0,0.0,4
2026-03-09 06:27:10,"0267 - Pharr, TX",Unlead,Pharr,TX,35.0,0,0.0,1
2026-03-09 06:27:10,"0268 - Grayville, IL",Diesel,Grayville,IL,20.0,0,0.0,3
2026-03-09 06:27:10,"0268 - Grayville, IL",Unlead,Grayville,IL,9.0,0,0.0,1
2026-03-09 06:27:10,"0269 - Marshall, IL",Diesel,Marshall,IL,0.0,0,0.0,3
2026-03-09 06:27:10,"0269 - Marshall, IL",Unlead,Marshall,IL,5.0,0,0.0,1
2026-03-09 06:27:10,"0270 - Moore, TX",Diesel,Moore,TX,0.0,2,661.0,3
2026-03-09 06:27:10,"0270 - Moore, TX",Unlead,Moore,TX,16.0,0,0.0,1
2026-03-09 06:27:10,"0271 - Odessa, TX",Diesel,Odessa,TX,101.70759999999973,0,0.0,3
2026-03-09 06:27:10,"0271 - Odessa, TX",Unlead,Odessa,TX,47.05760000000009,0,0.0,1
2026-03-09 06:27:10,"0272 - Encinal, TX",Diesel,Encinal,TX,0.0,0,0.0,3
2026-03-09 06:27:10,"0272 - Encinal, TX",Unlead,Encinal,TX,42.91500000000087,0,0.0,1
2026-03-09 06:27:10,"0273 - Combes, TX",Diesel,Combes,TX,0.0,0,0.0,3
2026-03-09 06:27:10,"0273 - Combes, TX",Unlead,Combes,TX,45.027000000000044,0,0.0,1
2026-03-09 06:27:10,"0275 - Sonora, TX",Diesel,Sonora,TX,0.0,0,0.0,3
2026-03-09 06:27:10,"0275 - Sonora, TX",Unlead,Sonora,TX,62.271999999999935,0,0.0,1
2026-03-09 06:27:10,"0276 - Waco, TX",Diesel,Waco,TX,103.55399999999827,0,0.0,3
2026-03-09 06:27:10,"0276 - Waco, TX",Unlead,Waco,TX,0.0,0,0.0,1
2026-03-09 06:27:10,"0277 - New Boston, TX",Diesel,New Boston,TX,61.86399999999776,0,0.0,3
2026-03-09 06:27:10,"0277 - New Boston, TX",Unlead,New Boston,TX,10.538300000000163,0,0.0,1
2026-03-09 06:27:10,"0278 - Brinkley, AR",Diesel,Brinkley,AR,0.0,1,2623.1026,3
2026-03-09 06:27:10,"0278 - Brinkley, AR",Unlead,Brinkley,AR,6.2849999999998545,0,0.0,1
2026-03-09 06:27:10,"0279 - Marion, IL",Diesel,Marion,IL,28.903000000000247,0,0.0,3
2026-03-09 06:27:10,"0279 - Marion, IL",Unlead,Marion,IL,25.81999999999971,0,0.0,1
2026-03-09 06:27:10,"0280 - Monahans, TX",Diesel,Monahans,TX,293.70700000000033,0,0.0,3
2026-03-09 06:27:10,"0280 - Monahans, TX",Unlead,Monahans,TX,0.0,1,1759.9740999999995,1
2026-03-09 06:27:10,"0281 - Cisco, TX",Diesel,Cisco,TX,0.0,0,0.0,3
2026-03-09 06:27:10,"0281 - Cisco, TX",Unlead,Cisco,TX,0.0,0,0.0,1
2026-03-09 06:27:10,"0282 - Gainesville, TX",Diesel,Gainesville,TX,70.29399999999805,0,0.0,3
2026-03-09 06:27:10,"0282 - Gainesville, TX",Unlead,Gainesville,TX,16.261000000000422,0,0.0,1
2026-03-09 06:27:10,"0283 - Sealy, TX",Diesel,Sealy,TX,136.94800000000032,1,5995.1014,3
2026-03-09 06:27:10,"0283 - Sealy, TX",Unlead,Sealy,TX,0.0,0,0.0,1
2026-03-09 06:27:10,"0284 - New Deal, TX",Diesel,New Deal,TX,0.0,0,0.0,3
2026-03-09 06:27:10,"0284 - New Deal, TX",Unlead,New Deal,TX,48.905000000000655,0,0.0,1
2026-03-09 06:27:10,"0285 - Seguin, TX",Diesel,Seguin,TX,63.28899999999885,0,0.0,3
2026-03-09 06:27:10,"0285 - Seguin, TX",Unlead,Seguin,TX,30.563000000000102,0,0.0,1
2026-03-09 06:27:10,"0286 - Amarillo, TX",Diesel,Amarillo,TX,0.0,0,0.0,3
2026-03-09 06:27:10,"0286 - Amarillo, TX",Unlead,Amarillo,TX,0.0,0,0.0,1
2026-03-09 06:27:10,"0287 - Burbonnais, IL",Diesel,Burbonnais,IL,40.95299999999952,0,0.0,3
2026-03-09 06:27:10,"0287 - Burbonnais, IL",Unlead,Burbonnais,IL,27.553499999999985,0,0.0,1
2026-03-09 06:27:10,"0289 - Teague, TX",Diesel,Teague,TX,59.83999999999833,0,0.0,3
2026-03-09 06:27:10,"0289 - Teague, TX",Unlead,Teague,TX,4.981999999999971,0,0.0,1
2026-03-09 06:27:10,"0290 - Joplin, MO",Diesel,Joplin,MO,0.0,0,0.0,3
2026-03-09 06:27:10,"0290 - Joplin, MO",Unlead,Joplin,MO,7.852999999999156,0,0.0,1
2026-03-09 06:27:10,"0312 - Vidor, TX",Diesel,Vidor,TX,91.84000000000196,0,0.0,3
2026-03-09 06:27:10,"0312 - Vidor, TX",Unlead,Vidor,TX,17.97940000000017,0,0.0,1
2026-03-09 06:27:10,"0315 - Laredo, TX",Diesel,Laredo,TX,0.0,0,0.0,3
2026-03-09 06:27:10,"0315 - Laredo, TX",Unlead,Laredo,TX,0.0,0,0.0,1
2026-03-09 06:27:10,"0319 - Milford, TX",Diesel,Milford,TX,192.09799999999996,0,0.0,3
2026-03-09 06:27:10,"0319 - Milford, TX",Unlead,Milford,TX,113.92919999999958,0,0.0,1
2026-03-09 06:27:10,"0323 - Canton, TX",Diesel,Canton,TX,0.0,0,0.0,3
2026-03-09 06:27:10,"0323 - Canton, TX",Unlead,Canton,TX,11.854999999999563,0,0.0,1
2026-03-09 06:42:14,"0118 - Springfield, IL",Diesel,Springfield,IL,19.0,0,0.0,3
2026-03-09 06:42:14,"0118 - Springfield, IL",Unlead,Springfield,IL,6.0,0,0.0,1
2026-03-09 06:42:14,"0132 - Champaign, IL",Diesel,Champaign,IL,0.0,0,0.0,3
2026-03-09 06:42:14,"0132 - Champaign, IL",Unlead,Champaign,IL,55.550999999999476,0,0.0,1
2026-03-09 06:42:14,"0136 - Cottage Grove, WI",Diesel,Cottage Grove,WI,68.57999999999993,0,0.0,2
2026-03-09 06:42:14,"0136 - Cottage Grove, WI",Unlead,Cottage Grove,WI,14.331000000000131,0,0.0,1
2026-03-09 06:42:14,"0139 - Tuscola, IL",Diesel,Tuscola,IL,0.0,0,0.0,1
2026-03-09 06:42:14,"0139 - Tuscola, IL",Unlead,Tuscola,IL,0.0,0,0.0,2
2026-03-09 06:42:14,"0140 - Mendota, IL",Diesel,Mendota,IL,0.0,0,0.0,2
2026-03-09 06:42:14,"0140 - Mendota, IL",Unlead,Mendota,IL,7.0,0,0.0,2
2026-03-09 06:42:14,"0141 - Brazil, IN",Diesel,Brazil,IN,17.12459999999919,0,0.0,4
2026-03-09 06:42:14,"0141 - Brazil, IN",Unlead,Brazil,IN,14.0,0,0.0,1
2026-03-09 06:42:14,"0144 - Elk Run Height, IA",Diesel,Elk Run Height,IA,0.0,0,0.0,4
2026-03-09 06:42:14,"0144 - Elk Run Height, IA",Unlead,Elk Run Height,IA,0.0,0,0.0,2
2026-03-09 06:42:14,"0145 - Fenton, MO",Diesel,Fenton,MO,0.0,0,0.0,2
2026-03-09 06:42:14,"0145 - Fenton, MO",Unlead,Fenton,MO,8.0,0,0.0,1
2026-03-09 06:42:14,"0157 - Okawville, IL",Diesel,Okawville,IL,0.0,0,0.0,3
2026-03-09 06:42:14,"0157 - Okawville, IL",Unlead,Okawville,IL,12.756400000000212,0,0.0,1
2026-03-09 06:42:14,"0181 - Springfield, IL",Diesel,Springfield,IL,80.50200000000041,0,0.0,3
2026-03-09 06:42:14,"0181 - Springfield, IL",Unlead,Springfield,IL,14.668999999999869,0,0.0,1
2026-03-09 06:42:14,"0185 - McLean, IL",Diesel,McLean,IL,0.0,0,0.0,4
2026-03-09 06:42:14,"0185 - McLean, IL",Unlead,McLean,IL,6.395000000000437,0,0.0,1
2026-03-09 06:42:14,"0186 - Minonk, IL",Diesel,Minonk,IL,0.0,0,0.0,3
2026-03-09 06:42:14,"0186 - Minonk, IL",Unlead,Minonk,IL,10.109000000000378,0,0.0,1
2026-03-09 06:42:14,"0187 - Chicago, IL",Diesel,Chicago,IL,0.0,0,0.0,3
2026-03-09 06:42:14,"0187 - Chicago, IL",Unlead,Chicago,IL,24.097199999999248,0,0.0,1
2026-03-09 06:42:14,"0203 - Rockford, IL",Diesel,Rockford,IL,0.0,0,0.0,1
2026-03-09 06:42:14,"0203 - Rockford, IL",Unlead,Rockford,IL,23.048000000000684,0,0.0,1
2026-03-09 06:42:14,"0205 - South Beloit, IL",Diesel,South Beloit,IL,101.0,0,0.0,3
2026-03-09 06:42:14,"0205 - South Beloit, IL",Unlead,South Beloit,IL,55.0,0,0.0,1
2026-03-09 06:42:14,"0206 - Winnebago, IL",Diesel,Winnebago,IL,26.0,0,0.0,1
2026-03-09 06:42:14,"0206 - Winnebago, IL",Unlead,Winnebago,IL,125.0,0,0.0,1
2026-03-09 06:42:14,"0209 - Oakdale, WI",Diesel,Oakdale,WI,0.0,0,0.0,3
2026-03-09 06:42:14,"0209 - Oakdale, WI",Unlead,Oakdale,WI,21.0,0,0.0,1
2026-03-09 06:42:14,"0210 - Rochelle, IL",Diesel,Rochelle,IL,37.0,0,0.0,3
2026-03-09 06:42:14,"0210 - Rochelle, IL",Unlead,Rochelle,IL,64.0,0,0.0,1
2026-03-09 06:42:14,"0211 - Loves Park, IL",Diesel,Loves Park,IL,0.0,0,0.0,1
2026-03-09 06:42:14,"0211 - Loves Park, IL",Unlead,Loves Park,IL,32.0,0,0.0,1
2026-03-09 06:42:14,"0225 - Princeton, IL",Diesel,Princeton,IL,197.0,0,0.0,4
2026-03-09 06:42:14,"0225 - Princeton, IL",Unlead,Princeton,IL,9.0,0,0.0,2
2026-03-09 06:42:14,"0226 - Greenwood, IN",Diesel,Greenwood,IN,21.0,0,0.0,2
2026-03-09 06:42:14,"0226 - Greenwood, IN",Unlead,Greenwood,IN,5.0,0,0.0,2
2026-03-09 06:42:14,"0235 - Hampshire, IL",Diesel,Hampshire,IL,0.0,0,0.0,2
2026-03-09 06:42:14,"0235 - Hampshire, IL",Unlead,Hampshire,IL,36.0,0,0.0,2
2026-03-09 06:42:14,"0236 - East Troy, WI",Diesel,East Troy,WI,0.0,0,0.0,2
2026-03-09 06:42:14,"0236 - East Troy, WI",Unlead,East Troy,WI,0.0,0,0.0,1
2026-03-09 06:42:14,"0240 - Lake Station, IN",Diesel,Lake Station,IN,91.0,0,0.0,5
2026-03-09 06:42:14,"0240 - Lake Station, IN",Unlead,Lake Station,IN,26.0,0,0.0,2
2026-03-09 06:42:14,"0242 - St Robert, MO",Diesel,St Robert,MO,21.66399999999976,0,0.0,4
2026-03-09 06:42:14,"0263 - Ottawa, IL",Diesel,Ottawa,IL,0.0,0,0.0,3
2026-03-09 06:42:14,"0263 - Ottawa, IL",Unlead,Ottawa,IL,42.0,0,0.0,1
2026-03-09 06:42:14,"0265 - Dixon, IL",Diesel,Dixon,IL,0.0,0,0.0,3
2026-03-09 06:42:14,"0265 - Dixon, IL",Unlead,Dixon,IL,0.0,0,0.0,1
2026-03-09 06:42:14,"0266 - New Berlin, IL",Diesel,New Berlin,IL,0.0,0,0.0,3
2026-03-09 06:42:14,"0266 - New Berlin, IL",Unlead,New Berlin,IL,54.492699999999786,0,0.0,1
2026-03-09 06:42:14,"0267 - Pharr, TX",Diesel,Pharr,TX,0.0,0,0.0,4
2026-03-09 06:42:14,"0267 - Pharr, TX",Unlead,Pharr,TX,37.0,0,0.0,1
2026-03-09 06:42:14,"0268 - Grayville, IL",Diesel,Grayville,IL,10.0,0,0.0,3
2026-03-09 06:42:14,"0268 - Grayville, IL",Unlead,Grayville,IL,29.0,0,0.0,1
2026-03-09 06:42:14,"0269 - Marshall, IL",Diesel,Marshall,IL,83.0,0,0.0,3
2026-03-09 06:42:14,"0269 - Marshall, IL",Unlead,Marshall,IL,0.0,0,0.0,1
2026-03-09 06:42:14,"0270 - Moore, TX",Diesel,Moore,TX,320.0,1,297.0,3
2026-03-09 06:42:14,"0270 - Moore, TX",Unlead,Moore,TX,54.0,0,0.0,1
2026-03-09 06:42:14,"0271 - Odessa, TX",Diesel,Odessa,TX,10.614300000000185,0,0.0,3
2026-03-09 06:42:14,"0271 - Odessa, TX",Unlead,Odessa,TX,51.424700000000485,0,0.0,1
2026-03-09 06:42:14,"0272 - Encinal, TX",Diesel,Encinal,TX,88.84900000000016,0,0.0,3
2026-03-09 06:42:14,"0272 - Encinal, TX",Unlead,Encinal,TX,0.0,0,0.0,1
2026-03-09 06:42:14,"0273 - Combes, TX",Diesel,Combes,TX,65.05769999999939,0,0.0,3
2026-03-09 06:42:14,"0273 - Combes, TX",Unlead,Combes,TX,34.532500000001164,0,0.0,1
2026-03-09 06:42:14,"0275 - Sonora, TX",Diesel,Sonora,TX,35.30999999999949,0,0.0,3
2026-03-09 06:42:14,"0275 - Sonora, TX",Unlead,Sonora,TX,46.50849999999991,0,0.0,1
2026-03-09 06:42:14,"0276 - Waco, TX",Diesel,Waco,TX,96.84400000000096,0,0.0,3
2026-03-09 06:42:14,"0276 - Waco, TX",Unlead,Waco,TX,0.0,0,0.0,1
2026-03-09 06:42:14,"0277 - New Boston, TX",Diesel,New Boston,TX,0.0,0,0.0,3
2026-03-09 06:42:14,"0277 - New Boston, TX",Unlead,New Boston,TX,0.0,0,0.0,1
2026-03-09 06:42:14,"0278 - Brinkley, AR",Diesel,Brinkley,AR,0.0,0,0.0,3
2026-03-09 06:42:14,"0278 - Brinkley, AR",Unlead,Brinkley,AR,11.475000000000364,0,0.0,1
2026-03-09 06:42:14,"0279 - Marion, IL",Diesel,Marion,IL,0.0,0,0.0,3
2026-03-09 06:42:14,"0279 - Marion, IL",Unlead,Marion,IL,118.16300000000047,0,0.0,1
2026-03-09 06:42:14,"0280 - Monahans, TX",Diesel,Monahans,TX,120.83699999999953,0,0.0,3
2026-03-09 06:42:14,"0280 - Monahans, TX",Unlead,Monahans,TX,0.0,1,4127.982300000001,1
2026-03-09 06:42:14,"0281 - Cisco, TX",Diesel,Cisco,TX,0.0,0,0.0,3
2026-03-09 06:42:14,"0281 - Cisco, TX",Unlead,Cisco,TX,0.0,0,0.0,1
2026-03-09 06:42:14,"0282 - Gainesville, TX",Diesel,Gainesville,TX,8.084999999999127,0,0.0,3
2026-03-09 06:42:14,"0282 - Gainesville, TX",Unlead,Gainesville,TX,0.0,0,0.0,1
2026-03-09 06:42:14,"0283 - Sealy, TX",Diesel,Sealy,TX,182.38400000000001,0,0.0,3
2026-03-09 06:42:14,"0283 - Sealy, TX",Unlead,Sealy,TX,12.277000000000044,0,0.0,1
2026-03-09 06:42:14,"0284 - New Deal, TX",Diesel,New Deal,TX,0.0,0,0.0,3
2026-03-09 06:42:14,"0284 - New Deal, TX",Unlead,New Deal,TX,102.83399999999892,0,0.0,1
2026-03-09 06:42:14,"0285 - Seguin, TX",Diesel,Seguin,TX,244.54099999999926,0,0.0,3
2026-03-09 06:42:14,"0285 - Seguin, TX",Unlead,Seguin,TX,20.887000000000626,0,0.0,1
2026-03-09 06:42:14,"0286 - Amarillo, TX",Diesel,Amarillo,TX,0.0,0,0.0,3
2026-03-09 06:42:14,"0286 - Amarillo, TX",Unlead,Amarillo,TX,17.801000000001295,0,0.0,1
2026-03-09 06:42:14,"0287 - Burbonnais, IL",Diesel,Burbonnais,IL,0.0,0,0.0,3
2026-03-09 06:42:14,"0287 - Burbonnais, IL",Unlead,Burbonnais,IL,32.51039999999921,0,0.0,1
2026-03-09 06:42:14,"0289 - Teague, TX",Diesel,Teague,TX,62.62700000000041,0,0.0,3
2026-03-09 06:42:14,"0289 - Teague, TX",Unlead,Teague,TX,49.97899999999936,0,0.0,1
2026-03-09 06:42:14,"0290 - Joplin, MO",Diesel,Joplin,MO,0.0,0,0.0,3
2026-03-09 06:42:14,"0290 - Joplin, MO",Unlead,Joplin,MO,11.038000000000466,0,0.0,1
2026-03-09 06:42:14,"0312 - Vidor, TX",Diesel,Vidor,TX,140.9399999999987,0,0.0,3
2026-03-09 06:42:14,"0312 - Vidor, TX",Unlead,Vidor,TX,4.432699999999386,0,0.0,1
2026-03-09 06:42:14,"0315 - Laredo, TX",Diesel,Laredo,TX,89.95200000000114,0,0.0,3
2026-03-09 06:42:14,"0315 - Laredo, TX",Unlead,Laredo,TX,0.0,0,0.0,1
2026-03-09 06:42:14,"0319 - Milford, TX",Diesel,Milford,TX,213.82300000000214,0,0.0,3
2026-03-09 06:42:14,"0319 - Milford, TX",Unlead,Milford,TX,67.00880000000052,0,0.0,1
2026-03-09 06:42:14,"0323 - Canton, TX",Diesel,Canton,TX,0.0,0,0.0,3
2026-03-09 06:42:14,"0323 - Canton, TX",Unlead,Canton,TX,37.224999999998545,0,0.0,1
2026-03-09 06:57:17,"0118 - Springfield, IL",Diesel,Springfield,IL,76.0,0,0.0,3
2026-03-09 06:57:17,"0118 - Springfield, IL",Unlead,Springfield,IL,6.0,0,0.0,1
2026-03-09 06:57:17,"0132 - Champaign, IL",Diesel,Champaign,IL,80.9439999999995,0,0.0,3
2026-03-09 06:57:17,"0132 - Champaign, IL",Unlead,Champaign,IL,39.07300000000032,0,0.0,1
2026-03-09 06:57:17,"0136 - Cottage Grove, WI",Diesel,Cottage Grove,WI,38.5029999999997,0,0.0,2
2026-03-09 06:57:17,"0136 - Cottage Grove, WI",Unlead,Cottage Grove,WI,0.0,0,0.0,1
2026-03-09 06:57:17,"0139 - Tuscola, IL",Diesel,Tuscola,IL,0.0,0,0.0,1
2026-03-09 06:57:17,"0139 - Tuscola, IL",Unlead,Tuscola,IL,69.0,0,0.0,2
2026-03-09 06:57:17,"0140 - Mendota, IL",Diesel,Mendota,IL,0.0,0,0.0,2
2026-03-09 06:57:17,"0140 - Mendota, IL",Unlead,Mendota,IL,28.0,0,0.0,2
2026-03-09 06:57:17,"0141 - Brazil, IN",Diesel,Brazil,IN,40.76040000000012,0,0.0,4
2026-03-09 06:57:17,"0141 - Brazil, IN",Unlead,Brazil,IN,10.0,0,0.0,1
2026-03-09 06:57:17,"0144 - Elk Run Height, IA",Diesel,Elk Run Height,IA,0.0,0,0.0,4
2026-03-09 06:57:17,"0144 - Elk Run Height, IA",Unlead,Elk Run Height,IA,0.0,0,0.0,2
2026-03-09 06:57:17,"0145 - Fenton, MO",Diesel,Fenton,MO,316.0,0,0.0,2
2026-03-09 06:57:17,"0145 - Fenton, MO",Unlead,Fenton,MO,14.0,0,0.0,1
2026-03-09 06:57:17,"0157 - Okawville, IL",Diesel,Okawville,IL,0.0,0,0.0,3
2026-03-09 06:57:17,"0157 - Okawville, IL",Unlead,Okawville,IL,0.0,0,0.0,1
2026-03-09 06:57:17,"0181 - Springfield, IL",Diesel,Springfield,IL,107.40279999999984,0,0.0,3
2026-03-09 06:57:17,"0181 - Springfield, IL",Unlead,Springfield,IL,57.10699999999997,0,0.0,1
2026-03-09 06:57:17,"0185 - McLean, IL",Diesel,McLean,IL,0.0,0,0.0,4
2026-03-09 06:57:17,"0185 - McLean, IL",Unlead,McLean,IL,10.666000000000167,0,0.0,1
2026-03-09 06:57:17,"0186 - Minonk, IL",Diesel,Minonk,IL,0.0,0,0.0,3
2026-03-09 06:57:17,"0186 - Minonk, IL",Unlead,Minonk,IL,13.101000000000568,0,0.0,1
2026-03-09 06:57:17,"0187 - Chicago, IL",Diesel,Chicago,IL,0.0,0,0.0,3
2026-03-09 06:57:17,"0187 - Chicago, IL",Unlead,Chicago,IL,9.388300000000527,0,0.0,1
2026-03-09 06:57:17,"0203 - Rockford, IL",Diesel,Rockford,IL,89.77499999999782,0,0.0,1
2026-03-09 06:57:17,"0203 - Rockford, IL",Unlead,Rockford,IL,28.099999999998545,0,0.0,1
2026-03-09 06:57:17,"0205 - South Beloit, IL",Diesel,South Beloit,IL,0.0,0,0.0,3
2026-03-09 06:57:17,"0205 - South Beloit, IL",Unlead,South Beloit,IL,38.0,0,0.0,1
2026-03-09 06:57:17,"0206 - Winnebago, IL",Diesel,Winnebago,IL,27.0,0,0.0,1
2026-03-09 06:57:17,"0206 - Winnebago, IL",Unlead,Winnebago,IL,34.0,0,0.0,1
2026-03-09 06:57:17,"0209 - Oakdale, WI",Diesel,Oakdale,WI,95.0,0,0.0,3
2026-03-09 06:57:17,"0209 - Oakdale, WI",Unlead,Oakdale,WI,0.0,0,0.0,1
2026-03-09 06:57:17,"0210 - Rochelle, IL",Diesel,Rochelle,IL,115.0,0,0.0,3
2026-03-09 06:57:17,"0210 - Rochelle, IL",Unlead,Rochelle,IL,22.0,0,0.0,1
2026-03-09 06:57:17,"0211 - Loves Park, IL",Diesel,Loves Park,IL,0.0,0,0.0,1
2026-03-09 06:57:17,"0211 - Loves Park, IL",Unlead,Loves Park,IL,35.0,0,0.0,1
2026-03-09 06:57:17,"0225 - Princeton, IL",Diesel,Princeton,IL,24.0,0,0.0,4
2026-03-09 06:57:17,"0225 - Princeton, IL",Unlead,Princeton,IL,2.0,0,0.0,2
2026-03-09 06:57:17,"0226 - Greenwood, IN",Diesel,Greenwood,IN,0.0,0,0.0,2
2026-03-09 06:57:17,"0226 - Greenwood, IN",Unlead,Greenwood,IN,0.0,0,0.0,2
2026-03-09 06:57:17,"0235 - Hampshire, IL",Diesel,Hampshire,IL,0.0,0,0.0,2
2026-03-09 06:57:17,"0235 - Hampshire, IL",Unlead,Hampshire,IL,91.0,0,0.0,2
2026-03-09 06:57:17,"0236 - East Troy, WI",Diesel,East Troy,WI,0.0,0,0.0,2
2026-03-09 06:57:17,"0236 - East Troy, WI",Unlead,East Troy,WI,0.0,0,0.0,1
2026-03-09 06:57:17,"0240 - Lake Station, IN",Diesel,Lake Station,IN,186.0,0,0.0,5
2026-03-09 06:57:17,"0240 - Lake Station, IN",Unlead,Lake Station,IN,6.0,0,0.0,2
2026-03-09 06:57:17,"0242 - St Robert, MO",Diesel,St Robert,MO,6.0659999999998035,0,0.0,4
2026-03-09 06:57:17,"0263 - Ottawa, IL",Diesel,Ottawa,IL,195.0,0,0.0,3
2026-03-09 06:57:17,"0263 - Ottawa, IL",Unlead,Ottawa,IL,32.0,0,0.0,1
2026-03-09 06:57:17,"0265 - Dixon, IL",Diesel,Dixon,IL,84.68000000000029,0,0.0,3
2026-03-09 06:57:17,"0265 - Dixon, IL",Unlead,Dixon,IL,0.0,0,0.0,1
2026-03-09 06:57:17,"0266 - New Berlin, IL",Diesel,New Berlin,IL,0.0,0,0.0,3
2026-03-09 06:57:17,"0266 - New Berlin, IL",Unlead,New Berlin,IL,37.884000000000015,0,0.0,1
2026-03-09 06:57:17,"0267 - Pharr, TX",Diesel,Pharr,TX,136.0,0,0.0,4
2026-03-09 06:57:17,"0267 - Pharr, TX",Unlead,Pharr,TX,0.0,0,0.0,1
2026-03-09 06:57:17,"0268 - Grayville, IL",Diesel,Grayville,IL,50.0,0,0.0,3
2026-03-09 06:57:17,"0268 - Grayville, IL",Unlead,Grayville,IL,36.0,0,0.0,1
2026-03-09 06:57:17,"0269 - Marshall, IL",Diesel,Marshall,IL,0.0,0,0.0,3
2026-03-09 06:57:17,"0269 - Marshall, IL",Unlead,Marshall,IL,18.0,0,0.0,1
2026-03-09 06:57:17,"0270 - Moore, TX",Diesel,Moore,TX,249.0,0,0.0,3
2026-03-09 06:57:17,"0270 - Moore, TX",Unlead,Moore,TX,8.0,0,0.0,1
2026-03-09 06:57:17,"0271 - Odessa, TX",Diesel,Odessa,TX,68.4989999999998,0,0.0,3
2026-03-09 06:57:17,"0271 - Odessa, TX",Unlead,Odessa,TX,98.0014999999994,0,0.0,1
2026-03-09 06:57:17,"0272 - Encinal, TX",Diesel,Encinal,TX,120.48999999999978,0,0.0,3
2026-03-09 06:57:17,"0272 - Encinal, TX",Unlead,Encinal,TX,74.64500000000044,0,0.0,1
2026-03-09 06:57:17,"0273 - Combes, TX",Diesel,Combes,TX,54.81930000000011,0,0.0,3
2026-03-09 06:57:17,"0273 - Combes, TX",Unlead,Combes,TX,83.71249999999964,0,0.0,1
2026-03-09 06:57:17,"0275 - Sonora, TX",Diesel,Sonora,TX,0.0,0,0.0,3
2026-03-09 06:57:17,"0275 - Sonora, TX",Unlead,Sonora,TX,26.08889999999974,0,0.0,1
2026-03-09 06:57:17,"0276 - Waco, TX",Diesel,Waco,TX,764.9689999999991,0,0.0,3
2026-03-09 06:57:17,"0276 - Waco, TX",Unlead,Waco,TX,6.2150000000001455,0,0.0,1
2026-03-09 06:57:17,"0277 - New Boston, TX",Diesel,New Boston,TX,121.66100000000006,0,0.0,3
2026-03-09 06:57:17,"0277 - New Boston, TX",Unlead,New Boston,TX,12.709599999999227,0,0.0,1
2026-03-09 06:57:17,"0278 - Brinkley, AR",Diesel,Brinkley,AR,108.06600000000071,0,0.0,3
2026-03-09 06:57:17,"0278 - Brinkley, AR",Unlead,Brinkley,AR,24.396999999999025,0,0.0,1
2026-03-09 06:57:17,"0279 - Marion, IL",Diesel,Marion,IL,118.67350000000079,0,0.0,3
2026-03-09 06:57:17,"0279 - Marion, IL",Unlead,Marion,IL,95.67900000000009,0,0.0,1
2026-03-09 06:57:17,"0280 - Monahans, TX",Diesel,Monahans,TX,223.26699999999983,0,0.0,3
2026-03-09 06:57:17,"0280 - Monahans, TX",Unlead,Monahans,TX,0.0,1,2158.7079999999987,1
2026-03-09 06:57:17,"0281 - Cisco, TX",Diesel,Cisco,TX,0.0,0,0.0,3
2026-03-09 06:57:17,"0281 - Cisco, TX",Unlead,Cisco,TX,0.0,0,0.0,1
2026-03-09 06:57:17,"0282 - Gainesville, TX",Diesel,Gainesville,TX,0.0,0,0.0,3
2026-03-09 06:57:17,"0282 - Gainesville, TX",Unlead,Gainesville,TX,26.796000000000276,0,0.0,1
2026-03-09 06:57:17,"0283 - Sealy, TX",Diesel,Sealy,TX,32.63699999999881,0,0.0,3
2026-03-09 06:57:17,"0283 - Sealy, TX",Unlead,Sealy,TX,35.92499999999927,0,0.0,1
2026-03-09 06:57:17,"0284 - New Deal, TX",Diesel,New Deal,TX,55.21939999999904,0,0.0,3
2026-03-09 06:57:17,"0284 - New Deal, TX",Unlead,New Deal,TX,83.42200000000048,0,0.0,1
2026-03-09 06:57:17,"0285 - Seguin, TX",Diesel,Seguin,TX,0.0,0,0.0,3
2026-03-09 06:57:17,"0285 - Seguin, TX",Unlead,Seguin,TX,0.0,0,0.0,1
2026-03-09 06:57:17,"0286 - Amarillo, TX",Diesel,Amarillo,TX,109.78000000000065,0,0.0,3
2026-03-09 06:57:17,"0286 - Amarillo, TX",Unlead,Amarillo,TX,0.0,0,0.0,1
2026-03-09 06:57:17,"0287 - Burbonnais, IL",Diesel,Burbonnais,IL,152.63400000000183,0,0.0,3
2026-03-09 06:57:17,"0287 - Burbonnais, IL",Unlead,Burbonnais,IL,0.0,0,0.0,1
2026-03-09 06:57:17,"0289 - Teague, TX",Diesel,Teague,TX,94.01200000000063,0,0.0,3
2026-03-09 06:57:17,"0289 - Teague, TX",Unlead,Teague,TX,50.220000000001164,0,0.0,1
2026-03-09 06:57:17,"0290 - Joplin, MO",Diesel,Joplin,MO,0.0,0,0.0,3
2026-03-09 06:57:17,"0290 - Joplin, MO",Unlead,Joplin,MO,0.0,0,0.0,1
2026-03-09 06:57:17,"0312 - Vidor, TX",Diesel,Vidor,TX,208.3140000000003,0,0.0,3
2026-03-09 06:57:17,"0312 - Vidor, TX",Unlead,Vidor,TX,0.0,1,2577.5236999999997,1
2026-03-09 06:57:17,"0315 - Laredo, TX",Diesel,Laredo,TX,0.0,0,0.0,3
2026-03-09 06:57:17,"0315 - Laredo, TX",Unlead,Laredo,TX,6.872000000001208,0,0.0,1
2026-03-09 06:57:17,"0319 - Milford, TX",Diesel,Milford,TX,100.91699999999764,0,0.0,3
2026-03-09 06:57:17,"0319 - Milford, TX",Unlead,Milford,TX,18.706999999999425,0,0.0,1
2026-03-09 06:57:17,"0323 - Canton, TX",Diesel,Canton,TX,20.090000000000146,0,0.0,3
2026-03-09 06:57:17,"0323 - Canton, TX",Unlead,Canton,TX,85.46800000000076,0,0.0,1
2026-03-09 07:12:20,"0118 - Springfield, IL",Diesel,Springfield,IL,0.0,0,0.0,3
2026-03-09 07:12:20,"0118 - Springfield, IL",Unlead,Springfield,IL,30.0,0,0.0,1
2026-03-09 07:12:20,"0132 - Champaign, IL",Diesel,Champaign,IL,66.02200000000084,0,0.0,3
2026-03-09 07:12:20,"0132 - Champaign, IL",Unlead,Champaign,IL,64.45399999999972,0,0.0,1
2026-03-09 07:12:20,"0136 - Cottage Grove, WI",Diesel,Cottage Grove,WI,0.0,0,0.0,2
2026-03-09 07:12:20,"0136 - Cottage Grove, WI",Unlead,Cottage Grove,WI,47.50699999999961,0,0.0,1
2026-03-09 07:12:20,"0139 - Tuscola, IL",Diesel,Tuscola,IL,0.0,0,0.0,1
2026-03-09 07:12:20,"0139 - Tuscola, IL",Unlead,Tuscola,IL,13.0,0,0.0,2
2026-03-09 07:12:20,"0140 - Mendota, IL",Diesel,Mendota,IL,0.0,0,0.0,2
2026-03-09 07:12:20,"0140 - Mendota, IL",Unlead,Mendota,IL,48.0,0,0.0,2
2026-03-09 07:12:20,"0141 - Brazil, IN",Diesel,Brazil,IN,0.0,0,0.0,4
2026-03-09 07:12:20,"0141 - Brazil, IN",Unlead,Brazil,IN,6.0,0,0.0,1
2026-03-09 07:12:20,"0144 - Elk Run Height, IA",Diesel,Elk Run Height,IA,138.0,0,0.0,4
2026-03-09 07:12:20,"0144 - Elk Run Height, IA",Unlead,Elk Run Height,IA,20.3753999999999,0,0.0,2
2026-03-09 07:12:20,"0145 - Fenton, MO",Diesel,Fenton,MO,0.0,0,0.0,2
2026-03-09 07:12:20,"0145 - Fenton, MO",Unlead,Fenton,MO,7.0,0,0.0,1
2026-03-09 07:12:20,"0157 - Okawville, IL",Diesel,Okawville,IL,0.0,0,0.0,3
2026-03-09 07:12:20,"0157 - Okawville, IL",Unlead,Okawville,IL,0.0,0,0.0,1
2026-03-09 07:12:20,"0181 - Springfield, IL",Diesel,Springfield,IL,56.898700000000645,0,0.0,3
2026-03-09 07:12:20,"0181 - Springfield, IL",Unlead,Springfield,IL,49.05400000000009,0,0.0,1
2026-03-09 07:12:20,"0185 - McLean, IL",Diesel,McLean,IL,169.32899999999972,0,0.0,4
2026-03-09 07:12:20,"0185 - McLean, IL",Unlead,McLean,IL,33.73399999999947,0,0.0,1
2026-03-09 07:12:20,"0186 - Minonk, IL",Diesel,Minonk,IL,0.0,0,0.0,3
2026-03-09 07:12:20,"0186 - Minonk, IL",Unlead,Minonk,IL,66.16200000000026,0,0.0,1
2026-03-09 07:12:20,"0187 - Chicago, IL",Diesel,Chicago,IL,0.0,0,0.0,3
2026-03-09 07:12:20,"0187 - Chicago, IL",Unlead,Chicago,IL,19.555999999999585,0,0.0,1
2026-03-09 07:12:20,"0203 - Rockford, IL",Diesel,Rockford,IL,42.699000000000524,0,0.0,1
2026-03-09 07:12:20,"0203 - Rockford, IL",Unlead,Rockford,IL,48.92100000000028,0,0.0,1
2026-03-09 07:12:20,"0205 - South Beloit, IL",Diesel,South Beloit,IL,0.0,0,0.0,3
2026-03-09 07:12:20,"0205 - South Beloit, IL",Unlead,South Beloit,IL,0.0,0,0.0,1
2026-03-09 07:12:20,"0206 - Winnebago, IL",Diesel,Winnebago,IL,0.0,0,0.0,1
2026-03-09 07:12:20,"0206 - Winnebago, IL",Unlead,Winnebago,IL,12.0,0,0.0,1
2026-03-09 07:12:20,"0209 - Oakdale, WI",Diesel,Oakdale,WI,0.0,0,0.0,3
2026-03-09 07:12:20,"0209 - Oakdale, WI",Unlead,Oakdale,WI,20.0,0,0.0,1
2026-03-09 07:12:20,"0210 - Rochelle, IL",Diesel,Rochelle,IL,99.0,0,0.0,3
2026-03-09 07:12:20,"0210 - Rochelle, IL",Unlead,Rochelle,IL,10.0,0,0.0,1
2026-03-09 07:12:20,"0211 - Loves Park, IL",Diesel,Loves Park,IL,47.0,0,0.0,1
2026-03-09 07:12:20,"0211 - Loves Park, IL",Unlead,Loves Park,IL,5.0,0,0.0,1
2026-03-09 07:12:20,"0225 - Princeton, IL",Diesel,Princeton,IL,12.0,0,0.0,4
2026-03-09 07:12:20,"0225 - Princeton, IL",Unlead,Princeton,IL,2.0,0,0.0,2
2026-03-09 07:12:20,"0226 - Greenwood, IN",Diesel,Greenwood,IN,86.0,0,0.0,2
2026-03-09 07:12:20,"0226 - Greenwood, IN",Unlead,Greenwood,IN,10.0,0,0.0,2
2026-03-09 07:12:20,"0235 - Hampshire, IL",Diesel,Hampshire,IL,39.0,0,0.0,2
2026-03-09 07:12:20,"0235 - Hampshire, IL",Unlead,Hampshire,IL,26.0,0,0.0,2
2026-03-09 07:12:20,"0236 - East Troy, WI",Diesel,East Troy,WI,0.0,0,0.0,2
2026-03-09 07:12:20,"0236 - East Troy, WI",Unlead,East Troy,WI,0.0,0,0.0,1
2026-03-09 07:12:20,"0240 - Lake Station, IN",Diesel,Lake Station,IN,280.0,0,0.0,5
2026-03-09 07:12:20,"0240 - Lake Station, IN",Unlead,Lake Station,IN,11.0,0,0.0,2
2026-03-09 07:12:20,"0242 - St Robert, MO",Diesel,St Robert,MO,77.08800000000156,0,0.0,4
2026-03-09 07:12:20,"0263 - Ottawa, IL",Diesel,Ottawa,IL,0.0,0,0.0,3
2026-03-09 07:12:20,"0263 - Ottawa, IL",Unlead,Ottawa,IL,74.0,0,0.0,1
2026-03-09 07:12:20,"0265 - Dixon, IL",Diesel,Dixon,IL,0.0,0,0.0,3
2026-03-09 07:12:20,"0265 - Dixon, IL",Unlead,Dixon,IL,0.0,0,0.0,1
2026-03-09 07:12:20,"0266 - New Berlin, IL",Diesel,New Berlin,IL,24.0,0,0.0,3
2026-03-09 07:12:20,"0266 - New Berlin, IL",Unlead,New Berlin,IL,3.418999999999869,0,0.0,1
2026-03-09 07:12:20,"0267 - Pharr, TX",Diesel,Pharr,TX,0.0,0,0.0,4
2026-03-09 07:12:20,"0267 - Pharr, TX",Unlead,Pharr,TX,15.0,0,0.0,1
2026-03-09 07:12:20,"0268 - Grayville, IL",Diesel,Grayville,IL,9.0,0,0.0,3
2026-03-09 07:12:20,"0268 - Grayville, IL",Unlead,Grayville,IL,37.0,0,0.0,1
2026-03-09 07:12:20,"0269 - Marshall, IL",Diesel,Marshall,IL,0.0,0,0.0,3
2026-03-09 07:12:20,"0269 - Marshall, IL",Unlead,Marshall,IL,9.0,0,0.0,1
2026-03-09 07:12:20,"0270 - Moore, TX",Diesel,Moore,TX,233.0,1,223.0,3
2026-03-09 07:12:20,"0270 - Moore, TX",Unlead,Moore,TX,56.0,0,0.0,1
2026-03-09 07:12:20,"0271 - Odessa, TX",Diesel,Odessa,TX,0.0,2,5677.598399999999,3
2026-03-09 07:12:20,"0271 - Odessa, TX",Unlead,Odessa,TX,60.72450000000026,0,0.0,1
2026-03-09 07:12:20,"0272 - Encinal, TX",Diesel,Encinal,TX,219.91550000000097,0,0.0,3
2026-03-09 07:12:20,"0272 - Encinal, TX",Unlead,Encinal,TX,30.896999999999025,0,0.0,1
2026-03-09 07:12:20,"0273 - Combes, TX",Diesel,Combes,TX,0.0,0,0.0,3
2026-03-09 07:12:20,"0273 - Combes, TX",Unlead,Combes,TX,102.20399999999972,0,0.0,1
2026-03-09 07:12:20,"0275 - Sonora, TX",Diesel,Sonora,TX,119.3864999999987,0,0.0,3
2026-03-09 07:12:20,"0275 - Sonora, TX",Unlead,Sonora,TX,26.427200000000084,0,0.0,1
2026-03-09 07:12:20,"0276 - Waco, TX",Diesel,Waco,TX,7.931000000000495,0,0.0,3
2026-03-09 07:12:20,"0276 - Waco, TX",Unlead,Waco,TX,42.77399999999943,0,0.0,1
2026-03-09 07:12:20,"0277 - New Boston, TX",Diesel,New Boston,TX,0.0,0,0.0,3
2026-03-09 07:12:20,"0277 - New Boston, TX",Unlead,New Boston,TX,0.0,0,0.0,1
2026-03-09 07:12:20,"0278 - Brinkley, AR",Diesel,Brinkley,AR,82.27399999999943,0,0.0,3
2026-03-09 07:12:20,"0278 - Brinkley, AR",Unlead,Brinkley,AR,10.680000000000291,0,0.0,1
2026-03-09 07:12:20,"0279 - Marion, IL",Diesel,Marion,IL,144.01399999999558,0,0.0,3
2026-03-09 07:12:20,"0279 - Marion, IL",Unlead,Marion,IL,85.30599999999868,0,0.0,1
2026-03-09 07:12:20,"0280 - Monahans, TX",Diesel,Monahans,TX,133.48199999999997,0,0.0,3
2026-03-09 07:12:20,"0280 - Monahans, TX",Unlead,Monahans,TX,56.33499999999913,0,0.0,1
2026-03-09 07:12:20,"0281 - Cisco, TX",Diesel,Cisco,TX,0.0,0,0.0,3
2026-03-09 07:12:20,"0281 - Cisco, TX",Unlead,Cisco,TX,0.0,0,0.0,1
2026-03-09 07:12:20,"0282 - Gainesville, TX",Diesel,Gainesville,TX,0.0,0,0.0,3
2026-03-09 07:12:20,"0282 - Gainesville, TX",Unlead,Gainesville,TX,13.493000000000393,0,0.0,1
2026-03-09 07:12:20,"0283 - Sealy, TX",Diesel,Sealy,TX,45.707000000000335,0,0.0,3
2026-03-09 07:12:20,"0283 - Sealy, TX",Unlead,Sealy,TX,15.56800000000112,0,0.0,1
2026-03-09 07:12:20,"0284 - New Deal, TX",Diesel,New Deal,TX,144.1276000000007,0,0.0,3
2026-03-09 07:12:20,"0284 - New Deal, TX",Unlead,New Deal,TX,2.503000000000611,0,0.0,1
2026-03-09 07:12:20,"0285 - Seguin, TX",Diesel,Seguin,TX,100.2604999999985,0,0.0,3
2026-03-09 07:12:20,"0285 - Seguin, TX",Unlead,Seguin,TX,42.09599999999955,0,0.0,1
2026-03-09 07:12:20,"0286 - Amarillo, TX",Diesel,Amarillo,TX,120.71500000000015,0,0.0,3
2026-03-09 07:12:20,"0286 - Amarillo, TX",Unlead,Amarillo,TX,0.0,0,0.0,1
2026-03-09 07:12:20,"0287 - Burbonnais, IL",Diesel,Burbonnais,IL,226.63600000000042,0,0.0,3
2026-03-09 07:12:20,"0287 - Burbonnais, IL",Unlead,Burbonnais,IL,58.32809999999972,0,0.0,1
2026-03-09 07:12:20,"0289 - Teague, TX",Diesel,Teague,TX,46.30550000000039,0,0.0,3
2026-03-09 07:12:20,"0289 - Teague, TX",Unlead,Teague,TX,36.322000000000116,0,0.0,1
2026-03-09 07:12:20,"0290 - Joplin, MO",Diesel,Joplin,MO,0.0,0,0.0,3
2026-03-09 07:12:20,"0290 - Joplin, MO",Unlead,Joplin,MO,0.0,0,0.0,1
2026-03-09 07:12:20,"0312 - Vidor, TX",Diesel,Vidor,TX,50.30999999999949,0,0.0,3
2026-03-09 07:12:20,"0312 - Vidor, TX",Unlead,Vidor,TX,0.0,1,2614.5509999999995,1
2026-03-09 07:12:20,"0315 - Laredo, TX",Diesel,Laredo,TX,0.0,0,0.0,3
2026-03-09 07:12:20,"0315 - Laredo, TX",Unlead,Laredo,TX,22.115999999999985,0,0.0,1
2026-03-09 07:12:20,"0319 - Milford, TX",Diesel,Milford,TX,32.29650000000038,0,0.0,3
2026-03-09 07:12:20,"0319 - Milford, TX",Unlead,Milford,TX,29.060099999999693,0,0.0,1
2026-03-09 07:12:20,"0323 - Canton, TX",Diesel,Canton,TX,76.71199999999953,0,0.0,3
2026-03-09 07:12:20,"0323 - Canton, TX",Unlead,Canton,TX,37.35000000000218,0,0.0,1
2026-03-09 07:27:22,"0118 - Springfield, IL",Diesel,Springfield,IL,111.0,0,0.0,3
2026-03-09 07:27:22,"0118 - Springfield, IL",Unlead,Springfield,IL,34.0,0,0.0,1
2026-03-09 07:27:22,"0132 - Champaign, IL",Diesel,Champaign,IL,123.50199999999859,0,0.0,3
2026-03-09 07:27:22,"0132 - Champaign, IL",Unlead,Champaign,IL,48.1820000000007,0,0.0,1
2026-03-09 07:27:22,"0136 - Cottage Grove, WI",Diesel,Cottage Grove,WI,0.0,0,0.0,2
2026-03-09 07:27:22,"0136 - Cottage Grove, WI",Unlead,Cottage Grove,WI,6.251000000000204,0,0.0,1
2026-03-09 07:27:22,"0139 - Tuscola, IL",Diesel,Tuscola,IL,0.0,0,0.0,1
2026-03-09 07:27:22,"0139 - Tuscola, IL",Unlead,Tuscola,IL,66.0,0,0.0,2
2026-03-09 07:27:22,"0140 - Mendota, IL",Diesel,Mendota,IL,24.0,0,0.0,2
2026-03-09 07:27:22,"0140 - Mendota, IL",Unlead,Mendota,IL,0.0,0,0.0,2
2026-03-09 07:27:22,"0141 - Brazil, IN",Diesel,Brazil,IN,0.0,0,0.0,4
2026-03-09 07:27:22,"0141 - Brazil, IN",Unlead,Brazil,IN,6.0,0,0.0,1
2026-03-09 07:27:22,"0144 - Elk Run Height, IA",Diesel,Elk Run Height,IA,189.0,0,0.0,4
2026-03-09 07:27:22,"0144 - Elk Run Height, IA",Unlead,Elk Run Height,IA,0.0,0,0.0,2
2026-03-09 07:27:22,"0145 - Fenton, MO",Diesel,Fenton,MO,163.0,0,0.0,2
2026-03-09 07:27:22,"0145 - Fenton, MO",Unlead,Fenton,MO,3.0,0,0.0,1
2026-03-09 07:27:22,"0157 - Okawville, IL",Diesel,Okawville,IL,0.0,0,0.0,3
2026-03-09 07:27:22,"0157 - Okawville, IL",Unlead,Okawville,IL,28.549600000000282,0,0.0,1
2026-03-09 07:27:22,"0181 - Springfield, IL",Diesel,Springfield,IL,119.83749999999873,0,0.0,3
2026-03-09 07:27:22,"0181 - Springfield, IL",Unlead,Springfield,IL,84.34000000000015,0,0.0,1
2026-03-09 07:27:22,"0185 - McLean, IL",Diesel,McLean,IL,104.56150000000162,0,0.0,4
2026-03-09 07:27:22,"0185 - McLean, IL",Unlead,McLean,IL,23.29240000000027,0,0.0,1
2026-03-09 07:27:22,"0186 - Minonk, IL",Diesel,Minonk,IL,151.40300000000025,0,0.0,3
2026-03-09 07:27:22,"0186 - Minonk, IL",Unlead,Minonk,IL,56.33299999999872,0,0.0,1
2026-03-09 07:27:22,"0187 - Chicago, IL",Diesel,Chicago,IL,0.0,0,0.0,3
2026-03-09 07:27:22,"0187 - Chicago, IL",Unlead,Chicago,IL,25.739300000000185,0,0.0,1
2026-03-09 07:27:22,"0203 - Rockford, IL",Diesel,Rockford,IL,0.0,0,0.0,1
2026-03-09 07:27:22,"0203 - Rockford, IL",Unlead,Rockford,IL,17.015000000001237,0,0.0,1
2026-03-09 07:27:22,"0205 - South Beloit, IL",Diesel,South Beloit,IL,8.0,0,0.0,3
2026-03-09 07:27:22,"0205 - South Beloit, IL",Unlead,South Beloit,IL,22.0,0,0.0,1
2026-03-09 07:27:22,"0206 - Winnebago, IL",Diesel,Winnebago,IL,27.0,0,0.0,1
2026-03-09 07:27:22,"0206 - Winnebago, IL",Unlead,Winnebago,IL,12.0,0,0.0,1
2026-03-09 07:27:22,"0209 - Oakdale, WI",Diesel,Oakdale,WI,26.0,0,0.0,3
2026-03-09 07:27:22,"0209 - Oakdale, WI",Unlead,Oakdale,WI,33.0,0,0.0,1
2026-03-09 07:27:22,"0210 - Rochelle, IL",Diesel,Rochelle,IL,0.0,0,0.0,3
2026-03-09 07:27:22,"0210 - Rochelle, IL",Unlead,Rochelle,IL,38.0,0,0.0,1
2026-03-09 07:27:22,"0211 - Loves Park, IL",Diesel,Loves Park,IL,109.0,0,0.0,1
2026-03-09 07:27:22,"0211 - Loves Park, IL",Unlead,Loves Park,IL,31.0,0,0.0,1
2026-03-09 07:27:22,"0225 - Princeton, IL",Diesel,Princeton,IL,50.0,0,0.0,4
2026-03-09 07:27:22,"0225 - Princeton, IL",Unlead,Princeton,IL,2.0,0,0.0,2
2026-03-09 07:27:22,"0226 - Greenwood, IN",Diesel,Greenwood,IN,117.0,0,0.0,2
2026-03-09 07:27:22,"0226 - Greenwood, IN",Unlead,Greenwood,IN,28.0,0,0.0,2
2026-03-09 07:27:22,"0235 - Hampshire, IL",Diesel,Hampshire,IL,297.0,0,0.0,2
2026-03-09 07:27:22,"0235 - Hampshire, IL",Unlead,Hampshire,IL,35.0,0,0.0,2
2026-03-09 07:27:22,"0236 - East Troy, WI",Diesel,East Troy,WI,0.0,0,0.0,2
2026-03-09 07:27:22,"0236 - East Troy, WI",Unlead,East Troy,WI,0.0,0,0.0,1
2026-03-09 07:27:22,"0240 - Lake Station, IN",Diesel,Lake Station,IN,17.0,0,0.0,5
2026-03-09 07:27:22,"0240 - Lake Station, IN",Unlead,Lake Station,IN,3.0,0,0.0,2
2026-03-09 07:27:22,"0242 - St Robert, MO",Diesel,St Robert,MO,53.89300000000003,0,0.0,4
2026-03-09 07:27:22,"0263 - Ottawa, IL",Diesel,Ottawa,IL,226.0,0,0.0,3
2026-03-09 07:27:22,"0263 - Ottawa, IL",Unlead,Ottawa,IL,15.0,0,0.0,1
2026-03-09 07:27:22,"0265 - Dixon, IL",Diesel,Dixon,IL,0.0,0,0.0,3
2026-03-09 07:27:22,"0265 - Dixon, IL",Unlead,Dixon,IL,0.0,0,0.0,1
2026-03-09 07:27:22,"0266 - New Berlin, IL",Diesel,New Berlin,IL,0.0,0,0.0,3
2026-03-09 07:27:22,"0266 - New Berlin, IL",Unlead,New Berlin,IL,5.8659999999999854,0,0.0,1
2026-03-09 07:27:22,"0267 - Pharr, TX",Diesel,Pharr,TX,0.0,2,821.0,4
2026-03-09 07:27:22,"0267 - Pharr, TX",Unlead,Pharr,TX,10.0,0,0.0,1
2026-03-09 07:27:22,"0268 - Grayville, IL",Diesel,Grayville,IL,20.0,0,0.0,3
2026-03-09 07:27:22,"0268 - Grayville, IL",Unlead,Grayville,IL,0.0,0,0.0,1
2026-03-09 07:27:22,"0269 - Marshall, IL",Diesel,Marshall,IL,0.0,0,0.0,3
2026-03-09 07:27:22,"0269 - Marshall, IL",Unlead,Marshall,IL,40.0,0,0.0,1
2026-03-09 07:27:22,"0270 - Moore, TX",Diesel,Moore,TX,130.0,0,0.0,3
2026-03-09 07:27:22,"0270 - Moore, TX",Unlead,Moore,TX,25.0,0,0.0,1
2026-03-09 07:27:22,"0271 - Odessa, TX",Diesel,Odessa,TX,105.90400000000045,1,2004.9714000000004,3
2026-03-09 07:27:22,"0271 - Odessa, TX",Unlead,Odessa,TX,48.78899999999976,0,0.0,1
2026-03-09 07:27:22,"0272 - Encinal, TX",Diesel,Encinal,TX,19.758499999999913,0,0.0,3
2026-03-09 07:27:22,"0272 - Encinal, TX",Unlead,Encinal,TX,38.426000000001295,0,0.0,1
2026-03-09 07:27:22,"0273 - Combes, TX",Diesel,Combes,TX,10.927300000000287,0,0.0,3
2026-03-09 07:27:22,"0273 - Combes, TX",Unlead,Combes,TX,150.52100000000064,0,0.0,1
2026-03-09 07:27:22,"0275 - Sonora, TX",Diesel,Sonora,TX,17.236000000000786,0,0.0,3
2026-03-09 07:27:22,"0275 - Sonora, TX",Unlead,Sonora,TX,16.51170000000002,0,0.0,1
2026-03-09 07:27:22,"0276 - Waco, TX",Diesel,Waco,TX,91.69400000000132,0,0.0,3
2026-03-09 07:27:22,"0276 - Waco, TX",Unlead,Waco,TX,15.19300000000112,0,0.0,1
2026-03-09 07:27:22,"0277 - New Boston, TX",Diesel,New Boston,TX,275.5849999999973,0,0.0,3
2026-03-09 07:27:22,"0277 - New Boston, TX",Unlead,New Boston,TX,13.687600000000202,0,0.0,1
2026-03-09 07:27:22,"0278 - Brinkley, AR",Diesel,Brinkley,AR,244.9350000000013,0,0.0,3
2026-03-09 07:27:22,"0278 - Brinkley, AR",Unlead,Brinkley,AR,43.63639999999941,0,0.0,1
2026-03-09 07:27:22,"0279 - Marion, IL",Diesel,Marion,IL,0.0,0,0.0,3
2026-03-09 07:27:22,"0279 - Marion, IL",Unlead,Marion,IL,78.29100000000108,0,0.0,1
2026-03-09 07:27:22,"0280 - Monahans, TX",Diesel,Monahans,TX,181.92549999999937,0,0.0,3
2026-03-09 07:27:22,"0280 - Monahans, TX",Unlead,Monahans,TX,120.62800000000061,0,0.0,1
2026-03-09 07:27:22,"0281 - Cisco, TX",Diesel,Cisco,TX,0.0,0,0.0,3
2026-03-09 07:27:22,"0281 - Cisco, TX",Unlead,Cisco,TX,0.0,0,0.0,1
2026-03-09 07:27:22,"0282 - Gainesville, TX",Diesel,Gainesville,TX,159.5640000000003,0,0.0,3
2026-03-09 07:27:22,"0282 - Gainesville, TX",Unlead,Gainesville,TX,54.899999999999636,0,0.0,1
2026-03-09 07:27:22,"0283 - Sealy, TX",Diesel,Sealy,TX,181.93299999999908,0,0.0,3
2026-03-09 07:27:22,"0283 - Sealy, TX",Unlead,Sealy,TX,14.700999999999112,0,0.0,1
2026-03-09 07:27:22,"0284 - New Deal, TX",Diesel,New Deal,TX,19.42950000000019,0,0.0,3
2026-03-09 07:27:22,"0284 - New Deal, TX",Unlead,New Deal,TX,43.259000000000015,0,0.0,1
2026-03-09 07:27:22,"0285 - Seguin, TX",Diesel,Seguin,TX,73.85850000000028,0,0.0,3
2026-03-09 07:27:22,"0285 - Seguin, TX",Unlead,Seguin,TX,15.477000000000771,0,0.0,1
2026-03-09 07:27:22,"0286 - Amarillo, TX",Diesel,Amarillo,TX,0.0,0,0.0,3
2026-03-09 07:27:22,"0286 - Amarillo, TX",Unlead,Amarillo,TX,0.0,0,0.0,1
2026-03-09 07:27:22,"0287 - Burbonnais, IL",Diesel,Burbonnais,IL,133.73099999999977,0,0.0,3
2026-03-09 07:27:22,"0287 - Burbonnais, IL",Unlead,Burbonnais,IL,15.856900000000678,0,0.0,1
2026-03-09 07:27:22,"0289 - Teague, TX",Diesel,Teague,TX,84.26449999999932,0,0.0,3
2026-03-09 07:27:22,"0289 - Teague, TX",Unlead,Teague,TX,75.14400000000023,0,0.0,1
2026-03-09 07:27:22,"0290 - Joplin, MO",Diesel,Joplin,MO,0.0,0,0.0,3
2026-03-09 07:27:22,"0290 - Joplin, MO",Unlead,Joplin,MO,19.685999999999694,0,0.0,1
2026-03-09 07:27:22,"0312 - Vidor, TX",Diesel,Vidor,TX,52.82099999999991,0,0.0,3
2026-03-09 07:27:22,"0312 - Vidor, TX",Unlead,Vidor,TX,0.0,1,3238.0650000000005,1
2026-03-09 07:27:22,"0315 - Laredo, TX",Diesel,Laredo,TX,0.0,0,0.0,3
2026-03-09 07:27:22,"0315 - Laredo, TX",Unlead,Laredo,TX,15.274999999999636,0,0.0,1
2026-03-09 07:27:22,"0319 - Milford, TX",Diesel,Milford,TX,40.97450000000026,0,0.0,3
2026-03-09 07:27:22,"0319 - Milford, TX",Unlead,Milford,TX,39.513600000000224,0,0.0,1
2026-03-09 07:27:22,"0323 - Canton, TX",Diesel,Canton,TX,0.0,0,0.0,3
2026-03-09 07:27:22,"0323 - Canton, TX",Unlead,Canton,TX,29.427999999999884,0,0.0,1
2026-03-09 07:42:25,"0118 - Springfield, IL",Diesel,Springfield,IL,125.0,0,0.0,3
2026-03-09 07:42:25,"0118 - Springfield, IL",Unlead,Springfield,IL,12.0,0,0.0,1
2026-03-09 07:42:25,"0132 - Champaign, IL",Diesel,Champaign,IL,0.0,0,0.0,3
2026-03-09 07:42:25,"0132 - Champaign, IL",Unlead,Champaign,IL,37.04399999999987,0,0.0,1
2026-03-09 07:42:25,"0136 - Cottage Grove, WI",Diesel,Cottage Grove,WI,161.45000000000073,0,0.0,2
2026-03-09 07:42:25,"0136 - Cottage Grove, WI",Unlead,Cottage Grove,WI,0.0,0,0.0,1
2026-03-09 07:42:25,"0139 - Tuscola, IL",Diesel,Tuscola,IL,77.0,0,0.0,1
2026-03-09 07:42:25,"0139 - Tuscola, IL",Unlead,Tuscola,IL,106.0,0,0.0,2
2026-03-09 07:42:25,"0140 - Mendota, IL",Diesel,Mendota,IL,282.0,0,0.0,2
2026-03-09 07:42:25,"0140 - Mendota, IL",Unlead,Mendota,IL,19.0,0,0.0,2
2026-03-09 07:42:25,"0141 - Brazil, IN",Diesel,Brazil,IN,28.82510000000002,0,0.0,4
2026-03-09 07:42:25,"0141 - Brazil, IN",Unlead,Brazil,IN,19.0,0,0.0,1
2026-03-09 07:42:25,"0144 - Elk Run Height, IA",Diesel,Elk Run Height,IA,216.0,0,0.0,4
2026-03-09 07:42:25,"0144 - Elk Run Height, IA",Unlead,Elk Run Height,IA,50.78850000000057,0,0.0,2
2026-03-09 07:42:25,"0145 - Fenton, MO",Diesel,Fenton,MO,289.0,0,0.0,2
2026-03-09 07:42:25,"0145 - Fenton, MO",Unlead,Fenton,MO,31.0,0,0.0,1
2026-03-09 07:42:25,"0157 - Okawville, IL",Diesel,Okawville,IL,0.0,0,0.0,3
2026-03-09 07:42:25,"0157 - Okawville, IL",Unlead,Okawville,IL,5.817399999999907,0,0.0,1
2026-03-09 07:42:25,"0181 - Springfield, IL",Diesel,Springfield,IL,38.35350000000108,0,0.0,3
2026-03-09 07:42:25,"0181 - Springfield, IL",Unlead,Springfield,IL,44.95900000000074,0,0.0,1
2026-03-09 07:42:25,"0185 - McLean, IL",Diesel,McLean,IL,0.0,0,0.0,4
2026-03-09 07:42:25,"0185 - McLean, IL",Unlead,McLean,IL,90.67159999999967,0,0.0,1
2026-03-09 07:42:25,"0186 - Minonk, IL",Diesel,Minonk,IL,0.0,0,0.0,3
2026-03-09 07:42:25,"0186 - Minonk, IL",Unlead,Minonk,IL,12.154000000000451,0,0.0,1
2026-03-09 07:42:25,"0187 - Chicago, IL",Diesel,Chicago,IL,0.0,0,0.0,3
2026-03-09 07:42:25,"0187 - Chicago, IL",Unlead,Chicago,IL,6.324700000000121,0,0.0,1
2026-03-09 07:42:25,"0203 - Rockford, IL",Diesel,Rockford,IL,26.042999999999665,0,0.0,1
2026-03-09 07:42:25,"0203 - Rockford, IL",Unlead,Rockford,IL,65.12799999999879,0,0.0,1
2026-03-09 07:42:25,"0205 - South Beloit, IL",Diesel,South Beloit,IL,0.0,0,0.0,3
2026-03-09 07:42:25,"0205 - South Beloit, IL",Unlead,South Beloit,IL,44.0,0,0.0,1
2026-03-09 07:42:25,"0206 - Winnebago, IL",Diesel,Winnebago,IL,0.0,0,0.0,1
2026-03-09 07:42:25,"0206 - Winnebago, IL",Unlead,Winnebago,IL,38.0,0,0.0,1
2026-03-09 07:42:25,"0209 - Oakdale, WI",Diesel,Oakdale,WI,0.0,0,0.0,3
2026-03-09 07:42:25,"0209 - Oakdale, WI",Unlead,Oakdale,WI,22.0,0,0.0,1
2026-03-09 07:42:25,"0210 - Rochelle, IL",Diesel,Rochelle,IL,24.0,0,0.0,3
2026-03-09 07:42:25,"0210 - Rochelle, IL",Unlead,Rochelle,IL,9.0,0,0.0,1
2026-03-09 07:42:25,"0211 - Loves Park, IL",Diesel,Loves Park,IL,0.0,0,0.0,1
2026-03-09 07:42:25,"0211 - Loves Park, IL",Unlead,Loves Park,IL,47.0,0,0.0,1
2026-03-09 07:42:25,"0225 - Princeton, IL",Diesel,Princeton,IL,11.0,0,0.0,4
2026-03-09 07:42:25,"0225 - Princeton, IL",Unlead,Princeton,IL,4.0,0,0.0,2
2026-03-09 07:42:25,"0226 - Greenwood, IN",Diesel,Greenwood,IN,51.0,0,0.0,2
2026-03-09 07:42:25,"0226 - Greenwood, IN",Unlead,Greenwood,IN,13.0,0,0.0,2
2026-03-09 07:42:25,"0235 - Hampshire, IL",Diesel,Hampshire,IL,95.0,0,0.0,2
2026-03-09 07:42:25,"0235 - Hampshire, IL",Unlead,Hampshire,IL,98.0,0,0.0,2
2026-03-09 07:42:25,"0236 - East Troy, WI",Diesel,East Troy,WI,0.0,0,0.0,2
2026-03-09 07:42:25,"0236 - East Troy, WI",Unlead,East Troy,WI,13.0,0,0.0,1
2026-03-09 07:42:25,"0240 - Lake Station, IN",Diesel,Lake Station,IN,0.0,0,0.0,5
2026-03-09 07:42:25,"0240 - Lake Station, IN",Unlead,Lake Station,IN,28.0,0,0.0,2
2026-03-09 07:42:25,"0242 - St Robert, MO",Diesel,St Robert,MO,91.69500000000062,0,0.0,4
2026-03-09 07:42:25,"0263 - Ottawa, IL",Diesel,Ottawa,IL,0.0,0,0.0,3
2026-03-09 07:42:25,"0263 - Ottawa, IL",Unlead,Ottawa,IL,49.0,0,0.0,1
2026-03-09 07:42:25,"0265 - Dixon, IL",Diesel,Dixon,IL,82.10499999999956,0,0.0,3
2026-03-09 07:42:25,"0265 - Dixon, IL",Unlead,Dixon,IL,16.540000000000873,0,0.0,1
2026-03-09 07:42:25,"0266 - New Berlin, IL",Diesel,New Berlin,IL,164.0,0,0.0,3
2026-03-09 07:42:25,"0266 - New Berlin, IL",Unlead,New Berlin,IL,19.134000000000015,0,0.0,1
2026-03-09 07:42:25,"0267 - Pharr, TX",Diesel,Pharr,TX,0.0,2,5713.0,4
2026-03-09 07:42:25,"0267 - Pharr, TX",Unlead,Pharr,TX,32.0,0,0.0,1
2026-03-09 07:42:25,"0268 - Grayville, IL",Diesel,Grayville,IL,52.0,0,0.0,3
2026-03-09 07:42:25,"0268 - Grayville, IL",Unlead,Grayville,IL,22.0,0,0.0,1
2026-03-09 07:42:25,"0269 - Marshall, IL",Diesel,Marshall,IL,0.0,0,0.0,3
2026-03-09 07:42:25,"0269 - Marshall, IL",Unlead,Marshall,IL,33.0,0,0.0,1
2026-03-09 07:42:25,"0270 - Moore, TX",Diesel,Moore,TX,170.0,1,165.0,3
2026-03-09 07:42:25,"0270 - Moore, TX",Unlead,Moore,TX,36.0,0,0.0,1
2026-03-09 07:42:25,"0271 - Odessa, TX",Diesel,Odessa,TX,91.45399999999972,0,0.0,3
2026-03-09 07:42:25,"0271 - Odessa, TX",Unlead,Odessa,TX,47.1850000000004,0,0.0,1
2026-03-09 07:42:25,"0272 - Encinal, TX",Diesel,Encinal,TX,0.0,0,0.0,3
2026-03-09 07:42:25,"0272 - Encinal, TX",Unlead,Encinal,TX,58.11700000000019,0,0.0,1
2026-03-09 07:42:25,"0273 - Combes, TX",Diesel,Combes,TX,0.0,0,0.0,3
2026-03-09 07:42:25,"0273 - Combes, TX",Unlead,Combes,TX,67.29199999999946,0,0.0,1
2026-03-09 07:42:25,"0275 - Sonora, TX",Diesel,Sonora,TX,0.0,0,0.0,3
2026-03-09 07:42:25,"0275 - Sonora, TX",Unlead,Sonora,TX,27.127700000000004,0,0.0,1
2026-03-09 07:42:25,"0276 - Waco, TX",Diesel,Waco,TX,93.55099999999948,0,0.0,3
2026-03-09 07:42:25,"0276 - Waco, TX",Unlead,Waco,TX,70.53999999999905,0,0.0,1
2026-03-09 07:42:25,"0277 - New Boston, TX",Diesel,New Boston,TX,0.0,0,0.0,3
2026-03-09 07:42:25,"0277 - New Boston, TX",Unlead,New Boston,TX,105.2489999999998,0,0.0,1
2026-03-09 07:42:25,"0278 - Brinkley, AR",Diesel,Brinkley,AR,105.24499999999898,0,0.0,3
2026-03-09 07:42:25,"0278 - Brinkley, AR",Unlead,Brinkley,AR,41.1226000000006,0,0.0,1
2026-03-09 07:42:25,"0279 - Marion, IL",Diesel,Marion,IL,28.597999999999956,0,0.0,3
2026-03-09 07:42:25,"0279 - Marion, IL",Unlead,Marion,IL,49.46899999999914,0,0.0,1
2026-03-09 07:42:25,"0280 - Monahans, TX",Diesel,Monahans,TX,143.72149999999965,0,0.0,3
2026-03-09 07:42:25,"0280 - Monahans, TX",Unlead,Monahans,TX,66.45600000000013,0,0.0,1
2026-03-09 07:42:25,"0281 - Cisco, TX",Diesel,Cisco,TX,0.0,0,0.0,3
2026-03-09 07:42:25,"0281 - Cisco, TX",Unlead,Cisco,TX,0.0,0,0.0,1
2026-03-09 07:42:25,"0282 - Gainesville, TX",Diesel,Gainesville,TX,0.0,0,0.0,3
2026-03-09 07:42:25,"0282 - Gainesville, TX",Unlead,Gainesville,TX,35.788000000000466,0,0.0,1
2026-03-09 07:42:25,"0283 - Sealy, TX",Diesel,Sealy,TX,63.07599999999911,0,0.0,3
2026-03-09 07:42:25,"0283 - Sealy, TX",Unlead,Sealy,TX,16.034999999999854,0,0.0,1
2026-03-09 07:42:25,"0284 - New Deal, TX",Diesel,New Deal,TX,68.29549999999927,0,0.0,3
2026-03-09 07:42:25,"0284 - New Deal, TX",Unlead,New Deal,TX,34.22400000000016,0,0.0,1
2026-03-09 07:42:25,"0285 - Seguin, TX",Diesel,Seguin,TX,26.01000000000022,0,0.0,3
2026-03-09 07:42:25,"0285 - Seguin, TX",Unlead,Seguin,TX,29.665999999999258,0,0.0,1
2026-03-09 07:42:25,"0286 - Amarillo, TX",Diesel,Amarillo,TX,0.0,0,0.0,3
2026-03-09 07:42:25,"0286 - Amarillo, TX",Unlead,Amarillo,TX,9.941000000000713,0,0.0,1
2026-03-09 07:42:25,"0287 - Burbonnais, IL",Diesel,Burbonnais,IL,0.0,0,0.0,3
2026-03-09 07:42:25,"0287 - Burbonnais, IL",Unlead,Burbonnais,IL,85.46969999999965,0,0.0,1
2026-03-09 07:42:25,"0289 - Teague, TX",Diesel,Teague,TX,96.77900000000045,0,0.0,3
2026-03-09 07:42:25,"0289 - Teague, TX",Unlead,Teague,TX,85.96899999999914,0,0.0,1
2026-03-09 07:42:25,"0290 - Joplin, MO",Diesel,Joplin,MO,72.07600000000093,0,0.0,3
2026-03-09 07:42:25,"0290 - Joplin, MO",Unlead,Joplin,MO,56.28099999999904,0,0.0,1
2026-03-09 07:42:25,"0312 - Vidor, TX",Diesel,Vidor,TX,36.472499999999854,0,0.0,3
2026-03-09 07:42:25,"0312 - Vidor, TX",Unlead,Vidor,TX,20.82600000000093,0,0.0,1
2026-03-09 07:42:25,"0315 - Laredo, TX",Diesel,Laredo,TX,128.29600000000391,0,0.0,3
2026-03-09 07:42:25,"0315 - Laredo, TX",Unlead,Laredo,TX,30.29199999999946,0,0.0,1
2026-03-09 07:42:25,"0319 - Milford, TX",Diesel,Milford,TX,129.9509999999973,0,0.0,3
2026-03-09 07:42:25,"0319 - Milford, TX",Unlead,Milford,TX,49.42100000000028,0,0.0,1
2026-03-09 07:42:25,"0323 - Canton, TX",Diesel,Canton,TX,18.63300000000163,0,0.0,3
2026-03-09 07:42:25,"0323 - Canton, TX",Unlead,Canton,TX,71.77899999999863,0,0.0,1
2026-03-09 07:57:28,"0118 - Springfield, IL",Diesel,Springfield,IL,26.0,0,0.0,3
2026-03-09 07:57:28,"0118 - Springfield, IL",Unlead,Springfield,IL,8.0,0,0.0,1
2026-03-09 07:57:28,"0132 - Champaign, IL",Diesel,Champaign,IL,60.34700000000157,0,0.0,3
2026-03-09 07:57:28,"0132 - Champaign, IL",Unlead,Champaign,IL,42.48599999999897,0,0.0,1
2026-03-09 07:57:28,"0136 - Cottage Grove, WI",Diesel,Cottage Grove,WI,160.97600000000057,0,0.0,2
2026-03-09 07:57:28,"0136 - Cottage Grove, WI",Unlead,Cottage Grove,WI,0.0,0,0.0,1
2026-03-09 07:57:28,"0139 - Tuscola, IL",Diesel,Tuscola,IL,61.0,0,0.0,1
2026-03-09 07:57:28,"0139 - Tuscola, IL",Unlead,Tuscola,IL,53.0,0,0.0,2
2026-03-09 07:57:28,"0140 - Mendota, IL",Diesel,Mendota,IL,0.0,0,0.0,2
2026-03-09 07:57:28,"0140 - Mendota, IL",Unlead,Mendota,IL,0.0,0,0.0,2
2026-03-09 07:57:28,"0141 - Brazil, IN",Diesel,Brazil,IN,0.0,0,0.0,4
2026-03-09 07:57:28,"0141 - Brazil, IN",Unlead,Brazil,IN,12.0,0,0.0,1
2026-03-09 07:57:28,"0144 - Elk Run Height, IA",Diesel,Elk Run Height,IA,51.0,0,0.0,4
2026-03-09 07:57:28,"0144 - Elk Run Height, IA",Unlead,Elk Run Height,IA,28.07249999999931,0,0.0,2
2026-03-09 07:57:28,"0145 - Fenton, MO",Diesel,Fenton,MO,177.0,0,0.0,2
2026-03-09 07:57:28,"0145 - Fenton, MO",Unlead,Fenton,MO,20.0,0,0.0,1
2026-03-09 07:57:28,"0157 - Okawville, IL",Diesel,Okawville,IL,0.0,0,0.0,3
2026-03-09 07:57:28,"0157 - Okawville, IL",Unlead,Okawville,IL,35.193999999999505,0,0.0,1
2026-03-09 07:57:28,"0181 - Springfield, IL",Diesel,Springfield,IL,86.74099999999908,0,0.0,3
2026-03-09 07:57:28,"0181 - Springfield, IL",Unlead,Springfield,IL,39.99799999999959,0,0.0,1
2026-03-09 07:57:28,"0185 - McLean, IL",Diesel,McLean,IL,0.0,0,0.0,4
2026-03-09 07:57:28,"0185 - McLean, IL",Unlead,McLean,IL,33.47199999999975,0,0.0,1
2026-03-09 07:57:28,"0186 - Minonk, IL",Diesel,Minonk,IL,41.87800000000061,0,0.0,3
2026-03-09 07:57:28,"0186 - Minonk, IL",Unlead,Minonk,IL,0.0,0,0.0,1
2026-03-09 07:57:28,"0187 - Chicago, IL",Diesel,Chicago,IL,34.0,0,0.0,3
2026-03-09 07:57:28,"0187 - Chicago, IL",Unlead,Chicago,IL,25.68199999999979,0,0.0,1
2026-03-09 07:57:28,"0203 - Rockford, IL",Diesel,Rockford,IL,0.0,0,0.0,1
2026-03-09 07:57:28,"0203 - Rockford, IL",Unlead,Rockford,IL,63.5619999999999,0,0.0,1
2026-03-09 07:57:28,"0205 - South Beloit, IL",Diesel,South Beloit,IL,0.0,0,0.0,3
2026-03-09 07:57:28,"0205 - South Beloit, IL",Unlead,South Beloit,IL,32.0,0,0.0,1
2026-03-09 07:57:28,"0206 - Winnebago, IL",Diesel,Winnebago,IL,81.0,0,0.0,1
2026-03-09 07:57:28,"0206 - Winnebago, IL",Unlead,Winnebago,IL,69.0,0,0.0,1
2026-03-09 07:57:28,"0209 - Oakdale, WI",Diesel,Oakdale,WI,0.0,0,0.0,3
2026-03-09 07:57:28,"0209 - Oakdale, WI",Unlead,Oakdale,WI,30.0,0,0.0,1
2026-03-09 07:57:28,"0210 - Rochelle, IL",Diesel,Rochelle,IL,0.0,0,0.0,3
2026-03-09 07:57:28,"0210 - Rochelle, IL",Unlead,Rochelle,IL,65.0,0,0.0,1
2026-03-09 07:57:28,"0211 - Loves Park, IL",Diesel,Loves Park,IL,0.0,0,0.0,1
2026-03-09 07:57:28,"0211 - Loves Park, IL",Unlead,Loves Park,IL,107.0,0,0.0,1
2026-03-09 07:57:28,"0225 - Princeton, IL",Diesel,Princeton,IL,176.0,0,0.0,4
2026-03-09 07:57:28,"0225 - Princeton, IL",Unlead,Princeton,IL,10.0,0,0.0,2
2026-03-09 07:57:28,"0226 - Greenwood, IN",Diesel,Greenwood,IN,95.0,0,0.0,2
2026-03-09 07:57:28,"0226 - Greenwood, IN",Unlead,Greenwood,IN,21.0,0,0.0,2
2026-03-09 07:57:28,"0235 - Hampshire, IL",Diesel,Hampshire,IL,0.0,0,0.0,2
2026-03-09 07:57:28,"0235 - Hampshire, IL",Unlead,Hampshire,IL,66.0,0,0.0,2
2026-03-09 07:57:28,"0236 - East Troy, WI",Diesel,East Troy,WI,76.0,0,0.0,2
2026-03-09 07:57:28,"0236 - East Troy, WI",Unlead,East Troy,WI,5.0,0,0.0,1
2026-03-09 07:57:28,"0240 - Lake Station, IN",Diesel,Lake Station,IN,218.0,0,0.0,5
2026-03-09 07:57:28,"0240 - Lake Station, IN",Unlead,Lake Station,IN,10.0,0,0.0,2
2026-03-09 07:57:28,"0242 - St Robert, MO",Diesel,St Robert,MO,0.0,4,946.4410000000007,4
2026-03-09 07:57:28,"0263 - Ottawa, IL",Diesel,Ottawa,IL,144.0,0,0.0,3
2026-03-09 07:57:28,"0263 - Ottawa, IL",Unlead,Ottawa,IL,32.0,0,0.0,1
2026-03-09 07:57:28,"0265 - Dixon, IL",Diesel,Dixon,IL,106.53000000000065,0,0.0,3
2026-03-09 07:57:28,"0265 - Dixon, IL",Unlead,Dixon,IL,30.708999999998923,0,0.0,1
2026-03-09 07:57:28,"0266 - New Berlin, IL",Diesel,New Berlin,IL,15.0,0,0.0,3
2026-03-09 07:57:28,"0266 - New Berlin, IL",Unlead,New Berlin,IL,11.316600000000108,0,0.0,1
2026-03-09 07:57:28,"0267 - Pharr, TX",Diesel,Pharr,TX,107.0,1,1177.0,4
2026-03-09 07:57:28,"0267 - Pharr, TX",Unlead,Pharr,TX,7.0,0,0.0,1
2026-03-09 07:57:28,"0268 - Grayville, IL",Diesel,Grayville,IL,44.0,0,0.0,3
2026-03-09 07:57:28,"0268 - Grayville, IL",Unlead,Grayville,IL,5.0,0,0.0,1
2026-03-09 07:57:28,"0269 - Marshall, IL",Diesel,Marshall,IL,0.0,0,0.0,3
2026-03-09 07:57:28,"0269 - Marshall, IL",Unlead,Marshall,IL,26.0,0,0.0,1
2026-03-09 07:57:28,"0270 - Moore, TX",Diesel,Moore,TX,80.0,0,0.0,3
2026-03-09 07:57:28,"0270 - Moore, TX",Unlead,Moore,TX,22.0,0,0.0,1
2026-03-09 07:57:28,"0271 - Odessa, TX",Diesel,Odessa,TX,10.218000000000757,0,0.0,3
2026-03-09 07:57:28,"0271 - Odessa, TX",Unlead,Odessa,TX,11.36160000000018,0,0.0,1
2026-03-09 07:57:28,"0272 - Encinal, TX",Diesel,Encinal,TX,78.42400000000089,0,0.0,3
2026-03-09 07:57:28,"0272 - Encinal, TX",Unlead,Encinal,TX,42.75699999999961,0,0.0,1
2026-03-09 07:57:28,"0273 - Combes, TX",Diesel,Combes,TX,24.550000000000182,0,0.0,3
2026-03-09 07:57:28,"0273 - Combes, TX",Unlead,Combes,TX,61.16100000000006,0,0.0,1
2026-03-09 07:57:28,"0275 - Sonora, TX",Diesel,Sonora,TX,0.0,0,0.0,3
2026-03-09 07:57:28,"0275 - Sonora, TX",Unlead,Sonora,TX,70.90900000000056,0,0.0,1
2026-03-09 07:57:28,"0276 - Waco, TX",Diesel,Waco,TX,129.01000000000022,0,0.0,3
2026-03-09 07:57:28,"0276 - Waco, TX",Unlead,Waco,TX,70.14000000000124,0,0.0,1
2026-03-09 07:57:28,"0277 - New Boston, TX",Diesel,New Boston,TX,0.0,0,0.0,3
2026-03-09 07:57:28,"0277 - New Boston, TX",Unlead,New Boston,TX,22.024900000000343,0,0.0,1
2026-03-09 07:57:28,"0278 - Brinkley, AR",Diesel,Brinkley,AR,138.44700000000012,0,0.0,3
2026-03-09 07:57:28,"0278 - Brinkley, AR",Unlead,Brinkley,AR,8.916000000000167,0,0.0,1
2026-03-09 07:57:28,"0279 - Marion, IL",Diesel,Marion,IL,0.0,0,0.0,3
2026-03-09 07:57:28,"0279 - Marion, IL",Unlead,Marion,IL,50.248999999999796,0,0.0,1
2026-03-09 07:57:28,"0280 - Monahans, TX",Diesel,Monahans,TX,117.86700000000201,0,0.0,3
2026-03-09 07:57:28,"0280 - Monahans, TX",Unlead,Monahans,TX,40.20899999999892,0,0.0,1
2026-03-09 07:57:28,"0281 - Cisco, TX",Diesel,Cisco,TX,0.0,0,0.0,3
2026-03-09 07:57:28,"0281 - Cisco, TX",Unlead,Cisco,TX,0.0,0,0.0,1
2026-03-09 07:57:28,"0282 - Gainesville, TX",Diesel,Gainesville,TX,40.6869999999999,0,0.0,3
2026-03-09 07:57:28,"0282 - Gainesville, TX",Unlead,Gainesville,TX,31.47400000000016,0,0.0,1
2026-03-09 07:57:28,"0283 - Sealy, TX",Diesel,Sealy,TX,129.79300000000148,0,0.0,3
2026-03-09 07:57:28,"0283 - Sealy, TX",Unlead,Sealy,TX,28.69800000000032,0,0.0,1
2026-03-09 07:57:28,"0284 - New Deal, TX",Diesel,New Deal,TX,120.37790000000041,0,0.0,3
2026-03-09 07:57:28,"0284 - New Deal, TX",Unlead,New Deal,TX,31.531999999999243,0,0.0,1
2026-03-09 07:57:28,"0285 - Seguin, TX",Diesel,Seguin,TX,114.56999999999971,0,0.0,3
2026-03-09 07:57:28,"0285 - Seguin, TX",Unlead,Seguin,TX,0.0,0,0.0,1
2026-03-09 07:57:28,"0286 - Amarillo, TX",Diesel,Amarillo,TX,87.35599999999977,0,0.0,3
2026-03-09 07:57:28,"0286 - Amarillo, TX",Unlead,Amarillo,TX,8.897000000000844,0,0.0,1
2026-03-09 07:57:28,"0287 - Burbonnais, IL",Diesel,Burbonnais,IL,0.0,0,0.0,3
2026-03-09 07:57:28,"0287 - Burbonnais, IL",Unlead,Burbonnais,IL,66.96730000000025,0,0.0,1
2026-03-09 07:57:28,"0289 - Teague, TX",Diesel,Teague,TX,0.0,1,3574.9204,3
2026-03-09 07:57:28,"0289 - Teague, TX",Unlead,Teague,TX,49.95560000000023,0,0.0,1
2026-03-09 07:57:28,"0290 - Joplin, MO",Diesel,Joplin,MO,39.06500000000051,0,0.0,3
2026-03-09 07:57:28,"0290 - Joplin, MO",Unlead,Joplin,MO,55.50200000000041,0,0.0,1
2026-03-09 07:57:28,"0312 - Vidor, TX",Diesel,Vidor,TX,78.3734999999997,0,0.0,3
2026-03-09 07:57:28,"0312 - Vidor, TX",Unlead,Vidor,TX,39.08999999999833,0,0.0,1
2026-03-09 07:57:28,"0315 - Laredo, TX",Diesel,Laredo,TX,40.45799999999872,0,0.0,3
2026-03-09 07:57:28,"0315 - Laredo, TX",Unlead,Laredo,TX,31.55199999999968,0,0.0,1
2026-03-09 07:57:28,"0319 - Milford, TX",Diesel,Milford,TX,39.36700000000201,0,0.0,3
2026-03-09 07:57:28,"0319 - Milford, TX",Unlead,Milford,TX,44.13760000000002,0,0.0,1
2026-03-09 07:57:28,"0323 - Canton, TX",Diesel,Canton,TX,13.822000000000116,0,0.0,3
2026-03-09 07:57:28,"0323 - Canton, TX",Unlead,Canton,TX,55.090000000000146,0,0.0,1
2026-03-09 08:12:31,"0118 - Springfield, IL",Diesel,Springfield,IL,17.0,0,0.0,3
2026-03-09 08:12:31,"0118 - Springfield, IL",Unlead,Springfield,IL,130.0,0,0.0,1
2026-03-09 08:12:31,"0132 - Champaign, IL",Diesel,Champaign,IL,38.21599999999853,0,0.0,3
2026-03-09 08:12:31,"0132 - Champaign, IL",Unlead,Champaign,IL,84.31900000000132,0,0.0,1
2026-03-09 08:12:31,"0136 - Cottage Grove, WI",Diesel,Cottage Grove,WI,187.20499999999993,0,0.0,2
2026-03-09 08:12:31,"0136 - Cottage Grove, WI",Unlead,Cottage Grove,WI,13.76299999999901,0,0.0,1
2026-03-09 08:12:31,"0139 - Tuscola, IL",Diesel,Tuscola,IL,68.0,0,0.0,1
2026-03-09 08:12:31,"0139 - Tuscola, IL",Unlead,Tuscola,IL,113.0,0,0.0,2
2026-03-09 08:12:31,"0140 - Mendota, IL",Diesel,Mendota,IL,0.0,0,0.0,2
2026-03-09 08:12:31,"0140 - Mendota, IL",Unlead,Mendota,IL,22.0,0,0.0,2
2026-03-09 08:12:31,"0141 - Brazil, IN",Diesel,Brazil,IN,0.0,0,0.0,4
2026-03-09 08:12:31,"0141 - Brazil, IN",Unlead,Brazil,IN,34.0,0,0.0,1
2026-03-09 08:12:31,"0144 - Elk Run Height, IA",Diesel,Elk Run Height,IA,19.0,0,0.0,4
2026-03-09 08:12:31,"0144 - Elk Run Height, IA",Unlead,Elk Run Height,IA,25.64639999999963,0,0.0,2
2026-03-09 08:12:31,"0145 - Fenton, MO",Diesel,Fenton,MO,142.0,0,0.0,2
2026-03-09 08:12:31,"0145 - Fenton, MO",Unlead,Fenton,MO,17.0,0,0.0,1
2026-03-09 08:12:31,"0157 - Okawville, IL",Diesel,Okawville,IL,144.0,0,0.0,3
2026-03-09 08:12:31,"0157 - Okawville, IL",Unlead,Okawville,IL,11.494500000000698,0,0.0,1
2026-03-09 08:12:31,"0181 - Springfield, IL",Diesel,Springfield,IL,24.15599999999904,0,0.0,3
2026-03-09 08:12:31,"0181 - Springfield, IL",Unlead,Springfield,IL,58.08899999999994,0,0.0,1
2026-03-09 08:12:31,"0185 - McLean, IL",Diesel,McLean,IL,208.4830000000038,0,0.0,4
2026-03-09 08:12:31,"0185 - McLean, IL",Unlead,McLean,IL,32.277000000000044,0,0.0,1
2026-03-09 08:12:31,"0186 - Minonk, IL",Diesel,Minonk,IL,0.0,0,0.0,3
2026-03-09 08:12:31,"0186 - Minonk, IL",Unlead,Minonk,IL,45.56700000000092,0,0.0,1
2026-03-09 08:12:31,"0187 - Chicago, IL",Diesel,Chicago,IL,0.0,0,0.0,3
2026-03-09 08:12:31,"0187 - Chicago, IL",Unlead,Chicago,IL,40.6217000000006,0,0.0,1
2026-03-09 08:12:31,"0203 - Rockford, IL",Diesel,Rockford,IL,89.65699999999924,0,0.0,1
2026-03-09 08:12:31,"0203 - Rockford, IL",Unlead,Rockford,IL,48.13000000000102,0,0.0,1
2026-03-09 08:12:31,"0205 - South Beloit, IL",Diesel,South Beloit,IL,75.0,0,0.0,3
2026-03-09 08:12:31,"0205 - South Beloit, IL",Unlead,South Beloit,IL,20.0,0,0.0,1
2026-03-09 08:12:31,"0206 - Winnebago, IL",Diesel,Winnebago,IL,122.0,0,0.0,1
2026-03-09 08:12:31,"0206 - Winnebago, IL",Unlead,Winnebago,IL,16.0,0,0.0,1
2026-03-09 08:12:31,"0209 - Oakdale, WI",Diesel,Oakdale,WI,6.0,0,0.0,3
2026-03-09 08:12:31,"0209 - Oakdale, WI",Unlead,Oakdale,WI,26.0,0,0.0,1
2026-03-09 08:12:31,"0210 - Rochelle, IL",Diesel,Rochelle,IL,116.0,0,0.0,3
2026-03-09 08:12:31,"0210 - Rochelle, IL",Unlead,Rochelle,IL,81.0,0,0.0,1
2026-03-09 08:12:31,"0211 - Loves Park, IL",Diesel,Loves Park,IL,138.0,0,0.0,1
2026-03-09 08:12:31,"0211 - Loves Park, IL",Unlead,Loves Park,IL,40.0,0,0.0,1
2026-03-09 08:12:31,"0225 - Princeton, IL",Diesel,Princeton,IL,73.0,0,0.0,4
2026-03-09 08:12:31,"0225 - Princeton, IL",Unlead,Princeton,IL,7.0,0,0.0,2
2026-03-09 08:12:31,"0226 - Greenwood, IN",Diesel,Greenwood,IN,0.0,0,0.0,2
2026-03-09 08:12:31,"0226 - Greenwood, IN",Unlead,Greenwood,IN,7.0,0,0.0,2
2026-03-09 08:12:31,"0235 - Hampshire, IL",Diesel,Hampshire,IL,0.0,0,0.0,2
2026-03-09 08:12:31,"0235 - Hampshire, IL",Unlead,Hampshire,IL,43.0,0,0.0,2
2026-03-09 08:12:31,"0236 - East Troy, WI",Diesel,East Troy,WI,0.0,0,0.0,2
2026-03-09 08:12:31,"0236 - East Troy, WI",Unlead,East Troy,WI,0.0,0,0.0,1
2026-03-09 08:12:31,"0240 - Lake Station, IN",Diesel,Lake Station,IN,331.0,0,0.0,5
2026-03-09 08:12:31,"0240 - Lake Station, IN",Unlead,Lake Station,IN,41.0,0,0.0,2
2026-03-09 08:12:31,"0242 - St Robert, MO",Diesel,St Robert,MO,0.0,4,3480.2389999999996,4
2026-03-09 08:12:31,"0263 - Ottawa, IL",Diesel,Ottawa,IL,34.0,0,0.0,3
2026-03-09 08:12:31,"0263 - Ottawa, IL",Unlead,Ottawa,IL,33.0,0,0.0,1
2026-03-09 08:12:31,"0265 - Dixon, IL",Diesel,Dixon,IL,0.0,0,0.0,3
2026-03-09 08:12:31,"0265 - Dixon, IL",Unlead,Dixon,IL,0.0,0,0.0,1
2026-03-09 08:12:31,"0266 - New Berlin, IL",Diesel,New Berlin,IL,159.0,0,0.0,3
2026-03-09 08:12:31,"0266 - New Berlin, IL",Unlead,New Berlin,IL,26.674799999999777,0,0.0,1
2026-03-09 08:12:31,"0267 - Pharr, TX",Diesel,Pharr,TX,0.0,0,0.0,4
2026-03-09 08:12:31,"0267 - Pharr, TX",Unlead,Pharr,TX,7.0,0,0.0,1
2026-03-09 08:12:31,"0268 - Grayville, IL",Diesel,Grayville,IL,37.0,0,0.0,3
2026-03-09 08:12:31,"0268 - Grayville, IL",Unlead,Grayville,IL,43.0,0,0.0,1
2026-03-09 08:12:31,"0269 - Marshall, IL",Diesel,Marshall,IL,58.0,0,0.0,3
2026-03-09 08:12:31,"0269 - Marshall, IL",Unlead,Marshall,IL,21.0,0,0.0,1
2026-03-09 08:12:31,"0270 - Moore, TX",Diesel,Moore,TX,52.0,0,0.0,3
2026-03-09 08:12:31,"0270 - Moore, TX",Unlead,Moore,TX,51.0,0,0.0,1
2026-03-09 08:12:31,"0271 - Odessa, TX",Diesel,Odessa,TX,57.59399999999914,0,0.0,3
2026-03-09 08:12:31,"0271 - Odessa, TX",Unlead,Odessa,TX,84.24269999999979,0,0.0,1
2026-03-09 08:12:31,"0272 - Encinal, TX",Diesel,Encinal,TX,20.072000000000116,0,0.0,3
2026-03-09 08:12:31,"0272 - Encinal, TX",Unlead,Encinal,TX,91.23899999999958,0,0.0,1
2026-03-09 08:12:31,"0273 - Combes, TX",Diesel,Combes,TX,152.58280000000013,0,0.0,3
2026-03-09 08:12:31,"0273 - Combes, TX",Unlead,Combes,TX,140.9419999999991,0,0.0,1
2026-03-09 08:12:31,"0275 - Sonora, TX",Diesel,Sonora,TX,113.97600000000057,0,0.0,3
2026-03-09 08:12:31,"0275 - Sonora, TX",Unlead,Sonora,TX,13.734300000000076,0,0.0,1
2026-03-09 08:12:31,"0276 - Waco, TX",Diesel,Waco,TX,201.03800000000047,0,0.0,3
2026-03-09 08:12:31,"0276 - Waco, TX",Unlead,Waco,TX,16.674999999999272,0,0.0,1
2026-03-09 08:12:31,"0277 - New Boston, TX",Diesel,New Boston,TX,21.04899999999907,0,0.0,3
2026-03-09 08:12:31,"0277 - New Boston, TX",Unlead,New Boston,TX,26.054199999999582,0,0.0,1
2026-03-09 08:12:31,"0278 - Brinkley, AR",Diesel,Brinkley,AR,65.81800000000112,0,0.0,3
2026-03-09 08:12:31,"0278 - Brinkley, AR",Unlead,Brinkley,AR,24.685999999999694,0,0.0,1
2026-03-09 08:12:31,"0279 - Marion, IL",Diesel,Marion,IL,30.811999999999898,0,0.0,3
2026-03-09 08:12:31,"0279 - Marion, IL",Unlead,Marion,IL,62.50300000000061,0,0.0,1
2026-03-09 08:12:31,"0280 - Monahans, TX",Diesel,Monahans,TX,117.40999999999804,0,0.0,3
2026-03-09 08:12:31,"0280 - Monahans, TX",Unlead,Monahans,TX,30.637000000000626,0,0.0,1
2026-03-09 08:12:31,"0281 - Cisco, TX",Diesel,Cisco,TX,0.0,0,0.0,3
2026-03-09 08:12:31,"0281 - Cisco, TX",Unlead,Cisco,TX,0.0,0,0.0,1
2026-03-09 08:12:31,"0282 - Gainesville, TX",Diesel,Gainesville,TX,28.27100000000064,0,0.0,3
2026-03-09 08:12:31,"0282 - Gainesville, TX",Unlead,Gainesville,TX,80.10599999999977,0,0.0,1
2026-03-09 08:12:31,"0283 - Sealy, TX",Diesel,Sealy,TX,279.1080000000002,0,0.0,3
2026-03-09 08:12:31,"0283 - Sealy, TX",Unlead,Sealy,TX,35.121000000001004,0,0.0,1
2026-03-09 08:12:31,"0284 - New Deal, TX",Diesel,New Deal,TX,0.0,0,0.0,3
2026-03-09 08:12:31,"0284 - New Deal, TX",Unlead,New Deal,TX,92.41400000000067,0,0.0,1
2026-03-09 08:12:31,"0285 - Seguin, TX",Diesel,Seguin,TX,40.47400000000016,0,0.0,3
2026-03-09 08:12:31,"0285 - Seguin, TX",Unlead,Seguin,TX,3.199000000000524,0,0.0,1
2026-03-09 08:12:31,"0286 - Amarillo, TX",Diesel,Amarillo,TX,0.0,0,0.0,3
2026-03-09 08:12:31,"0286 - Amarillo, TX",Unlead,Amarillo,TX,0.0,0,0.0,1
2026-03-09 08:12:31,"0287 - Burbonnais, IL",Diesel,Burbonnais,IL,25.64600000000064,0,0.0,3
2026-03-09 08:12:31,"0287 - Burbonnais, IL",Unlead,Burbonnais,IL,20.930699999999888,0,0.0,1
2026-03-09 08:12:31,"0289 - Teague, TX",Diesel,Teague,TX,7.819000000001324,1,3832.3633999999993,3
2026-03-09 08:12:31,"0289 - Teague, TX",Unlead,Teague,TX,0.0,0,0.0,1
2026-03-09 08:12:31,"0290 - Joplin, MO",Diesel,Joplin,MO,10.657999999999447,0,0.0,3
2026-03-09 08:12:31,"0290 - Joplin, MO",Unlead,Joplin,MO,25.34900000000016,0,0.0,1
2026-03-09 08:12:31,"0312 - Vidor, TX",Diesel,Vidor,TX,141.5049999999992,0,0.0,3
2026-03-09 08:12:31,"0312 - Vidor, TX",Unlead,Vidor,TX,7.562000000001717,0,0.0,1
2026-03-09 08:12:31,"0315 - Laredo, TX",Diesel,Laredo,TX,0.0,0,0.0,3
2026-03-09 08:12:31,"0315 - Laredo, TX",Unlead,Laredo,TX,42.84700000000157,0,0.0,1
2026-03-09 08:12:31,"0319 - Milford, TX",Diesel,Milford,TX,0.0,0,0.0,3
2026-03-09 08:12:31,"0319 - Milford, TX",Unlead,Milford,TX,33.88670000000002,0,0.0,1
2026-03-09 08:12:31,"0323 - Canton, TX",Diesel,Canton,TX,18.614999999997963,0,0.0,3
2026-03-09 08:12:31,"0323 - Canton, TX",Unlead,Canton,TX,18.365999999999985,0,0.0,1
2026-03-09 08:27:34,"0118 - Springfield, IL",Diesel,Springfield,IL,34.0,0,0.0,3
2026-03-09 08:27:34,"0118 - Springfield, IL",Unlead,Springfield,IL,0.0,0,0.0,1
2026-03-09 08:27:34,"0132 - Champaign, IL",Diesel,Champaign,IL,0.0,0,0.0,3
2026-03-09 08:27:34,"0132 - Champaign, IL",Unlead,Champaign,IL,27.719999999999345,0,0.0,1
2026-03-09 08:27:34,"0136 - Cottage Grove, WI",Diesel,Cottage Grove,WI,48.32000000000153,0,0.0,2
2026-03-09 08:27:34,"0136 - Cottage Grove, WI",Unlead,Cottage Grove,WI,15.623000000001412,0,0.0,1
2026-03-09 08:27:34,"0139 - Tuscola, IL",Diesel,Tuscola,IL,0.0,0,0.0,1
2026-03-09 08:27:34,"0139 - Tuscola, IL",Unlead,Tuscola,IL,100.0,0,0.0,2
2026-03-09 08:27:34,"0140 - Mendota, IL",Diesel,Mendota,IL,0.0,0,0.0,2
2026-03-09 08:27:34,"0140 - Mendota, IL",Unlead,Mendota,IL,45.0,0,0.0,2
2026-03-09 08:27:34,"0141 - Brazil, IN",Diesel,Brazil,IN,0.0,0,0.0,4
2026-03-09 08:27:34,"0141 - Brazil, IN",Unlead,Brazil,IN,2.0,0,0.0,1
2026-03-09 08:27:34,"0144 - Elk Run Height, IA",Diesel,Elk Run Height,IA,6.0,0,0.0,4
2026-03-09 08:27:34,"0144 - Elk Run Height, IA",Unlead,Elk Run Height,IA,29.1833000000006,0,0.0,2
2026-03-09 08:27:34,"0145 - Fenton, MO",Diesel,Fenton,MO,69.0,0,0.0,2
2026-03-09 08:27:34,"0145 - Fenton, MO",Unlead,Fenton,MO,22.0,0,0.0,1
2026-03-09 08:27:34,"0157 - Okawville, IL",Diesel,Okawville,IL,65.0,0,0.0,3
2026-03-09 08:27:34,"0157 - Okawville, IL",Unlead,Okawville,IL,44.61380000000008,0,0.0,1
2026-03-09 08:27:34,"0181 - Springfield, IL",Diesel,Springfield,IL,0.0,0,0.0,3
2026-03-09 08:27:34,"0181 - Springfield, IL",Unlead,Springfield,IL,60.802999999999884,0,0.0,1
2026-03-09 08:27:34,"0185 - McLean, IL",Diesel,McLean,IL,8.730999999999767,0,0.0,4
2026-03-09 08:27:34,"0185 - McLean, IL",Unlead,McLean,IL,67.03000000000065,0,0.0,1
2026-03-09 08:27:34,"0186 - Minonk, IL",Diesel,Minonk,IL,0.0,0,0.0,3
2026-03-09 08:27:34,"0186 - Minonk, IL",Unlead,Minonk,IL,0.0,0,0.0,1
2026-03-09 08:27:34,"0187 - Chicago, IL",Diesel,Chicago,IL,0.0,0,0.0,3
2026-03-09 08:27:34,"0187 - Chicago, IL",Unlead,Chicago,IL,14.97229999999945,0,0.0,1
2026-03-09 08:27:34,"0203 - Rockford, IL",Diesel,Rockford,IL,51.2400000000016,0,0.0,1
2026-03-09 08:27:34,"0203 - Rockford, IL",Unlead,Rockford,IL,28.216999999998734,0,0.0,1
2026-03-09 08:27:34,"0205 - South Beloit, IL",Diesel,South Beloit,IL,0.0,0,0.0,3
2026-03-09 08:27:34,"0205 - South Beloit, IL",Unlead,South Beloit,IL,30.0,0,0.0,1
2026-03-09 08:27:34,"0206 - Winnebago, IL",Diesel,Winnebago,IL,0.0,0,0.0,1
2026-03-09 08:27:34,"0206 - Winnebago, IL",Unlead,Winnebago,IL,60.0,0,0.0,1
2026-03-09 08:27:34,"0209 - Oakdale, WI",Diesel,Oakdale,WI,147.0,0,0.0,3
2026-03-09 08:27:34,"0209 - Oakdale, WI",Unlead,Oakdale,WI,99.0,0,0.0,1
2026-03-09 08:27:34,"0210 - Rochelle, IL",Diesel,Rochelle,IL,0.0,0,0.0,3
2026-03-09 08:27:34,"0210 - Rochelle, IL",Unlead,Rochelle,IL,83.0,0,0.0,1
2026-03-09 08:27:34,"0211 - Loves Park, IL",Diesel,Loves Park,IL,8.0,0,0.0,1
2026-03-09 08:27:34,"0211 - Loves Park, IL",Unlead,Loves Park,IL,17.0,0,0.0,1
2026-03-09 08:27:34,"0225 - Princeton, IL",Diesel,Princeton,IL,9.0,0,0.0,4
2026-03-09 08:27:34,"0225 - Princeton, IL",Unlead,Princeton,IL,16.0,0,0.0,2
2026-03-09 08:27:34,"0226 - Greenwood, IN",Diesel,Greenwood,IN,85.0,0,0.0,2
2026-03-09 08:27:34,"0226 - Greenwood, IN",Unlead,Greenwood,IN,42.0,0,0.0,2
2026-03-09 08:27:34,"0235 - Hampshire, IL",Diesel,Hampshire,IL,164.0,0,0.0,2
2026-03-09 08:27:34,"0235 - Hampshire, IL",Unlead,Hampshire,IL,55.0,0,0.0,2
2026-03-09 08:27:34,"0236 - East Troy, WI",Diesel,East Troy,WI,0.0,0,0.0,2
2026-03-09 08:27:34,"0236 - East Troy, WI",Unlead,East Troy,WI,0.0,0,0.0,1
2026-03-09 08:27:34,"0240 - Lake Station, IN",Diesel,Lake Station,IN,241.0,0,0.0,5
2026-03-09 08:27:34,"0240 - Lake Station, IN",Unlead,Lake Station,IN,19.0,0,0.0,2
2026-03-09 08:27:34,"0242 - St Robert, MO",Diesel,St Robert,MO,0.0,3,567.9420000000009,4
2026-03-09 08:27:34,"0263 - Ottawa, IL",Diesel,Ottawa,IL,126.0,0,0.0,3
2026-03-09 08:27:34,"0263 - Ottawa, IL",Unlead,Ottawa,IL,41.0,0,0.0,1
2026-03-09 08:27:34,"0265 - Dixon, IL",Diesel,Dixon,IL,0.0,0,0.0,3
2026-03-09 08:27:34,"0265 - Dixon, IL",Unlead,Dixon,IL,0.0,0,0.0,1
2026-03-09 08:27:34,"0266 - New Berlin, IL",Diesel,New Berlin,IL,70.0,0,0.0,3
2026-03-09 08:27:34,"0266 - New Berlin, IL",Unlead,New Berlin,IL,57.60960000000068,0,0.0,1
2026-03-09 08:27:34,"0267 - Pharr, TX",Diesel,Pharr,TX,25.0,0,0.0,4
2026-03-09 08:27:34,"0267 - Pharr, TX",Unlead,Pharr,TX,58.0,0,0.0,1
2026-03-09 08:27:34,"0268 - Grayville, IL",Diesel,Grayville,IL,8.0,0,0.0,3
2026-03-09 08:27:34,"0268 - Grayville, IL",Unlead,Grayville,IL,20.0,0,0.0,1
2026-03-09 08:27:34,"0269 - Marshall, IL",Diesel,Marshall,IL,80.0,0,0.0,3
2026-03-09 08:27:34,"0269 - Marshall, IL",Unlead,Marshall,IL,8.0,0,0.0,1
2026-03-09 08:27:34,"0270 - Moore, TX",Diesel,Moore,TX,13.0,0,0.0,3
2026-03-09 08:27:34,"0270 - Moore, TX",Unlead,Moore,TX,50.0,0,0.0,1
2026-03-09 08:27:34,"0271 - Odessa, TX",Diesel,Odessa,TX,110.67000000000007,0,0.0,3
2026-03-09 08:27:34,"0271 - Odessa, TX",Unlead,Odessa,TX,18.45769999999993,0,0.0,1
2026-03-09 08:27:34,"0272 - Encinal, TX",Diesel,Encinal,TX,65.63299999999981,0,0.0,3
2026-03-09 08:27:34,"0272 - Encinal, TX",Unlead,Encinal,TX,19.43000000000029,0,0.0,1
2026-03-09 08:27:34,"0273 - Combes, TX",Diesel,Combes,TX,280.8766999999998,0,0.0,3
2026-03-09 08:27:34,"0273 - Combes, TX",Unlead,Combes,TX,150.5560000000005,0,0.0,1
2026-03-09 08:27:34,"0275 - Sonora, TX",Diesel,Sonora,TX,43.372999999997774,0,0.0,3
2026-03-09 08:27:34,"0275 - Sonora, TX",Unlead,Sonora,TX,34.76769999999942,0,0.0,1
2026-03-09 08:27:34,"0276 - Waco, TX",Diesel,Waco,TX,201.29899999999725,0,0.0,3
2026-03-09 08:27:34,"0276 - Waco, TX",Unlead,Waco,TX,41.79500000000007,0,0.0,1
2026-03-09 08:27:34,"0277 - New Boston, TX",Diesel,New Boston,TX,112.19700000000012,0,0.0,3
2026-03-09 08:27:34,"0277 - New Boston, TX",Unlead,New Boston,TX,6.0033000000003085,0,0.0,1
2026-03-09 08:27:34,"0278 - Brinkley, AR",Diesel,Brinkley,AR,93.91299999999865,0,0.0,3
2026-03-09 08:27:34,"0278 - Brinkley, AR",Unlead,Brinkley,AR,65.75799999999981,0,0.0,1
2026-03-09 08:27:34,"0279 - Marion, IL",Diesel,Marion,IL,110.97000000000116,0,0.0,3
2026-03-09 08:27:34,"0279 - Marion, IL",Unlead,Marion,IL,43.52100000000064,0,0.0,1
2026-03-09 08:27:34,"0280 - Monahans, TX",Diesel,Monahans,TX,608.1890000000003,0,0.0,3
2026-03-09 08:27:34,"0280 - Monahans, TX",Unlead,Monahans,TX,28.931000000000495,0,0.0,1
2026-03-09 08:27:34,"0281 - Cisco, TX",Diesel,Cisco,TX,0.0,0,0.0,3
2026-03-09 08:27:34,"0281 - Cisco, TX",Unlead,Cisco,TX,0.0,0,0.0,1
2026-03-09 08:27:34,"0282 - Gainesville, TX",Diesel,Gainesville,TX,0.0,0,0.0,3
2026-03-09 08:27:34,"0282 - Gainesville, TX",Unlead,Gainesville,TX,31.17699999999968,0,0.0,1
2026-03-09 08:27:34,"0283 - Sealy, TX",Diesel,Sealy,TX,182.21600000000035,0,0.0,3
2026-03-09 08:27:34,"0283 - Sealy, TX",Unlead,Sealy,TX,0.0,0,0.0,1
2026-03-09 08:27:34,"0284 - New Deal, TX",Diesel,New Deal,TX,46.35040000000026,0,0.0,3
2026-03-09 08:27:34,"0284 - New Deal, TX",Unlead,New Deal,TX,57.73899999999958,0,0.0,1
2026-03-09 08:27:34,"0285 - Seguin, TX",Diesel,Seguin,TX,131.81299999999828,0,0.0,3
2026-03-09 08:27:34,"0285 - Seguin, TX",Unlead,Seguin,TX,9.510000000000218,0,0.0,1
2026-03-09 08:27:34,"0286 - Amarillo, TX",Diesel,Amarillo,TX,38.81500000000051,0,0.0,3
2026-03-09 08:27:34,"0286 - Amarillo, TX",Unlead,Amarillo,TX,10.929000000000087,0,0.0,1
2026-03-09 08:27:34,"0287 - Burbonnais, IL",Diesel,Burbonnais,IL,232.61699999999837,0,0.0,3
2026-03-09 08:27:34,"0287 - Burbonnais, IL",Unlead,Burbonnais,IL,22.796400000000176,0,0.0,1
2026-03-09 08:27:34,"0289 - Teague, TX",Diesel,Teague,TX,18.363999999999578,0,0.0,3
2026-03-09 08:27:34,"0289 - Teague, TX",Unlead,Teague,TX,53.42820000000029,0,0.0,1
2026-03-09 08:27:34,"0290 - Joplin, MO",Diesel,Joplin,MO,0.0,0,0.0,3
2026-03-09 08:27:34,"0290 - Joplin, MO",Unlead,Joplin,MO,0.0,0,0.0,1
2026-03-09 08:27:34,"0312 - Vidor, TX",Diesel,Vidor,TX,51.4429999999993,0,0.0,3
2026-03-09 08:27:34,"0312 - Vidor, TX",Unlead,Vidor,TX,46.12699999999859,0,0.0,1
2026-03-09 08:27:34,"0315 - Laredo, TX",Diesel,Laredo,TX,0.0,0,0.0,3
2026-03-09 08:27:34,"0315 - Laredo, TX",Unlead,Laredo,TX,16.565999999998894,0,0.0,1
2026-03-09 08:27:34,"0319 - Milford, TX",Diesel,Milford,TX,119.32399999999689,0,0.0,3
2026-03-09 08:27:34,"0319 - Milford, TX",Unlead,Milford,TX,33.0617000000002,0,0.0,1
2026-03-09 08:27:34,"0323 - Canton, TX",Diesel,Canton,TX,26.611000000000786,0,0.0,3
2026-03-09 08:27:34,"0323 - Canton, TX",Unlead,Canton,TX,88.78000000000065,0,0.0,1
2026-03-09 08:42:38,"0118 - Springfield, IL",Diesel,Springfield,IL,43.0,0,0.0,3
2026-03-09 08:42:38,"0118 - Springfield, IL",Unlead,Springfield,IL,11.0,0,0.0,1
2026-03-09 08:42:38,"0132 - Champaign, IL",Diesel,Champaign,IL,0.0,0,0.0,3
2026-03-09 08:42:38,"0132 - Champaign, IL",Unlead,Champaign,IL,30.038000000000466,0,0.0,1
2026-03-09 08:42:38,"0136 - Cottage Grove, WI",Diesel,Cottage Grove,WI,147.88600000000042,0,0.0,2
2026-03-09 08:42:38,"0136 - Cottage Grove, WI",Unlead,Cottage Grove,WI,0.0,0,0.0,1
2026-03-09 08:42:38,"0139 - Tuscola, IL",Diesel,Tuscola,IL,51.0,0,0.0,1
2026-03-09 08:42:38,"0139 - Tuscola, IL",Unlead,Tuscola,IL,107.0,0,0.0,2
2026-03-09 08:42:38,"0140 - Mendota, IL",Diesel,Mendota,IL,0.0,0,0.0,2
2026-03-09 08:42:38,"0140 - Mendota, IL",Unlead,Mendota,IL,19.0,0,0.0,2
2026-03-09 08:42:38,"0141 - Brazil, IN",Diesel,Brazil,IN,107.6267999999991,0,0.0,4
2026-03-09 08:42:38,"0141 - Brazil, IN",Unlead,Brazil,IN,28.0,0,0.0,1
2026-03-09 08:42:38,"0144 - Elk Run Height, IA",Diesel,Elk Run Height,IA,105.0,0,0.0,4
2026-03-09 08:42:38,"0144 - Elk Run Height, IA",Unlead,Elk Run Height,IA,16.423499999999876,0,0.0,2
2026-03-09 08:42:38,"0145 - Fenton, MO",Diesel,Fenton,MO,273.0,0,0.0,2
2026-03-09 08:42:38,"0145 - Fenton, MO",Unlead,Fenton,MO,7.0,0,0.0,1
2026-03-09 08:42:38,"0157 - Okawville, IL",Diesel,Okawville,IL,64.0,0,0.0,3
2026-03-09 08:42:38,"0157 - Okawville, IL",Unlead,Okawville,IL,6.521899999999732,0,0.0,1
2026-03-09 08:42:38,"0181 - Springfield, IL",Diesel,Springfield,IL,0.0,0,0.0,3
2026-03-09 08:42:38,"0181 - Springfield, IL",Unlead,Springfield,IL,16.730999999999767,0,0.0,1
2026-03-09 08:42:38,"0185 - McLean, IL",Diesel,McLean,IL,110.90600000000086,0,0.0,4
2026-03-09 08:42:38,"0185 - McLean, IL",Unlead,McLean,IL,95.41199999999935,0,0.0,1
2026-03-09 08:42:38,"0186 - Minonk, IL",Diesel,Minonk,IL,0.0,0,0.0,3
2026-03-09 08:42:38,"0186 - Minonk, IL",Unlead,Minonk,IL,51.0619999999999,0,0.0,1
2026-03-09 08:42:38,"0187 - Chicago, IL",Diesel,Chicago,IL,51.0,0,0.0,3
2026-03-09 08:42:38,"0187 - Chicago, IL",Unlead,Chicago,IL,15.447000000000116,0,0.0,1
2026-03-09 08:42:38,"0203 - Rockford, IL",Diesel,Rockford,IL,27.261999999998807,0,0.0,1
2026-03-09 08:42:38,"0203 - Rockford, IL",Unlead,Rockford,IL,0.0,0,0.0,1
2026-03-09 08:42:38,"0205 - South Beloit, IL",Diesel,South Beloit,IL,28.0,0,0.0,3
2026-03-09 08:42:38,"0205 - South Beloit, IL",Unlead,South Beloit,IL,55.0,0,0.0,1
2026-03-09 08:42:38,"0206 - Winnebago, IL",Diesel,Winnebago,IL,0.0,0,0.0,1
2026-03-09 08:42:38,"0206 - Winnebago, IL",Unlead,Winnebago,IL,68.0,0,0.0,1
2026-03-09 08:42:38,"0209 - Oakdale, WI",Diesel,Oakdale,WI,195.0,0,0.0,3
2026-03-09 08:42:38,"0209 - Oakdale, WI",Unlead,Oakdale,WI,45.0,0,0.0,1
2026-03-09 08:42:38,"0210 - Rochelle, IL",Diesel,Rochelle,IL,99.0,0,0.0,3
2026-03-09 08:42:38,"0210 - Rochelle, IL",Unlead,Rochelle,IL,8.0,0,0.0,1
2026-03-09 08:42:38,"0211 - Loves Park, IL",Diesel,Loves Park,IL,0.0,0,0.0,1
2026-03-09 08:42:38,"0211 - Loves Park, IL",Unlead,Loves Park,IL,35.0,0,0.0,1
2026-03-09 08:42:38,"0225 - Princeton, IL",Diesel,Princeton,IL,71.0,0,0.0,4
2026-03-09 08:42:38,"0225 - Princeton, IL",Unlead,Princeton,IL,43.0,0,0.0,2
2026-03-09 08:42:38,"0226 - Greenwood, IN",Diesel,Greenwood,IN,85.0,0,0.0,2
2026-03-09 08:42:38,"0226 - Greenwood, IN",Unlead,Greenwood,IN,11.0,0,0.0,2
2026-03-09 08:42:38,"0235 - Hampshire, IL",Diesel,Hampshire,IL,23.0,0,0.0,2
2026-03-09 08:42:38,"0235 - Hampshire, IL",Unlead,Hampshire,IL,44.0,0,0.0,2
2026-03-09 08:42:38,"0236 - East Troy, WI",Diesel,East Troy,WI,0.0,0,0.0,2
2026-03-09 08:42:38,"0236 - East Troy, WI",Unlead,East Troy,WI,0.0,0,0.0,1
2026-03-09 08:42:38,"0240 - Lake Station, IN",Diesel,Lake Station,IN,370.0,0,0.0,5
2026-03-09 08:42:38,"0240 - Lake Station, IN",Unlead,Lake Station,IN,4.0,0,0.0,2
2026-03-09 08:42:38,"0242 - St Robert, MO",Diesel,St Robert,MO,101.29899999999998,0,0.0,4
2026-03-09 08:42:38,"0263 - Ottawa, IL",Diesel,Ottawa,IL,0.0,0,0.0,3
2026-03-09 08:42:38,"0263 - Ottawa, IL",Unlead,Ottawa,IL,54.0,0,0.0,1
2026-03-09 08:42:38,"0265 - Dixon, IL",Diesel,Dixon,IL,0.0,0,0.0,3
2026-03-09 08:42:38,"0265 - Dixon, IL",Unlead,Dixon,IL,2.9840000000003783,0,0.0,1
2026-03-09 08:42:38,"0266 - New Berlin, IL",Diesel,New Berlin,IL,84.0,0,0.0,3
2026-03-09 08:42:38,"0266 - New Berlin, IL",Unlead,New Berlin,IL,43.11839999999938,0,0.0,1
2026-03-09 08:42:38,"0267 - Pharr, TX",Diesel,Pharr,TX,695.0,0,0.0,4
2026-03-09 08:42:38,"0267 - Pharr, TX",Unlead,Pharr,TX,23.0,0,0.0,1
2026-03-09 08:42:38,"0268 - Grayville, IL",Diesel,Grayville,IL,18.0,0,0.0,3
2026-03-09 08:42:38,"0268 - Grayville, IL",Unlead,Grayville,IL,26.0,0,0.0,1
2026-03-09 08:42:38,"0269 - Marshall, IL",Diesel,Marshall,IL,45.0,0,0.0,3
2026-03-09 08:42:38,"0269 - Marshall, IL",Unlead,Marshall,IL,0.0,0,0.0,1
2026-03-09 08:42:38,"0270 - Moore, TX",Diesel,Moore,TX,397.0,0,0.0,3
2026-03-09 08:42:38,"0270 - Moore, TX",Unlead,Moore,TX,49.0,0,0.0,1
2026-03-09 08:42:38,"0271 - Odessa, TX",Diesel,Odessa,TX,166.72199999999975,0,0.0,3
2026-03-09 08:42:38,"0271 - Odessa, TX",Unlead,Odessa,TX,15.14429999999993,0,0.0,1
2026-03-09 08:42:38,"0272 - Encinal, TX",Diesel,Encinal,TX,87.26000000000022,0,0.0,3
2026-03-09 08:42:38,"0272 - Encinal, TX",Unlead,Encinal,TX,91.29800000000068,0,0.0,1
2026-03-09 08:42:38,"0273 - Combes, TX",Diesel,Combes,TX,88.26869999999963,0,0.0,3
2026-03-09 08:42:38,"0273 - Combes, TX",Unlead,Combes,TX,145.8160000000007,0,0.0,1
2026-03-09 08:42:38,"0275 - Sonora, TX",Diesel,Sonora,TX,102.97299999999996,0,0.0,3
2026-03-09 08:42:38,"0275 - Sonora, TX",Unlead,Sonora,TX,81.03359999999975,0,0.0,1
2026-03-09 08:42:38,"0276 - Waco, TX",Diesel,Waco,TX,144.1230000000014,0,0.0,3
2026-03-09 08:42:38,"0276 - Waco, TX",Unlead,Waco,TX,0.0,0,0.0,1
2026-03-09 08:42:38,"0277 - New Boston, TX",Diesel,New Boston,TX,127.72799999999916,0,0.0,3
2026-03-09 08:42:38,"0277 - New Boston, TX",Unlead,New Boston,TX,33.20330000000013,0,0.0,1
2026-03-09 08:42:38,"0278 - Brinkley, AR",Diesel,Brinkley,AR,99.85900000000038,0,0.0,3
2026-03-09 08:42:38,"0278 - Brinkley, AR",Unlead,Brinkley,AR,19.238500000000386,0,0.0,1
2026-03-09 08:42:38,"0279 - Marion, IL",Diesel,Marion,IL,19.54700000000048,1,480.3540000000012,3
2026-03-09 08:42:38,"0279 - Marion, IL",Unlead,Marion,IL,53.29199999999946,0,0.0,1
2026-03-09 08:42:38,"0280 - Monahans, TX",Diesel,Monahans,TX,186.07400000000052,0,0.0,3
2026-03-09 08:42:38,"0280 - Monahans, TX",Unlead,Monahans,TX,75.128999999999,0,0.0,1
2026-03-09 08:42:38,"0281 - Cisco, TX",Diesel,Cisco,TX,0.0,0,0.0,3
2026-03-09 08:42:38,"0281 - Cisco, TX",Unlead,Cisco,TX,0.0,0,0.0,1
2026-03-09 08:42:38,"0282 - Gainesville, TX",Diesel,Gainesville,TX,0.0,0,0.0,3
2026-03-09 08:42:38,"0282 - Gainesville, TX",Unlead,Gainesville,TX,61.427999999999884,0,0.0,1
2026-03-09 08:42:38,"0283 - Sealy, TX",Diesel,Sealy,TX,146.04399999999987,0,0.0,3
2026-03-09 08:42:38,"0283 - Sealy, TX",Unlead,Sealy,TX,17.298000000000684,0,0.0,1
2026-03-09 08:42:38,"0284 - New Deal, TX",Diesel,New Deal,TX,0.0,0,0.0,3
2026-03-09 08:42:38,"0284 - New Deal, TX",Unlead,New Deal,TX,0.0,0,0.0,1
2026-03-09 08:42:38,"0285 - Seguin, TX",Diesel,Seguin,TX,33.94549999999981,0,0.0,3
2026-03-09 08:42:38,"0285 - Seguin, TX",Unlead,Seguin,TX,90.31499999999869,0,0.0,1
2026-03-09 08:42:38,"0286 - Amarillo, TX",Diesel,Amarillo,TX,164.40299999999843,0,0.0,3
2026-03-09 08:42:38,"0286 - Amarillo, TX",Unlead,Amarillo,TX,19.73199999999997,0,0.0,1
2026-03-09 08:42:38,"0287 - Burbonnais, IL",Diesel,Burbonnais,IL,301.0579999999991,0,0.0,3
2026-03-09 08:42:38,"0287 - Burbonnais, IL",Unlead,Burbonnais,IL,62.830299999999625,0,0.0,1
2026-03-09 08:42:38,"0289 - Teague, TX",Diesel,Teague,TX,64.78099999999904,0,0.0,3
2026-03-09 08:42:38,"0289 - Teague, TX",Unlead,Teague,TX,24.0,0,0.0,1
2026-03-09 08:42:38,"0290 - Joplin, MO",Diesel,Joplin,MO,67.0560000000005,0,0.0,3
2026-03-09 08:42:38,"0290 - Joplin, MO",Unlead,Joplin,MO,34.134000000000015,0,0.0,1
2026-03-09 08:42:38,"0312 - Vidor, TX",Diesel,Vidor,TX,150.08300000000236,0,0.0,3
2026-03-09 08:42:38,"0312 - Vidor, TX",Unlead,Vidor,TX,39.25699999999961,0,0.0,1
2026-03-09 08:42:38,"0315 - Laredo, TX",Diesel,Laredo,TX,16.707000000002154,0,0.0,3
2026-03-09 08:42:38,"0315 - Laredo, TX",Unlead,Laredo,TX,30.76300000000083,0,0.0,1
2026-03-09 08:42:38,"0319 - Milford, TX",Diesel,Milford,TX,191.6100000000024,0,0.0,3
2026-03-09 08:42:38,"0319 - Milford, TX",Unlead,Milford,TX,49.17859999999928,0,0.0,1
2026-03-09 08:42:38,"0323 - Canton, TX",Diesel,Canton,TX,123.13700000000063,0,0.0,3
2026-03-09 08:42:38,"0323 - Canton, TX",Unlead,Canton,TX,26.967999999998938,0,0.0,1
2026-03-09 08:57:42,"0118 - Springfield, IL",Diesel,Springfield,IL,97.0,0,0.0,3
2026-03-09 08:57:42,"0118 - Springfield, IL",Unlead,Springfield,IL,20.0,0,0.0,1
2026-03-09 08:57:42,"0132 - Champaign, IL",Diesel,Champaign,IL,70.84599999999955,0,0.0,3
2026-03-09 08:57:42,"0132 - Champaign, IL",Unlead,Champaign,IL,25.060999999999694,0,0.0,1
2026-03-09 08:57:42,"0136 - Cottage Grove, WI",Diesel,Cottage Grove,WI,65.63999999999942,0,0.0,2
2026-03-09 08:57:42,"0136 - Cottage Grove, WI",Unlead,Cottage Grove,WI,46.1190000000006,0,0.0,1
2026-03-09 08:57:42,"0139 - Tuscola, IL",Diesel,Tuscola,IL,20.0,0,0.0,1
2026-03-09 08:57:42,"0139 - Tuscola, IL",Unlead,Tuscola,IL,86.0,0,0.0,2
2026-03-09 08:57:42,"0140 - Mendota, IL",Diesel,Mendota,IL,0.0,0,0.0,2
2026-03-09 08:57:42,"0140 - Mendota, IL",Unlead,Mendota,IL,0.0,0,0.0,2
2026-03-09 08:57:42,"0141 - Brazil, IN",Diesel,Brazil,IN,89.04330000000118,0,0.0,4
2026-03-09 08:57:42,"0141 - Brazil, IN",Unlead,Brazil,IN,23.0,0,0.0,1
2026-03-09 08:57:42,"0144 - Elk Run Height, IA",Diesel,Elk Run Height,IA,32.0,0,0.0,4
2026-03-09 08:57:42,"0144 - Elk Run Height, IA",Unlead,Elk Run Height,IA,0.0,0,0.0,2
2026-03-09 08:57:42,"0145 - Fenton, MO",Diesel,Fenton,MO,182.0,0,0.0,2
2026-03-09 08:57:42,"0145 - Fenton, MO",Unlead,Fenton,MO,10.0,0,0.0,1
2026-03-09 08:57:42,"0157 - Okawville, IL",Diesel,Okawville,IL,0.0,0,0.0,3
2026-03-09 08:57:42,"0157 - Okawville, IL",Unlead,Okawville,IL,20.948300000000017,0,0.0,1
2026-03-09 08:57:42,"0181 - Springfield, IL",Diesel,Springfield,IL,174.80100000000039,0,0.0,3
2026-03-09 08:57:42,"0181 - Springfield, IL",Unlead,Springfield,IL,46.28399999999965,0,0.0,1
2026-03-09 08:57:42,"0185 - McLean, IL",Diesel,McLean,IL,54.029999999998836,0,0.0,4
2026-03-09 08:57:42,"0185 - McLean, IL",Unlead,McLean,IL,12.59060000000045,0,0.0,1
2026-03-09 08:57:42,"0186 - Minonk, IL",Diesel,Minonk,IL,0.0,0,0.0,3
2026-03-09 08:57:42,"0186 - Minonk, IL",Unlead,Minonk,IL,56.8130000000001,0,0.0,1
2026-03-09 08:57:42,"0187 - Chicago, IL",Diesel,Chicago,IL,0.0,0,0.0,3
2026-03-09 08:57:42,"0187 - Chicago, IL",Unlead,Chicago,IL,38.491399999999885,0,0.0,1
2026-03-09 08:57:42,"0203 - Rockford, IL",Diesel,Rockford,IL,0.0,0,0.0,1
2026-03-09 08:57:42,"0203 - Rockford, IL",Unlead,Rockford,IL,41.216999999998734,0,0.0,1
2026-03-09 08:57:42,"0205 - South Beloit, IL",Diesel,South Beloit,IL,0.0,0,0.0,3
2026-03-09 08:57:42,"0205 - South Beloit, IL",Unlead,South Beloit,IL,26.0,0,0.0,1
2026-03-09 08:57:42,"0206 - Winnebago, IL",Diesel,Winnebago,IL,52.0,0,0.0,1
2026-03-09 08:57:42,"0206 - Winnebago, IL",Unlead,Winnebago,IL,43.0,0,0.0,1
2026-03-09 08:57:42,"0209 - Oakdale, WI",Diesel,Oakdale,WI,61.0,0,0.0,3
2026-03-09 08:57:42,"0209 - Oakdale, WI",Unlead,Oakdale,WI,47.0,0,0.0,1
2026-03-09 08:57:42,"0210 - Rochelle, IL",Diesel,Rochelle,IL,9.0,0,0.0,3
2026-03-09 08:57:42,"0210 - Rochelle, IL",Unlead,Rochelle,IL,63.0,0,0.0,1
2026-03-09 08:57:42,"0211 - Loves Park, IL",Diesel,Loves Park,IL,124.0,0,0.0,1
2026-03-09 08:57:42,"0211 - Loves Park, IL",Unlead,Loves Park,IL,11.0,0,0.0,1
2026-03-09 08:57:42,"0225 - Princeton, IL",Diesel,Princeton,IL,61.0,0,0.0,4
2026-03-09 08:57:42,"0225 - Princeton, IL",Unlead,Princeton,IL,9.0,0,0.0,2
2026-03-09 08:57:42,"0226 - Greenwood, IN",Diesel,Greenwood,IN,15.0,0,0.0,2
2026-03-09 08:57:42,"0226 - Greenwood, IN",Unlead,Greenwood,IN,6.0,0,0.0,2
2026-03-09 08:57:42,"0235 - Hampshire, IL",Diesel,Hampshire,IL,53.0,0,0.0,2
2026-03-09 08:57:42,"0235 - Hampshire, IL",Unlead,Hampshire,IL,56.0,0,0.0,2
2026-03-09 08:57:42,"0236 - East Troy, WI",Diesel,East Troy,WI,0.0,0,0.0,2
2026-03-09 08:57:42,"0236 - East Troy, WI",Unlead,East Troy,WI,10.0,0,0.0,1
2026-03-09 08:57:42,"0240 - Lake Station, IN",Diesel,Lake Station,IN,53.0,0,0.0,5
2026-03-09 08:57:42,"0240 - Lake Station, IN",Unlead,Lake Station,IN,8.0,0,0.0,2
2026-03-09 08:57:42,"0242 - St Robert, MO",Diesel,St Robert,MO,158.74099999999999,0,0.0,4
2026-03-09 08:57:42,"0263 - Ottawa, IL",Diesel,Ottawa,IL,0.0,0,0.0,3
2026-03-09 08:57:42,"0263 - Ottawa, IL",Unlead,Ottawa,IL,16.0,0,0.0,1
2026-03-09 08:57:42,"0265 - Dixon, IL",Diesel,Dixon,IL,0.0,0,0.0,3
2026-03-09 08:57:42,"0265 - Dixon, IL",Unlead,Dixon,IL,8.087999999999738,0,0.0,1
2026-03-09 08:57:42,"0266 - New Berlin, IL",Diesel,New Berlin,IL,89.0,0,0.0,3
2026-03-09 08:57:42,"0266 - New Berlin, IL",Unlead,New Berlin,IL,47.90660000000025,0,0.0,1
2026-03-09 08:57:42,"0267 - Pharr, TX",Diesel,Pharr,TX,417.0,0,0.0,4
2026-03-09 08:57:42,"0267 - Pharr, TX",Unlead,Pharr,TX,40.0,0,0.0,1
2026-03-09 08:57:42,"0268 - Grayville, IL",Diesel,Grayville,IL,0.0,0,0.0,3
2026-03-09 08:57:42,"0268 - Grayville, IL",Unlead,Grayville,IL,57.0,0,0.0,1
2026-03-09 08:57:42,"0269 - Marshall, IL",Diesel,Marshall,IL,18.0,0,0.0,3
2026-03-09 08:57:42,"0269 - Marshall, IL",Unlead,Marshall,IL,40.0,0,0.0,1
2026-03-09 08:57:42,"0270 - Moore, TX",Diesel,Moore,TX,89.0,0,0.0,3
2026-03-09 08:57:42,"0270 - Moore, TX",Unlead,Moore,TX,55.0,0,0.0,1
2026-03-09 08:57:42,"0271 - Odessa, TX",Diesel,Odessa,TX,176.57749999999942,0,0.0,3
2026-03-09 08:57:42,"0271 - Odessa, TX",Unlead,Odessa,TX,47.07369999999992,0,0.0,1
2026-03-09 08:57:42,"0272 - Encinal, TX",Diesel,Encinal,TX,96.2380000000012,0,0.0,3
2026-03-09 08:57:42,"0272 - Encinal, TX",Unlead,Encinal,TX,35.33599999999933,0,0.0,1
2026-03-09 08:57:42,"0273 - Combes, TX",Diesel,Combes,TX,14.679299999999785,0,0.0,3
2026-03-09 08:57:42,"0273 - Combes, TX",Unlead,Combes,TX,36.17900000000009,0,0.0,1
2026-03-09 08:57:42,"0275 - Sonora, TX",Diesel,Sonora,TX,0.0,0,0.0,3
2026-03-09 08:57:42,"0275 - Sonora, TX",Unlead,Sonora,TX,35.69090000000051,0,0.0,1
2026-03-09 08:57:42,"0276 - Waco, TX",Diesel,Waco,TX,232.34500000000116,0,0.0,3
2026-03-09 08:57:42,"0276 - Waco, TX",Unlead,Waco,TX,9.456000000000131,0,0.0,1
2026-03-09 08:57:42,"0277 - New Boston, TX",Diesel,New Boston,TX,0.0,0,0.0,3
2026-03-09 08:57:42,"0277 - New Boston, TX",Unlead,New Boston,TX,20.768999999999323,0,0.0,1
2026-03-09 08:57:42,"0278 - Brinkley, AR",Diesel,Brinkley,AR,0.0,0,0.0,3
2026-03-09 08:57:42,"0278 - Brinkley, AR",Unlead,Brinkley,AR,45.05949999999939,0,0.0,1
2026-03-09 08:57:42,"0279 - Marion, IL",Diesel,Marion,IL,0.0,1,4637.306999999999,3
2026-03-09 08:57:42,"0279 - Marion, IL",Unlead,Marion,IL,54.08860000000004,0,0.0,1
2026-03-09 08:57:42,"0280 - Monahans, TX",Diesel,Monahans,TX,29.22899999999936,0,0.0,3
2026-03-09 08:57:42,"0280 - Monahans, TX",Unlead,Monahans,TX,96.21199999999953,0,0.0,1
2026-03-09 08:57:42,"0281 - Cisco, TX",Diesel,Cisco,TX,0.0,0,0.0,3
2026-03-09 08:57:42,"0281 - Cisco, TX",Unlead,Cisco,TX,0.0,0,0.0,1
2026-03-09 08:57:42,"0282 - Gainesville, TX",Diesel,Gainesville,TX,473.59349999999904,0,0.0,3
2026-03-09 08:57:42,"0282 - Gainesville, TX",Unlead,Gainesville,TX,15.534999999999854,0,0.0,1
2026-03-09 08:57:42,"0283 - Sealy, TX",Diesel,Sealy,TX,313.46249999999964,0,0.0,3
2026-03-09 08:57:42,"0283 - Sealy, TX",Unlead,Sealy,TX,0.0,0,0.0,1
2026-03-09 08:57:42,"0284 - New Deal, TX",Diesel,New Deal,TX,101.42540000000008,0,0.0,3
2026-03-09 08:57:42,"0284 - New Deal, TX",Unlead,New Deal,TX,35.76850000000013,0,0.0,1
2026-03-09 08:57:42,"0285 - Seguin, TX",Diesel,Seguin,TX,69.20399999999972,0,0.0,3
2026-03-09 08:57:42,"0285 - Seguin, TX",Unlead,Seguin,TX,39.32899999999972,0,0.0,1
2026-03-09 08:57:42,"0286 - Amarillo, TX",Diesel,Amarillo,TX,147.91899999999987,0,0.0,3
2026-03-09 08:57:42,"0286 - Amarillo, TX",Unlead,Amarillo,TX,0.0,0,0.0,1
2026-03-09 08:57:42,"0287 - Burbonnais, IL",Diesel,Burbonnais,IL,98.72199999999975,0,0.0,3
2026-03-09 08:57:42,"0287 - Burbonnais, IL",Unlead,Burbonnais,IL,63.5630000000001,0,0.0,1
2026-03-09 08:57:42,"0289 - Teague, TX",Diesel,Teague,TX,82.36599999999999,0,0.0,3
2026-03-09 08:57:42,"0289 - Teague, TX",Unlead,Teague,TX,46.72309999999925,0,0.0,1
2026-03-09 08:57:42,"0290 - Joplin, MO",Diesel,Joplin,MO,14.600000000000364,0,0.0,3
2026-03-09 08:57:42,"0290 - Joplin, MO",Unlead,Joplin,MO,13.09100000000035,0,0.0,1
2026-03-09 08:57:42,"0312 - Vidor, TX",Diesel,Vidor,TX,181.71199999999953,0,0.0,3
2026-03-09 08:57:42,"0312 - Vidor, TX",Unlead,Vidor,TX,40.23500000000058,0,0.0,1
2026-03-09 08:57:42,"0315 - Laredo, TX",Diesel,Laredo,TX,137.49899999999616,0,0.0,3
2026-03-09 08:57:42,"0315 - Laredo, TX",Unlead,Laredo,TX,0.0,0,0.0,1
2026-03-09 08:57:42,"0319 - Milford, TX",Diesel,Milford,TX,61.8179999999993,0,0.0,3
2026-03-09 08:57:42,"0319 - Milford, TX",Unlead,Milford,TX,66.33880000000045,0,0.0,1
2026-03-09 08:57:42,"0323 - Canton, TX",Diesel,Canton,TX,5.8399999999965075,0,0.0,3
2026-03-09 08:57:42,"0323 - Canton, TX",Unlead,Canton,TX,26.89099999999962,0,0.0,1
2026-03-09 09:12:45,"0118 - Springfield, IL",Diesel,Springfield,IL,14.0,0,0.0,3
2026-03-09 09:12:45,"0118 - Springfield, IL",Unlead,Springfield,IL,33.0,0,0.0,1
2026-03-09 09:12:45,"0132 - Champaign, IL",Diesel,Champaign,IL,56.92900000000009,0,0.0,3
2026-03-09 09:12:45,"0132 - Champaign, IL",Unlead,Champaign,IL,57.95800000000054,0,0.0,1
2026-03-09 09:12:45,"0136 - Cottage Grove, WI",Diesel,Cottage Grove,WI,247.48199999999997,0,0.0,2
2026-03-09 09:12:45,"0136 - Cottage Grove, WI",Unlead,Cottage Grove,WI,35.95499999999993,0,0.0,1
2026-03-09 09:12:45,"0139 - Tuscola, IL",Diesel,Tuscola,IL,71.0,0,0.0,1
2026-03-09 09:12:45,"0139 - Tuscola, IL",Unlead,Tuscola,IL,159.0,0,0.0,2
2026-03-09 09:12:45,"0140 - Mendota, IL",Diesel,Mendota,IL,0.0,0,0.0,2
2026-03-09 09:12:45,"0140 - Mendota, IL",Unlead,Mendota,IL,14.0,0,0.0,2
2026-03-09 09:12:45,"0141 - Brazil, IN",Diesel,Brazil,IN,11.787499999999454,0,0.0,4
2026-03-09 09:12:45,"0141 - Brazil, IN",Unlead,Brazil,IN,13.0,0,0.0,1
2026-03-09 09:12:45,"0144 - Elk Run Height, IA",Diesel,Elk Run Height,IA,164.0,0,0.0,4
2026-03-09 09:12:45,"0144 - Elk Run Height, IA",Unlead,Elk Run Height,IA,8.778800000000047,0,0.0,2
2026-03-09 09:12:45,"0145 - Fenton, MO",Diesel,Fenton,MO,85.0,0,0.0,2
2026-03-09 09:12:45,"0145 - Fenton, MO",Unlead,Fenton,MO,32.0,0,0.0,1
2026-03-09 09:12:45,"0157 - Okawville, IL",Diesel,Okawville,IL,100.0,0,0.0,3
2026-03-09 09:12:45,"0157 - Okawville, IL",Unlead,Okawville,IL,36.884500000000116,0,0.0,1
2026-03-09 09:12:45,"0181 - Springfield, IL",Diesel,Springfield,IL,121.71139999999923,0,0.0,3
2026-03-09 09:12:45,"0181 - Springfield, IL",Unlead,Springfield,IL,49.68600000000151,0,0.0,1
2026-03-09 09:12:45,"0185 - McLean, IL",Diesel,McLean,IL,0.0,0,0.0,4
2026-03-09 09:12:45,"0185 - McLean, IL",Unlead,McLean,IL,12.010699999999815,0,0.0,1
2026-03-09 09:12:45,"0186 - Minonk, IL",Diesel,Minonk,IL,0.0,0,0.0,3
2026-03-09 09:12:45,"0186 - Minonk, IL",Unlead,Minonk,IL,45.990999999999985,0,0.0,1
2026-03-09 09:12:45,"0187 - Chicago, IL",Diesel,Chicago,IL,0.0,0,0.0,3
2026-03-09 09:12:45,"0187 - Chicago, IL",Unlead,Chicago,IL,0.0,0,0.0,1
2026-03-09 09:12:45,"0203 - Rockford, IL",Diesel,Rockford,IL,9.123999999999796,0,0.0,1
2026-03-09 09:12:45,"0203 - Rockford, IL",Unlead,Rockford,IL,56.19000000000051,0,0.0,1
2026-03-09 09:12:45,"0205 - South Beloit, IL",Diesel,South Beloit,IL,72.0,0,0.0,3
2026-03-09 09:12:45,"0205 - South Beloit, IL",Unlead,South Beloit,IL,23.0,0,0.0,1
2026-03-09 09:12:45,"0206 - Winnebago, IL",Diesel,Winnebago,IL,0.0,0,0.0,1
2026-03-09 09:12:45,"0206 - Winnebago, IL",Unlead,Winnebago,IL,83.0,0,0.0,1
2026-03-09 09:12:45,"0209 - Oakdale, WI",Diesel,Oakdale,WI,94.0,0,0.0,3
2026-03-09 09:12:45,"0209 - Oakdale, WI",Unlead,Oakdale,WI,52.0,0,0.0,1
2026-03-09 09:12:45,"0210 - Rochelle, IL",Diesel,Rochelle,IL,0.0,0,0.0,3
2026-03-09 09:12:45,"0210 - Rochelle, IL",Unlead,Rochelle,IL,61.0,0,0.0,1
2026-03-09 09:12:45,"0211 - Loves Park, IL",Diesel,Loves Park,IL,151.0,0,0.0,1
2026-03-09 09:12:45,"0211 - Loves Park, IL",Unlead,Loves Park,IL,32.0,0,0.0,1
2026-03-09 09:12:45,"0225 - Princeton, IL",Diesel,Princeton,IL,5.0,0,0.0,4
2026-03-09 09:12:45,"0225 - Princeton, IL",Unlead,Princeton,IL,2.0,0,0.0,2
2026-03-09 09:12:45,"0226 - Greenwood, IN",Diesel,Greenwood,IN,0.0,0,0.0,2
2026-03-09 09:12:45,"0226 - Greenwood, IN",Unlead,Greenwood,IN,21.0,0,0.0,2
2026-03-09 09:12:45,"0235 - Hampshire, IL",Diesel,Hampshire,IL,242.0,0,0.0,2
2026-03-09 09:12:45,"0235 - Hampshire, IL",Unlead,Hampshire,IL,45.0,0,0.0,2
2026-03-09 09:12:45,"0236 - East Troy, WI",Diesel,East Troy,WI,196.0,0,0.0,2
2026-03-09 09:12:45,"0236 - East Troy, WI",Unlead,East Troy,WI,0.0,0,0.0,1
2026-03-09 09:12:45,"0240 - Lake Station, IN",Diesel,Lake Station,IN,0.0,0,0.0,5
2026-03-09 09:12:45,"0240 - Lake Station, IN",Unlead,Lake Station,IN,65.0,0,0.0,2
2026-03-09 09:12:45,"0242 - St Robert, MO",Diesel,St Robert,MO,55.40600000000086,0,0.0,4
2026-03-09 09:12:45,"0263 - Ottawa, IL",Diesel,Ottawa,IL,120.0,0,0.0,3
2026-03-09 09:12:45,"0263 - Ottawa, IL",Unlead,Ottawa,IL,37.0,0,0.0,1
2026-03-09 09:12:45,"0265 - Dixon, IL",Diesel,Dixon,IL,99.78349999999955,0,0.0,3
2026-03-09 09:12:45,"0265 - Dixon, IL",Unlead,Dixon,IL,25.325000000000728,0,0.0,1
2026-03-09 09:12:45,"0266 - New Berlin, IL",Diesel,New Berlin,IL,107.0,0,0.0,3
2026-03-09 09:12:45,"0266 - New Berlin, IL",Unlead,New Berlin,IL,37.87700000000041,0,0.0,1
2026-03-09 09:12:45,"0267 - Pharr, TX",Diesel,Pharr,TX,305.0,0,0.0,4
2026-03-09 09:12:45,"0267 - Pharr, TX",Unlead,Pharr,TX,30.0,0,0.0,1
2026-03-09 09:12:45,"0268 - Grayville, IL",Diesel,Grayville,IL,0.0,0,0.0,3
2026-03-09 09:12:45,"0268 - Grayville, IL",Unlead,Grayville,IL,35.0,0,0.0,1
2026-03-09 09:12:45,"0269 - Marshall, IL",Diesel,Marshall,IL,0.0,0,0.0,3
2026-03-09 09:12:45,"0269 - Marshall, IL",Unlead,Marshall,IL,11.0,0,0.0,1
2026-03-09 09:12:45,"0270 - Moore, TX",Diesel,Moore,TX,163.0,0,0.0,3
2026-03-09 09:12:45,"0270 - Moore, TX",Unlead,Moore,TX,20.0,0,0.0,1
2026-03-09 09:12:45,"0271 - Odessa, TX",Diesel,Odessa,TX,78.82909999999993,0,0.0,3
2026-03-09 09:12:45,"0271 - Odessa, TX",Unlead,Odessa,TX,71.60159999999996,0,0.0,1
2026-03-09 09:12:45,"0272 - Encinal, TX",Diesel,Encinal,TX,168.8249999999989,0,0.0,3
2026-03-09 09:12:45,"0272 - Encinal, TX",Unlead,Encinal,TX,31.665999999999258,0,0.0,1
2026-03-09 09:12:45,"0273 - Combes, TX",Diesel,Combes,TX,114.11830000000009,0,0.0,3
2026-03-09 09:12:45,"0273 - Combes, TX",Unlead,Combes,TX,94.01699999999983,0,0.0,1
2026-03-09 09:12:45,"0275 - Sonora, TX",Diesel,Sonora,TX,0.0,0,0.0,3
2026-03-09 09:12:45,"0275 - Sonora, TX",Unlead,Sonora,TX,18.84820000000036,0,0.0,1
2026-03-09 09:12:45,"0276 - Waco, TX",Diesel,Waco,TX,210.98499999999876,0,0.0,3
2026-03-09 09:12:45,"0276 - Waco, TX",Unlead,Waco,TX,55.844999999999345,0,0.0,1
2026-03-09 09:12:45,"0277 - New Boston, TX",Diesel,New Boston,TX,15.095000000001164,0,0.0,3
2026-03-09 09:12:45,"0277 - New Boston, TX",Unlead,New Boston,TX,16.99369999999999,0,0.0,1
2026-03-09 09:12:45,"0278 - Brinkley, AR",Diesel,Brinkley,AR,0.0,0,0.0,3
2026-03-09 09:12:45,"0278 - Brinkley, AR",Unlead,Brinkley,AR,54.13600000000042,0,0.0,1
2026-03-09 09:12:45,"0279 - Marion, IL",Diesel,Marion,IL,6.0020000000004075,1,2434.4140000000007,3
2026-03-09 09:12:45,"0279 - Marion, IL",Unlead,Marion,IL,116.69340000000011,0,0.0,1
2026-03-09 09:12:45,"0280 - Monahans, TX",Diesel,Monahans,TX,186.41600000000108,0,0.0,3
2026-03-09 09:12:45,"0280 - Monahans, TX",Unlead,Monahans,TX,132.51300000000083,0,0.0,1
2026-03-09 09:12:45,"0281 - Cisco, TX",Diesel,Cisco,TX,0.0,0,0.0,3
2026-03-09 09:12:45,"0281 - Cisco, TX",Unlead,Cisco,TX,0.0,0,0.0,1
2026-03-09 09:12:45,"0282 - Gainesville, TX",Diesel,Gainesville,TX,37.329499999999825,0,0.0,3
2026-03-09 09:12:45,"0282 - Gainesville, TX",Unlead,Gainesville,TX,7.408000000001266,0,0.0,1
2026-03-09 09:12:45,"0283 - Sealy, TX",Diesel,Sealy,TX,70.66450000000077,0,0.0,3
2026-03-09 09:12:45,"0283 - Sealy, TX",Unlead,Sealy,TX,58.26599999999962,0,0.0,1
2026-03-09 09:12:45,"0284 - New Deal, TX",Diesel,New Deal,TX,112.8797999999997,0,0.0,3
2026-03-09 09:12:45,"0284 - New Deal, TX",Unlead,New Deal,TX,16.508499999999913,0,0.0,1
2026-03-09 09:12:45,"0285 - Seguin, TX",Diesel,Seguin,TX,0.0,0,0.0,3
2026-03-09 09:12:45,"0285 - Seguin, TX",Unlead,Seguin,TX,36.89000000000124,0,0.0,1
2026-03-09 09:12:45,"0286 - Amarillo, TX",Diesel,Amarillo,TX,103.21000000000095,0,0.0,3
2026-03-09 09:12:45,"0286 - Amarillo, TX",Unlead,Amarillo,TX,0.0,0,0.0,1
2026-03-09 09:12:45,"0287 - Burbonnais, IL",Diesel,Burbonnais,IL,188.3110000000015,0,0.0,3
2026-03-09 09:12:45,"0287 - Burbonnais, IL",Unlead,Burbonnais,IL,63.60400000000027,0,0.0,1
2026-03-09 09:12:45,"0289 - Teague, TX",Diesel,Teague,TX,0.0,0,0.0,3
2026-03-09 09:12:45,"0289 - Teague, TX",Unlead,Teague,TX,139.4924000000001,0,0.0,1
2026-03-09 09:12:45,"0290 - Joplin, MO",Diesel,Joplin,MO,0.0,0,0.0,3
2026-03-09 09:12:45,"0290 - Joplin, MO",Unlead,Joplin,MO,41.272000000000844,0,0.0,1
2026-03-09 09:12:45,"0312 - Vidor, TX",Diesel,Vidor,TX,39.61949999999888,0,0.0,3
2026-03-09 09:12:45,"0312 - Vidor, TX",Unlead,Vidor,TX,37.56800000000112,0,0.0,1
2026-03-09 09:12:45,"0315 - Laredo, TX",Diesel,Laredo,TX,6.572000000000116,0,0.0,3
2026-03-09 09:12:45,"0315 - Laredo, TX",Unlead,Laredo,TX,0.0,0,0.0,1
2026-03-09 09:12:45,"0319 - Milford, TX",Diesel,Milford,TX,207.07899999999972,0,0.0,3
2026-03-09 09:12:45,"0319 - Milford, TX",Unlead,Milford,TX,8.870200000000295,0,0.0,1
2026-03-09 09:12:45,"0323 - Canton, TX",Diesel,Canton,TX,7.84400000000096,0,0.0,3
2026-03-09 09:12:45,"0323 - Canton, TX",Unlead,Canton,TX,81.57700000000114,0,0.0,1
2026-03-09 09:27:48,"0118 - Springfield, IL",Diesel,Springfield,IL,54.0,0,0.0,3
2026-03-09 09:27:48,"0118 - Springfield, IL",Unlead,Springfield,IL,0.0,0,0.0,1
2026-03-09 09:27:48,"0132 - Champaign, IL",Diesel,Champaign,IL,33.66700000000128,0,0.0,3
2026-03-09 09:27:48,"0132 - Champaign, IL",Unlead,Champaign,IL,57.41899999999987,0,0.0,1
2026-03-09 09:27:48,"0136 - Cottage Grove, WI",Diesel,Cottage Grove,WI,137.5550000000003,0,0.0,2
2026-03-09 09:27:48,"0136 - Cottage Grove, WI",Unlead,Cottage Grove,WI,42.19599999999991,0,0.0,1
2026-03-09 09:27:48,"0139 - Tuscola, IL",Diesel,Tuscola,IL,0.0,0,0.0,1
2026-03-09 09:27:48,"0139 - Tuscola, IL",Unlead,Tuscola,IL,51.0,0,0.0,2
2026-03-09 09:27:48,"0140 - Mendota, IL",Diesel,Mendota,IL,63.0,0,0.0,2
2026-03-09 09:27:48,"0140 - Mendota, IL",Unlead,Mendota,IL,0.0,0,0.0,2
2026-03-09 09:27:48,"0141 - Brazil, IN",Diesel,Brazil,IN,0.0,0,0.0,4
2026-03-09 09:27:48,"0141 - Brazil, IN",Unlead,Brazil,IN,0.0,0,0.0,1
2026-03-09 09:27:48,"0144 - Elk Run Height, IA",Diesel,Elk Run Height,IA,193.0,0,0.0,4
2026-03-09 09:27:48,"0144 - Elk Run Height, IA",Unlead,Elk Run Height,IA,11.3128999999999,0,0.0,2
2026-03-09 09:27:48,"0145 - Fenton, MO",Diesel,Fenton,MO,69.0,0,0.0,2
2026-03-09 09:27:48,"0145 - Fenton, MO",Unlead,Fenton,MO,37.0,0,0.0,1
2026-03-09 09:27:48,"0157 - Okawville, IL",Diesel,Okawville,IL,90.0,0,0.0,3
2026-03-09 09:27:48,"0157 - Okawville, IL",Unlead,Okawville,IL,51.797999999999774,0,0.0,1
2026-03-09 09:27:48,"0181 - Springfield, IL",Diesel,Springfield,IL,0.0,0,0.0,3
2026-03-09 09:27:48,"0181 - Springfield, IL",Unlead,Springfield,IL,48.32599999999911,0,0.0,1
2026-03-09 09:27:48,"0185 - McLean, IL",Diesel,McLean,IL,128.72849999999926,0,0.0,4
2026-03-09 09:27:48,"0185 - McLean, IL",Unlead,McLean,IL,34.10770000000048,0,0.0,1
2026-03-09 09:27:48,"0186 - Minonk, IL",Diesel,Minonk,IL,176.9339999999993,0,0.0,3
2026-03-09 09:27:48,"0186 - Minonk, IL",Unlead,Minonk,IL,12.221599999999853,0,0.0,1
2026-03-09 09:27:48,"0187 - Chicago, IL",Diesel,Chicago,IL,0.0,0,0.0,3
2026-03-09 09:27:48,"0187 - Chicago, IL",Unlead,Chicago,IL,0.0,0,0.0,1
2026-03-09 09:27:48,"0203 - Rockford, IL",Diesel,Rockford,IL,0.0,0,0.0,1
2026-03-09 09:27:48,"0203 - Rockford, IL",Unlead,Rockford,IL,27.894000000000233,0,0.0,1
2026-03-09 09:27:48,"0205 - South Beloit, IL",Diesel,South Beloit,IL,38.0,0,0.0,3
2026-03-09 09:27:48,"0205 - South Beloit, IL",Unlead,South Beloit,IL,9.0,0,0.0,1
2026-03-09 09:27:48,"0206 - Winnebago, IL",Diesel,Winnebago,IL,0.0,0,0.0,1
2026-03-09 09:27:48,"0206 - Winnebago, IL",Unlead,Winnebago,IL,82.0,0,0.0,1
2026-03-09 09:27:48,"0209 - Oakdale, WI",Diesel,Oakdale,WI,103.0,0,0.0,3
2026-03-09 09:27:48,"0209 - Oakdale, WI",Unlead,Oakdale,WI,68.0,0,0.0,1
2026-03-09 09:27:48,"0210 - Rochelle, IL",Diesel,Rochelle,IL,121.0,0,0.0,3
2026-03-09 09:27:48,"0210 - Rochelle, IL",Unlead,Rochelle,IL,27.0,0,0.0,1
2026-03-09 09:27:48,"0211 - Loves Park, IL",Diesel,Loves Park,IL,0.0,0,0.0,1
2026-03-09 09:27:48,"0211 - Loves Park, IL",Unlead,Loves Park,IL,32.0,0,0.0,1
2026-03-09 09:27:48,"0225 - Princeton, IL",Diesel,Princeton,IL,0.0,0,0.0,4
2026-03-09 09:27:48,"0225 - Princeton, IL",Unlead,Princeton,IL,13.0,0,0.0,2
2026-03-09 09:27:48,"0226 - Greenwood, IN",Diesel,Greenwood,IN,338.0,0,0.0,2
2026-03-09 09:27:48,"0226 - Greenwood, IN",Unlead,Greenwood,IN,12.0,0,0.0,2
2026-03-09 09:27:48,"0235 - Hampshire, IL",Diesel,Hampshire,IL,123.0,0,0.0,2
2026-03-09 09:27:48,"0235 - Hampshire, IL",Unlead,Hampshire,IL,64.0,0,0.0,2
2026-03-09 09:27:48,"0236 - East Troy, WI",Diesel,East Troy,WI,0.0,0,0.0,2
2026-03-09 09:27:48,"0236 - East Troy, WI",Unlead,East Troy,WI,0.0,0,0.0,1
2026-03-09 09:27:48,"0240 - Lake Station, IN",Diesel,Lake Station,IN,192.0,0,0.0,5
2026-03-09 09:27:48,"0240 - Lake Station, IN",Unlead,Lake Station,IN,9.0,0,0.0,2
2026-03-09 09:27:48,"0242 - St Robert, MO",Diesel,St Robert,MO,8.761999999999716,0,0.0,4
2026-03-09 09:27:48,"0263 - Ottawa, IL",Diesel,Ottawa,IL,134.0,0,0.0,3
2026-03-09 09:27:48,"0263 - Ottawa, IL",Unlead,Ottawa,IL,49.0,0,0.0,1
2026-03-09 09:27:48,"0265 - Dixon, IL",Diesel,Dixon,IL,0.0,0,0.0,3
2026-03-09 09:27:48,"0265 - Dixon, IL",Unlead,Dixon,IL,32.03399999999965,0,0.0,1
2026-03-09 09:27:48,"0266 - New Berlin, IL",Diesel,New Berlin,IL,0.0,0,0.0,3
2026-03-09 09:27:48,"0266 - New Berlin, IL",Unlead,New Berlin,IL,59.422999999999774,0,0.0,1
2026-03-09 09:27:48,"0267 - Pharr, TX",Diesel,Pharr,TX,867.0,0,0.0,4
2026-03-09 09:27:48,"0267 - Pharr, TX",Unlead,Pharr,TX,5.0,0,0.0,1
2026-03-09 09:27:48,"0268 - Grayville, IL",Diesel,Grayville,IL,0.0,0,0.0,3
2026-03-09 09:27:48,"0268 - Grayville, IL",Unlead,Grayville,IL,11.0,0,0.0,1
2026-03-09 09:27:48,"0269 - Marshall, IL",Diesel,Marshall,IL,83.0,0,0.0,3
2026-03-09 09:27:48,"0269 - Marshall, IL",Unlead,Marshall,IL,37.0,0,0.0,1
2026-03-09 09:27:48,"0270 - Moore, TX",Diesel,Moore,TX,248.0,0,0.0,3
2026-03-09 09:27:48,"0270 - Moore, TX",Unlead,Moore,TX,84.0,0,0.0,1
2026-03-09 09:27:48,"0271 - Odessa, TX",Diesel,Odessa,TX,0.0,1,522.1674999999996,3
2026-03-09 09:27:48,"0271 - Odessa, TX",Unlead,Odessa,TX,53.033400000000256,0,0.0,1
2026-03-09 09:27:48,"0272 - Encinal, TX",Diesel,Encinal,TX,117.78299999999945,0,0.0,3
2026-03-09 09:27:48,"0272 - Encinal, TX",Unlead,Encinal,TX,84.1760000000013,0,0.0,1
2026-03-09 09:27:48,"0273 - Combes, TX",Diesel,Combes,TX,53.08010000000013,0,0.0,3
2026-03-09 09:27:48,"0273 - Combes, TX",Unlead,Combes,TX,57.789999999999054,0,0.0,1
2026-03-09 09:27:48,"0275 - Sonora, TX",Diesel,Sonora,TX,0.0,0,0.0,3
2026-03-09 09:27:48,"0275 - Sonora, TX",Unlead,Sonora,TX,31.333299999999326,0,0.0,1
2026-03-09 09:27:48,"0276 - Waco, TX",Diesel,Waco,TX,149.66100000000006,0,0.0,3
2026-03-09 09:27:48,"0276 - Waco, TX",Unlead,Waco,TX,63.301000000001295,0,0.0,1
2026-03-09 09:27:48,"0277 - New Boston, TX",Diesel,New Boston,TX,83.66899999999987,0,0.0,3
2026-03-09 09:27:48,"0277 - New Boston, TX",Unlead,New Boston,TX,28.154700000000048,0,0.0,1
2026-03-09 09:27:48,"0278 - Brinkley, AR",Diesel,Brinkley,AR,0.0,0,0.0,3
2026-03-09 09:27:48,"0278 - Brinkley, AR",Unlead,Brinkley,AR,40.24160000000029,0,0.0,1
2026-03-09 09:27:48,"0279 - Marion, IL",Diesel,Marion,IL,0.0,0,0.0,3
2026-03-09 09:27:48,"0279 - Marion, IL",Unlead,Marion,IL,48.511999999999716,0,0.0,1
2026-03-09 09:27:48,"0280 - Monahans, TX",Diesel,Monahans,TX,244.59399999999914,0,0.0,3
2026-03-09 09:27:48,"0280 - Monahans, TX",Unlead,Monahans,TX,21.630999999999403,0,0.0,1
2026-03-09 09:27:48,"0281 - Cisco, TX",Diesel,Cisco,TX,0.0,0,0.0,3
2026-03-09 09:27:48,"0281 - Cisco, TX",Unlead,Cisco,TX,0.0,0,0.0,1
2026-03-09 09:27:48,"0282 - Gainesville, TX",Diesel,Gainesville,TX,21.929000000000087,1,582.4889999999996,3
2026-03-09 09:27:48,"0282 - Gainesville, TX",Unlead,Gainesville,TX,16.996499999999287,0,0.0,1
2026-03-09 09:27:48,"0283 - Sealy, TX",Diesel,Sealy,TX,514.0239999999994,0,0.0,3
2026-03-09 09:27:48,"0283 - Sealy, TX",Unlead,Sealy,TX,76.09200000000055,0,0.0,1
2026-03-09 09:27:48,"0284 - New Deal, TX",Diesel,New Deal,TX,17.226799999999457,0,0.0,3
2026-03-09 09:27:48,"0284 - New Deal, TX",Unlead,New Deal,TX,31.145000000000437,0,0.0,1
2026-03-09 09:27:48,"0285 - Seguin, TX",Diesel,Seguin,TX,25.43499999999949,0,0.0,3
2026-03-09 09:27:48,"0285 - Seguin, TX",Unlead,Seguin,TX,0.0,0,0.0,1
2026-03-09 09:27:48,"0286 - Amarillo, TX",Diesel,Amarillo,TX,54.935999999999694,0,0.0,3
2026-03-09 09:27:48,"0286 - Amarillo, TX",Unlead,Amarillo,TX,4.092000000000553,0,0.0,1
2026-03-09 09:27:48,"0287 - Burbonnais, IL",Diesel,Burbonnais,IL,0.0,0,0.0,3
2026-03-09 09:27:48,"0287 - Burbonnais, IL",Unlead,Burbonnais,IL,39.4429999999993,0,0.0,1
2026-03-09 09:27:48,"0289 - Teague, TX",Diesel,Teague,TX,337.09400000000096,0,0.0,3
2026-03-09 09:27:48,"0289 - Teague, TX",Unlead,Teague,TX,0.0,0,0.0,1
2026-03-09 09:27:48,"0290 - Joplin, MO",Diesel,Joplin,MO,0.0,0,0.0,3
2026-03-09 09:27:48,"0290 - Joplin, MO",Unlead,Joplin,MO,24.842999999998938,0,0.0,1
2026-03-09 09:27:48,"0312 - Vidor, TX",Diesel,Vidor,TX,19.735500000000684,0,0.0,3
2026-03-09 09:27:48,"0312 - Vidor, TX",Unlead,Vidor,TX,77.65299999999843,0,0.0,1
2026-03-09 09:27:48,"0315 - Laredo, TX",Diesel,Laredo,TX,0.0,0,0.0,3
2026-03-09 09:27:48,"0315 - Laredo, TX",Unlead,Laredo,TX,26.037000000000262,0,0.0,1
2026-03-09 09:27:48,"0319 - Milford, TX",Diesel,Milford,TX,0.0,0,0.0,3
2026-03-09 09:27:48,"0319 - Milford, TX",Unlead,Milford,TX,6.491699999999582,0,0.0,1
2026-03-09 09:27:48,"0323 - Canton, TX",Diesel,Canton,TX,16.144000000000233,0,0.0,3
2026-03-09 09:27:48,"0323 - Canton, TX",Unlead,Canton,TX,9.805000000000291,0,0.0,1
2026-03-09 09:42:52,"0118 - Springfield, IL",Diesel,Springfield,IL,20.0,0,0.0,3
2026-03-09 09:42:52,"0118 - Springfield, IL",Unlead,Springfield,IL,34.0,0,0.0,1
2026-03-09 09:42:52,"0132 - Champaign, IL",Diesel,Champaign,IL,71.4429999999993,0,0.0,3
2026-03-09 09:42:52,"0132 - Champaign, IL",Unlead,Champaign,IL,18.18499999999949,0,0.0,1
2026-03-09 09:42:52,"0136 - Cottage Grove, WI",Diesel,Cottage Grove,WI,52.576999999999316,0,0.0,2
2026-03-09 09:42:52,"0136 - Cottage Grove, WI",Unlead,Cottage Grove,WI,21.476999999998952,0,0.0,1
2026-03-09 09:42:52,"0139 - Tuscola, IL",Diesel,Tuscola,IL,0.0,0,0.0,1
2026-03-09 09:42:52,"0139 - Tuscola, IL",Unlead,Tuscola,IL,15.0,0,0.0,2
2026-03-09 09:42:52,"0140 - Mendota, IL",Diesel,Mendota,IL,33.0,0,0.0,2
2026-03-09 09:42:52,"0140 - Mendota, IL",Unlead,Mendota,IL,32.0,0,0.0,2
2026-03-09 09:42:52,"0141 - Brazil, IN",Diesel,Brazil,IN,0.0,0,0.0,4
2026-03-09 09:42:52,"0141 - Brazil, IN",Unlead,Brazil,IN,13.0,0,0.0,1
2026-03-09 09:42:52,"0144 - Elk Run Height, IA",Diesel,Elk Run Height,IA,201.0,0,0.0,4
2026-03-09 09:42:52,"0144 - Elk Run Height, IA",Unlead,Elk Run Height,IA,18.33929999999964,0,0.0,2
2026-03-09 09:42:52,"0145 - Fenton, MO",Diesel,Fenton,MO,197.0,0,0.0,2
2026-03-09 09:42:52,"0145 - Fenton, MO",Unlead,Fenton,MO,95.0,0,0.0,1
2026-03-09 09:42:52,"0157 - Okawville, IL",Diesel,Okawville,IL,0.0,0,0.0,3
2026-03-09 09:42:52,"0157 - Okawville, IL",Unlead,Okawville,IL,33.9340000000002,0,0.0,1
2026-03-09 09:42:52,"0181 - Springfield, IL",Diesel,Springfield,IL,205.34929999999895,0,0.0,3
2026-03-09 09:42:52,"0181 - Springfield, IL",Unlead,Springfield,IL,15.22899999999936,0,0.0,1
2026-03-09 09:42:52,"0185 - McLean, IL",Diesel,McLean,IL,75.13899999999921,0,0.0,4
2026-03-09 09:42:52,"0185 - McLean, IL",Unlead,McLean,IL,21.847399999999652,0,0.0,1
2026-03-09 09:42:52,"0186 - Minonk, IL",Diesel,Minonk,IL,0.0,0,0.0,3
2026-03-09 09:42:52,"0186 - Minonk, IL",Unlead,Minonk,IL,23.353399999999965,0,0.0,1
2026-03-09 09:42:52,"0187 - Chicago, IL",Diesel,Chicago,IL,0.0,0,0.0,3
2026-03-09 09:42:52,"0187 - Chicago, IL",Unlead,Chicago,IL,13.573700000000827,0,0.0,1
2026-03-09 09:42:52,"0203 - Rockford, IL",Diesel,Rockford,IL,0.0,0,0.0,1
2026-03-09 09:42:52,"0203 - Rockford, IL",Unlead,Rockford,IL,70.628999999999,0,0.0,1
2026-03-09 09:42:52,"0205 - South Beloit, IL",Diesel,South Beloit,IL,0.0,0,0.0,3
2026-03-09 09:42:52,"0205 - South Beloit, IL",Unlead,South Beloit,IL,68.0,0,0.0,1
2026-03-09 09:42:52,"0206 - Winnebago, IL",Diesel,Winnebago,IL,0.0,0,0.0,1
2026-03-09 09:42:52,"0206 - Winnebago, IL",Unlead,Winnebago,IL,99.0,0,0.0,1
2026-03-09 09:42:52,"0209 - Oakdale, WI",Diesel,Oakdale,WI,0.0,0,0.0,3
2026-03-09 09:42:52,"0209 - Oakdale, WI",Unlead,Oakdale,WI,33.0,0,0.0,1
2026-03-09 09:42:52,"0210 - Rochelle, IL",Diesel,Rochelle,IL,0.0,0,0.0,3
2026-03-09 09:42:52,"0210 - Rochelle, IL",Unlead,Rochelle,IL,34.0,0,0.0,1
2026-03-09 09:42:52,"0211 - Loves Park, IL",Diesel,Loves Park,IL,5.0,0,0.0,1
2026-03-09 09:42:52,"0211 - Loves Park, IL",Unlead,Loves Park,IL,9.0,0,0.0,1
2026-03-09 09:42:52,"0225 - Princeton, IL",Diesel,Princeton,IL,0.0,0,0.0,4
2026-03-09 09:42:52,"0225 - Princeton, IL",Unlead,Princeton,IL,0.0,0,0.0,2
2026-03-09 09:42:52,"0226 - Greenwood, IN",Diesel,Greenwood,IN,63.0,0,0.0,2
2026-03-09 09:42:52,"0226 - Greenwood, IN",Unlead,Greenwood,IN,14.0,0,0.0,2
2026-03-09 09:42:52,"0235 - Hampshire, IL",Diesel,Hampshire,IL,0.0,0,0.0,2
2026-03-09 09:42:52,"0235 - Hampshire, IL",Unlead,Hampshire,IL,59.0,0,0.0,2
2026-03-09 09:42:52,"0236 - East Troy, WI",Diesel,East Troy,WI,0.0,0,0.0,2
2026-03-09 09:42:52,"0236 - East Troy, WI",Unlead,East Troy,WI,13.0,0,0.0,1
2026-03-09 09:42:52,"0240 - Lake Station, IN",Diesel,Lake Station,IN,215.0,0,0.0,5
2026-03-09 09:42:52,"0240 - Lake Station, IN",Unlead,Lake Station,IN,19.0,0,0.0,2
2026-03-09 09:42:52,"0242 - St Robert, MO",Diesel,St Robert,MO,0.0,0,0.0,4
2026-03-09 09:42:52,"0263 - Ottawa, IL",Diesel,Ottawa,IL,190.0,0,0.0,3
2026-03-09 09:42:52,"0263 - Ottawa, IL",Unlead,Ottawa,IL,74.0,0,0.0,1
2026-03-09 09:42:52,"0265 - Dixon, IL",Diesel,Dixon,IL,0.0,0,0.0,3
2026-03-09 09:42:52,"0265 - Dixon, IL",Unlead,Dixon,IL,0.0,0,0.0,1
2026-03-09 09:42:52,"0266 - New Berlin, IL",Diesel,New Berlin,IL,52.0,0,0.0,3
2026-03-09 09:42:52,"0266 - New Berlin, IL",Unlead,New Berlin,IL,9.409999999999854,0,0.0,1
2026-03-09 09:42:52,"0267 - Pharr, TX",Diesel,Pharr,TX,583.0,0,0.0,4
2026-03-09 09:42:52,"0267 - Pharr, TX",Unlead,Pharr,TX,32.0,0,0.0,1
2026-03-09 09:42:52,"0268 - Grayville, IL",Diesel,Grayville,IL,199.0,0,0.0,3
2026-03-09 09:42:52,"0268 - Grayville, IL",Unlead,Grayville,IL,26.0,0,0.0,1
2026-03-09 09:42:52,"0269 - Marshall, IL",Diesel,Marshall,IL,97.0,0,0.0,3
2026-03-09 09:42:52,"0269 - Marshall, IL",Unlead,Marshall,IL,44.0,0,0.0,1
2026-03-09 09:42:52,"0270 - Moore, TX",Diesel,Moore,TX,81.0,0,0.0,3
2026-03-09 09:42:52,"0270 - Moore, TX",Unlead,Moore,TX,45.0,0,0.0,1
2026-03-09 09:42:52,"0271 - Odessa, TX",Diesel,Odessa,TX,0.0,2,7252.875,3
2026-03-09 09:42:52,"0271 - Odessa, TX",Unlead,Odessa,TX,24.913400000000365,0,0.0,1
2026-03-09 09:42:52,"0272 - Encinal, TX",Diesel,Encinal,TX,236.4410000000007,0,0.0,3
2026-03-09 09:42:52,"0272 - Encinal, TX",Unlead,Encinal,TX,8.054000000000087,0,0.0,1
2026-03-09 09:42:52,"0273 - Combes, TX",Diesel,Combes,TX,0.0,0,0.0,3
2026-03-09 09:42:52,"0273 - Combes, TX",Unlead,Combes,TX,70.24700000000121,0,0.0,1
2026-03-09 09:42:52,"0275 - Sonora, TX",Diesel,Sonora,TX,15.90350000000035,0,0.0,3
2026-03-09 09:42:52,"0275 - Sonora, TX",Unlead,Sonora,TX,40.36250000000018,0,0.0,1
2026-03-09 09:42:52,"0276 - Waco, TX",Diesel,Waco,TX,26.12800000000061,0,0.0,3
2026-03-09 09:42:52,"0276 - Waco, TX",Unlead,Waco,TX,0.0,0,0.0,1
2026-03-09 09:42:52,"0277 - New Boston, TX",Diesel,New Boston,TX,0.0,0,0.0,3
2026-03-09 09:42:52,"0277 - New Boston, TX",Unlead,New Boston,TX,10.151899999999841,0,0.0,1
2026-03-09 09:42:52,"0278 - Brinkley, AR",Diesel,Brinkley,AR,0.0,1,1150.6090000000004,3
2026-03-09 09:42:52,"0278 - Brinkley, AR",Unlead,Brinkley,AR,89.41010000000006,0,0.0,1
2026-03-09 09:42:52,"0279 - Marion, IL",Diesel,Marion,IL,8.578999999999724,0,0.0,3
2026-03-09 09:42:52,"0279 - Marion, IL",Unlead,Marion,IL,32.79500000000007,0,0.0,1
2026-03-09 09:42:52,"0280 - Monahans, TX",Diesel,Monahans,TX,176.32600000000093,0,0.0,3
2026-03-09 09:42:52,"0280 - Monahans, TX",Unlead,Monahans,TX,81.40899999999965,0,0.0,1
2026-03-09 09:42:52,"0281 - Cisco, TX",Diesel,Cisco,TX,0.0,0,0.0,3
2026-03-09 09:42:52,"0281 - Cisco, TX",Unlead,Cisco,TX,0.0,0,0.0,1
2026-03-09 09:42:52,"0282 - Gainesville, TX",Diesel,Gainesville,TX,0.0,2,2386.855000000003,3
2026-03-09 09:42:52,"0282 - Gainesville, TX",Unlead,Gainesville,TX,0.0,1,1169.1669999999995,1
2026-03-09 09:42:52,"0283 - Sealy, TX",Diesel,Sealy,TX,188.71299999999974,0,0.0,3
2026-03-09 09:42:52,"0283 - Sealy, TX",Unlead,Sealy,TX,15.806000000000495,0,0.0,1
2026-03-09 09:42:52,"0284 - New Deal, TX",Diesel,New Deal,TX,0.0,0,0.0,3
2026-03-09 09:42:52,"0284 - New Deal, TX",Unlead,New Deal,TX,83.4380000000001,0,0.0,1
2026-03-09 09:42:52,"0285 - Seguin, TX",Diesel,Seguin,TX,51.33400000000074,0,0.0,3
2026-03-09 09:42:52,"0285 - Seguin, TX",Unlead,Seguin,TX,19.868999999998778,0,0.0,1
2026-03-09 09:42:52,"0286 - Amarillo, TX",Diesel,Amarillo,TX,104.83300000000054,0,0.0,3
2026-03-09 09:42:52,"0286 - Amarillo, TX",Unlead,Amarillo,TX,9.621999999999389,0,0.0,1
2026-03-09 09:42:52,"0287 - Burbonnais, IL",Diesel,Burbonnais,IL,91.65300000000207,0,0.0,3
2026-03-09 09:42:52,"0287 - Burbonnais, IL",Unlead,Burbonnais,IL,62.476700000000164,0,0.0,1
2026-03-09 09:42:52,"0289 - Teague, TX",Diesel,Teague,TX,173.15200000000004,0,0.0,3
2026-03-09 09:42:52,"0289 - Teague, TX",Unlead,Teague,TX,63.7549999999992,0,0.0,1
2026-03-09 09:42:52,"0290 - Joplin, MO",Diesel,Joplin,MO,27.650000000001455,0,0.0,3
2026-03-09 09:42:52,"0290 - Joplin, MO",Unlead,Joplin,MO,27.39900000000125,0,0.0,1
2026-03-09 09:42:52,"0312 - Vidor, TX",Diesel,Vidor,TX,0.0,0,0.0,3
2026-03-09 09:42:52,"0312 - Vidor, TX",Unlead,Vidor,TX,52.63600000000042,0,0.0,1
2026-03-09 09:42:52,"0315 - Laredo, TX",Diesel,Laredo,TX,0.0,0,0.0,3
2026-03-09 09:42:52,"0315 - Laredo, TX",Unlead,Laredo,TX,14.913000000000466,0,0.0,1
2026-03-09 09:42:52,"0319 - Milford, TX",Diesel,Milford,TX,9.290999999999258,0,0.0,3
2026-03-09 09:42:52,"0319 - Milford, TX",Unlead,Milford,TX,80.60300000000007,0,0.0,1
2026-03-09 09:42:52,"0323 - Canton, TX",Diesel,Canton,TX,0.0,0,0.0,3
2026-03-09 09:42:52,"0323 - Canton, TX",Unlead,Canton,TX,18.154999999998836,0,0.0,1
2026-03-09 09:57:58,"0118 - Springfield, IL",Diesel,Springfield,IL,0.0,0,0.0,3
2026-03-09 09:57:58,"0118 - Springfield, IL",Unlead,Springfield,IL,71.0,0,0.0,1
2026-03-09 09:57:58,"0132 - Champaign, IL",Diesel,Champaign,IL,208.3202000000001,0,0.0,3
2026-03-09 09:57:58,"0132 - Champaign, IL",Unlead,Champaign,IL,9.40099999999984,0,0.0,1
2026-03-09 09:57:58,"0136 - Cottage Grove, WI",Diesel,Cottage Grove,WI,44.28600000000006,0,0.0,2
2026-03-09 09:57:58,"0136 - Cottage Grove, WI",Unlead,Cottage Grove,WI,51.54200000000128,0,0.0,1
2026-03-09 09:57:58,"0139 - Tuscola, IL",Diesel,Tuscola,IL,22.0,0,0.0,1
2026-03-09 09:57:58,"0139 - Tuscola, IL",Unlead,Tuscola,IL,50.0,0,0.0,2
2026-03-09 09:57:58,"0140 - Mendota, IL",Diesel,Mendota,IL,0.0,0,0.0,2
2026-03-09 09:57:58,"0140 - Mendota, IL",Unlead,Mendota,IL,0.0,0,0.0,2
2026-03-09 09:57:58,"0141 - Brazil, IN",Diesel,Brazil,IN,0.0,0,0.0,4
2026-03-09 09:57:58,"0141 - Brazil, IN",Unlead,Brazil,IN,11.0,0,0.0,1
2026-03-09 09:57:58,"0144 - Elk Run Height, IA",Diesel,Elk Run Height,IA,21.0,0,0.0,4
2026-03-09 09:57:58,"0144 - Elk Run Height, IA",Unlead,Elk Run Height,IA,0.0,0,0.0,2
2026-03-09 09:57:58,"0145 - Fenton, MO",Diesel,Fenton,MO,295.0,0,0.0,2
2026-03-09 09:57:58,"0145 - Fenton, MO",Unlead,Fenton,MO,73.0,0,0.0,1
2026-03-09 09:57:58,"0157 - Okawville, IL",Diesel,Okawville,IL,152.0,0,0.0,3
2026-03-09 09:57:58,"0157 - Okawville, IL",Unlead,Okawville,IL,10.760000000000218,0,0.0,1
2026-03-09 09:57:58,"0181 - Springfield, IL",Diesel,Springfield,IL,141.30040000000008,0,0.0,3
2026-03-09 09:57:58,"0181 - Springfield, IL",Unlead,Springfield,IL,29.829999999999927,0,0.0,1
2026-03-09 09:57:58,"0185 - McLean, IL",Diesel,McLean,IL,7.734000000000378,0,0.0,4
2026-03-09 09:57:58,"0185 - McLean, IL",Unlead,McLean,IL,50.87989999999991,0,0.0,1
2026-03-09 09:57:58,"0186 - Minonk, IL",Diesel,Minonk,IL,0.0,0,0.0,3
2026-03-09 09:57:58,"0186 - Minonk, IL",Unlead,Minonk,IL,0.0,0,0.0,1
2026-03-09 09:57:58,"0187 - Chicago, IL",Diesel,Chicago,IL,20.0,0,0.0,3
2026-03-09 09:57:58,"0187 - Chicago, IL",Unlead,Chicago,IL,6.087299999999232,0,0.0,1
2026-03-09 09:57:58,"0203 - Rockford, IL",Diesel,Rockford,IL,102.87700000000041,0,0.0,1
2026-03-09 09:57:58,"0203 - Rockford, IL",Unlead,Rockford,IL,21.739000000001397,0,0.0,1
2026-03-09 09:57:58,"0205 - South Beloit, IL",Diesel,South Beloit,IL,0.0,0,0.0,3
2026-03-09 09:57:58,"0205 - South Beloit, IL",Unlead,South Beloit,IL,66.0,0,0.0,1
2026-03-09 09:57:58,"0206 - Winnebago, IL",Diesel,Winnebago,IL,0.0,0,0.0,1
2026-03-09 09:57:58,"0206 - Winnebago, IL",Unlead,Winnebago,IL,85.0,0,0.0,1
2026-03-09 09:57:58,"0209 - Oakdale, WI",Diesel,Oakdale,WI,79.0,0,0.0,3
2026-03-09 09:57:58,"0209 - Oakdale, WI",Unlead,Oakdale,WI,48.0,0,0.0,1
2026-03-09 09:57:58,"0210 - Rochelle, IL",Diesel,Rochelle,IL,17.0,0,0.0,3
2026-03-09 09:57:58,"0210 - Rochelle, IL",Unlead,Rochelle,IL,31.0,0,0.0,1
2026-03-09 09:57:58,"0211 - Loves Park, IL",Diesel,Loves Park,IL,89.0,0,0.0,1
2026-03-09 09:57:58,"0211 - Loves Park, IL",Unlead,Loves Park,IL,56.0,0,0.0,1
2026-03-09 09:57:58,"0225 - Princeton, IL",Diesel,Princeton,IL,192.0,0,0.0,4
2026-03-09 09:57:58,"0225 - Princeton, IL",Unlead,Princeton,IL,0.0,0,0.0,2
2026-03-09 09:57:58,"0226 - Greenwood, IN",Diesel,Greenwood,IN,299.0,0,0.0,2
2026-03-09 09:57:58,"0226 - Greenwood, IN",Unlead,Greenwood,IN,26.0,0,0.0,2
2026-03-09 09:57:58,"0235 - Hampshire, IL",Diesel,Hampshire,IL,9.0,0,0.0,2
2026-03-09 09:57:58,"0235 - Hampshire, IL",Unlead,Hampshire,IL,43.0,0,0.0,2
2026-03-09 09:57:58,"0236 - East Troy, WI",Diesel,East Troy,WI,0.0,0,0.0,2
2026-03-09 09:57:58,"0236 - East Troy, WI",Unlead,East Troy,WI,0.0,0,0.0,1
2026-03-09 09:57:58,"0240 - Lake Station, IN",Diesel,Lake Station,IN,202.0,0,0.0,5
2026-03-09 09:57:58,"0240 - Lake Station, IN",Unlead,Lake Station,IN,22.0,0,0.0,2
2026-03-09 09:57:58,"0242 - St Robert, MO",Diesel,St Robert,MO,0.0,0,0.0,4
2026-03-09 09:57:58,"0263 - Ottawa, IL",Diesel,Ottawa,IL,113.0,0,0.0,3
2026-03-09 09:57:58,"0263 - Ottawa, IL",Unlead,Ottawa,IL,122.0,0,0.0,1
2026-03-09 09:57:58,"0265 - Dixon, IL",Diesel,Dixon,IL,50.27100000000064,0,0.0,3
2026-03-09 09:57:58,"0265 - Dixon, IL",Unlead,Dixon,IL,58.20499999999993,0,0.0,1
2026-03-09 09:57:58,"0266 - New Berlin, IL",Diesel,New Berlin,IL,0.0,0,0.0,3
2026-03-09 09:57:58,"0266 - New Berlin, IL",Unlead,New Berlin,IL,10.53899999999976,0,0.0,1
2026-03-09 09:57:58,"0267 - Pharr, TX",Diesel,Pharr,TX,0.0,3,7076.0,4
2026-03-09 09:57:58,"0267 - Pharr, TX",Unlead,Pharr,TX,10.0,0,0.0,1
2026-03-09 09:57:58,"0268 - Grayville, IL",Diesel,Grayville,IL,29.0,0,0.0,3
2026-03-09 09:57:58,"0268 - Grayville, IL",Unlead,Grayville,IL,9.0,0,0.0,1
2026-03-09 09:57:58,"0269 - Marshall, IL",Diesel,Marshall,IL,53.0,0,0.0,3
2026-03-09 09:57:58,"0269 - Marshall, IL",Unlead,Marshall,IL,40.0,0,0.0,1
2026-03-09 09:57:58,"0270 - Moore, TX",Diesel,Moore,TX,235.0,0,0.0,3
2026-03-09 09:57:58,"0270 - Moore, TX",Unlead,Moore,TX,38.0,0,0.0,1
2026-03-09 09:57:58,"0271 - Odessa, TX",Diesel,Odessa,TX,0.0,0,0.0,3
2026-03-09 09:57:58,"0271 - Odessa, TX",Unlead,Odessa,TX,91.47309999999925,0,0.0,1
2026-03-09 09:57:58,"0272 - Encinal, TX",Diesel,Encinal,TX,0.0,0,0.0,3
2026-03-09 09:57:58,"0272 - Encinal, TX",Unlead,Encinal,TX,53.15699999999924,0,0.0,1
2026-03-09 09:57:58,"0273 - Combes, TX",Diesel,Combes,TX,126.69769999999971,0,0.0,3
2026-03-09 09:57:58,"0273 - Combes, TX",Unlead,Combes,TX,57.78799999999865,0,0.0,1
2026-03-09 09:57:58,"0275 - Sonora, TX",Diesel,Sonora,TX,0.0,0,0.0,3
2026-03-09 09:57:58,"0275 - Sonora, TX",Unlead,Sonora,TX,18.991500000000087,0,0.0,1
2026-03-09 09:57:58,"0276 - Waco, TX",Diesel,Waco,TX,151.5699999999997,0,0.0,3
2026-03-09 09:57:58,"0276 - Waco, TX",Unlead,Waco,TX,46.95600000000013,0,0.0,1
2026-03-09 09:57:58,"0277 - New Boston, TX",Diesel,New Boston,TX,67.15600000000086,0,0.0,3
2026-03-09 09:57:58,"0277 - New Boston, TX",Unlead,New Boston,TX,38.32710000000043,0,0.0,1
2026-03-09 09:57:58,"0278 - Brinkley, AR",Diesel,Brinkley,AR,0.0,1,4956.912,3
2026-03-09 09:57:58,"0278 - Brinkley, AR",Unlead,Brinkley,AR,39.221299999999246,0,0.0,1
2026-03-09 09:57:58,"0279 - Marion, IL",Diesel,Marion,IL,172.3610000000026,0,0.0,3
2026-03-09 09:57:58,"0279 - Marion, IL",Unlead,Marion,IL,134.44740000000002,0,0.0,1
2026-03-09 09:57:58,"0280 - Monahans, TX",Diesel,Monahans,TX,101.32799999999952,0,0.0,3
2026-03-09 09:57:58,"0280 - Monahans, TX",Unlead,Monahans,TX,52.4940000000006,0,0.0,1
2026-03-09 09:57:58,"0281 - Cisco, TX",Diesel,Cisco,TX,0.0,0,0.0,3
2026-03-09 09:57:58,"0281 - Cisco, TX",Unlead,Cisco,TX,0.0,0,0.0,1
2026-03-09 09:57:58,"0282 - Gainesville, TX",Diesel,Gainesville,TX,0.0,0,0.0,3
2026-03-09 09:57:58,"0282 - Gainesville, TX",Unlead,Gainesville,TX,0.0,1,3747.7664999999997,1
2026-03-09 09:57:58,"0283 - Sealy, TX",Diesel,Sealy,TX,189.20100000000093,0,0.0,3
2026-03-09 09:57:58,"0283 - Sealy, TX",Unlead,Sealy,TX,19.023999999999432,0,0.0,1
2026-03-09 09:57:58,"0284 - New Deal, TX",Diesel,New Deal,TX,31.72990000000027,0,0.0,3
2026-03-09 09:57:58,"0284 - New Deal, TX",Unlead,New Deal,TX,37.6299999999992,0,0.0,1
2026-03-09 09:57:58,"0285 - Seguin, TX",Diesel,Seguin,TX,73.25600000000122,0,0.0,3
2026-03-09 09:57:58,"0285 - Seguin, TX",Unlead,Seguin,TX,0.0,0,0.0,1
2026-03-09 09:57:58,"0286 - Amarillo, TX",Diesel,Amarillo,TX,234.09099999999853,0,0.0,3
2026-03-09 09:57:58,"0286 - Amarillo, TX",Unlead,Amarillo,TX,23.527000000000044,0,0.0,1
2026-03-09 09:57:58,"0287 - Burbonnais, IL",Diesel,Burbonnais,IL,14.337999999999738,0,0.0,3
2026-03-09 09:57:58,"0287 - Burbonnais, IL",Unlead,Burbonnais,IL,0.0,1,2980.3036999999995,1
2026-03-09 09:57:58,"0289 - Teague, TX",Diesel,Teague,TX,39.54600000000028,0,0.0,3
2026-03-09 09:57:58,"0289 - Teague, TX",Unlead,Teague,TX,46.57300000000032,0,0.0,1
2026-03-09 09:57:58,"0290 - Joplin, MO",Diesel,Joplin,MO,0.0,0,0.0,3
2026-03-09 09:57:58,"0290 - Joplin, MO",Unlead,Joplin,MO,50.4369999999999,0,0.0,1
2026-03-09 09:57:58,"0312 - Vidor, TX",Diesel,Vidor,TX,153.34200000000055,0,0.0,3
2026-03-09 09:57:58,"0312 - Vidor, TX",Unlead,Vidor,TX,76.79199999999946,0,0.0,1
2026-03-09 09:57:58,"0315 - Laredo, TX",Diesel,Laredo,TX,82.76299999999901,0,0.0,3
2026-03-09 09:57:58,"0315 - Laredo, TX",Unlead,Laredo,TX,11.128000000000611,0,0.0,1
2026-03-09 09:57:58,"0319 - Milford, TX",Diesel,Milford,TX,387.6050000000014,0,0.0,3
2026-03-09 09:57:58,"0319 - Milford, TX",Unlead,Milford,TX,26.662100000000464,0,0.0,1
2026-03-09 09:57:58,"0323 - Canton, TX",Diesel,Canton,TX,0.0,0,0.0,3
2026-03-09 09:57:58,"0323 - Canton, TX",Unlead,Canton,TX,25.188000000000102,0,0.0,1
2026-03-09 10:13:02,"0118 - Springfield, IL",Diesel,Springfield,IL,27.0,0,0.0,3
2026-03-09 10:13:02,"0118 - Springfield, IL",Unlead,Springfield,IL,17.0,0,0.0,1
2026-03-09 10:13:02,"0132 - Champaign, IL",Diesel,Champaign,IL,0.0,0,0.0,3
2026-03-09 10:13:02,"0132 - Champaign, IL",Unlead,Champaign,IL,57.8075000000008,0,0.0,1
2026-03-09 10:13:02,"0136 - Cottage Grove, WI",Diesel,Cottage Grove,WI,276.7600000000002,0,0.0,2
2026-03-09 10:13:02,"0136 - Cottage Grove, WI",Unlead,Cottage Grove,WI,27.165999999999258,0,0.0,1
2026-03-09 10:13:02,"0139 - Tuscola, IL",Diesel,Tuscola,IL,0.0,0,0.0,1
2026-03-09 10:13:02,"0139 - Tuscola, IL",Unlead,Tuscola,IL,34.0,0,0.0,2
2026-03-09 10:13:02,"0140 - Mendota, IL",Diesel,Mendota,IL,0.0,0,0.0,2
2026-03-09 10:13:02,"0140 - Mendota, IL",Unlead,Mendota,IL,22.0,0,0.0,2
2026-03-09 10:13:02,"0141 - Brazil, IN",Diesel,Brazil,IN,145.1174000000001,0,0.0,4
2026-03-09 10:13:02,"0141 - Brazil, IN",Unlead,Brazil,IN,22.0,0,0.0,1
2026-03-09 10:13:02,"0144 - Elk Run Height, IA",Diesel,Elk Run Height,IA,58.0,0,0.0,4
2026-03-09 10:13:02,"0144 - Elk Run Height, IA",Unlead,Elk Run Height,IA,0.0,0,0.0,2
2026-03-09 10:13:02,"0145 - Fenton, MO",Diesel,Fenton,MO,263.0,0,0.0,2
2026-03-09 10:13:02,"0145 - Fenton, MO",Unlead,Fenton,MO,83.0,0,0.0,1
2026-03-09 10:13:02,"0157 - Okawville, IL",Diesel,Okawville,IL,117.0,0,0.0,3
2026-03-09 10:13:02,"0157 - Okawville, IL",Unlead,Okawville,IL,12.793999999999869,0,0.0,1
2026-03-09 10:13:02,"0181 - Springfield, IL",Diesel,Springfield,IL,164.8793000000005,0,0.0,3
2026-03-09 10:13:02,"0181 - Springfield, IL",Unlead,Springfield,IL,40.022000000000844,0,0.0,1
2026-03-09 10:13:02,"0185 - McLean, IL",Diesel,McLean,IL,224.8780000000006,0,0.0,4
2026-03-09 10:13:02,"0185 - McLean, IL",Unlead,McLean,IL,27.38670000000002,0,0.0,1
2026-03-09 10:13:02,"0186 - Minonk, IL",Diesel,Minonk,IL,0.0,0,0.0,3
2026-03-09 10:13:02,"0186 - Minonk, IL",Unlead,Minonk,IL,37.81049999999959,0,0.0,1
2026-03-09 10:13:02,"0187 - Chicago, IL",Diesel,Chicago,IL,0.0,0,0.0,3
2026-03-09 10:13:02,"0187 - Chicago, IL",Unlead,Chicago,IL,4.694000000000415,0,0.0,1
2026-03-09 10:13:02,"0203 - Rockford, IL",Diesel,Rockford,IL,0.0,0,0.0,1
2026-03-09 10:13:02,"0203 - Rockford, IL",Unlead,Rockford,IL,16.36700000000019,0,0.0,1
2026-03-09 10:13:02,"0205 - South Beloit, IL",Diesel,South Beloit,IL,43.0,0,0.0,3
2026-03-09 10:13:02,"0205 - South Beloit, IL",Unlead,South Beloit,IL,18.0,0,0.0,1
2026-03-09 10:13:02,"0206 - Winnebago, IL",Diesel,Winnebago,IL,0.0,0,0.0,1
2026-03-09 10:13:02,"0206 - Winnebago, IL",Unlead,Winnebago,IL,137.0,0,0.0,1
2026-03-09 10:13:02,"0209 - Oakdale, WI",Diesel,Oakdale,WI,78.0,0,0.0,3
2026-03-09 10:13:02,"0209 - Oakdale, WI",Unlead,Oakdale,WI,56.0,0,0.0,1
2026-03-09 10:13:02,"0210 - Rochelle, IL",Diesel,Rochelle,IL,114.0,0,0.0,3
2026-03-09 10:13:02,"0210 - Rochelle, IL",Unlead,Rochelle,IL,81.0,0,0.0,1
2026-03-09 10:13:02,"0211 - Loves Park, IL",Diesel,Loves Park,IL,0.0,0,0.0,1
2026-03-09 10:13:02,"0211 - Loves Park, IL",Unlead,Loves Park,IL,12.0,0,0.0,1
2026-03-09 10:13:02,"0225 - Princeton, IL",Diesel,Princeton,IL,50.0,0,0.0,4
2026-03-09 10:13:02,"0225 - Princeton, IL",Unlead,Princeton,IL,7.0,0,0.0,2
2026-03-09 10:13:02,"0226 - Greenwood, IN",Diesel,Greenwood,IN,87.0,0,0.0,2
2026-03-09 10:13:02,"0226 - Greenwood, IN",Unlead,Greenwood,IN,19.0,0,0.0,2
2026-03-09 10:13:02,"0235 - Hampshire, IL",Diesel,Hampshire,IL,0.0,0,0.0,2
2026-03-09 10:13:02,"0235 - Hampshire, IL",Unlead,Hampshire,IL,18.0,0,0.0,2
2026-03-09 10:13:02,"0236 - East Troy, WI",Diesel,East Troy,WI,0.0,0,0.0,2
2026-03-09 10:13:02,"0236 - East Troy, WI",Unlead,East Troy,WI,6.0,0,0.0,1
2026-03-09 10:13:02,"0240 - Lake Station, IN",Diesel,Lake Station,IN,250.0,0,0.0,5
2026-03-09 10:13:02,"0240 - Lake Station, IN",Unlead,Lake Station,IN,11.0,0,0.0,2
2026-03-09 10:13:02,"0242 - St Robert, MO",Diesel,St Robert,MO,21.22400000000016,0,0.0,4
2026-03-09 10:13:02,"0263 - Ottawa, IL",Diesel,Ottawa,IL,78.0,0,0.0,3
2026-03-09 10:13:02,"0263 - Ottawa, IL",Unlead,Ottawa,IL,43.0,0,0.0,1
2026-03-09 10:13:02,"0265 - Dixon, IL",Diesel,Dixon,IL,12.270000000000437,0,0.0,3
2026-03-09 10:13:02,"0265 - Dixon, IL",Unlead,Dixon,IL,28.09599999999955,0,0.0,1
2026-03-09 10:13:02,"0266 - New Berlin, IL",Diesel,New Berlin,IL,31.0,0,0.0,3
2026-03-09 10:13:02,"0266 - New Berlin, IL",Unlead,New Berlin,IL,46.70520000000033,0,0.0,1
2026-03-09 10:13:02,"0267 - Pharr, TX",Diesel,Pharr,TX,201.0,1,139.0,4
2026-03-09 10:13:02,"0267 - Pharr, TX",Unlead,Pharr,TX,12.0,0,0.0,1
2026-03-09 10:13:02,"0268 - Grayville, IL",Diesel,Grayville,IL,0.0,0,0.0,3
2026-03-09 10:13:02,"0268 - Grayville, IL",Unlead,Grayville,IL,39.0,0,0.0,1
2026-03-09 10:13:02,"0269 - Marshall, IL",Diesel,Marshall,IL,113.0,0,0.0,3
2026-03-09 10:13:02,"0269 - Marshall, IL",Unlead,Marshall,IL,43.0,0,0.0,1
2026-03-09 10:13:02,"0270 - Moore, TX",Diesel,Moore,TX,177.0,0,0.0,3
2026-03-09 10:13:02,"0270 - Moore, TX",Unlead,Moore,TX,77.0,0,0.0,1
2026-03-09 10:13:02,"0271 - Odessa, TX",Diesel,Odessa,TX,319.9320000000007,0,0.0,3
2026-03-09 10:13:02,"0271 - Odessa, TX",Unlead,Odessa,TX,91.29200000000037,0,0.0,1
2026-03-09 10:13:02,"0272 - Encinal, TX",Diesel,Encinal,TX,105.24799999999959,1,402.97799999999916,3
2026-03-09 10:13:02,"0272 - Encinal, TX",Unlead,Encinal,TX,23.27599999999984,0,0.0,1
2026-03-09 10:13:02,"0273 - Combes, TX",Diesel,Combes,TX,0.0,0,0.0,3
2026-03-09 10:13:02,"0273 - Combes, TX",Unlead,Combes,TX,83.19100000000071,0,0.0,1
2026-03-09 10:13:02,"0275 - Sonora, TX",Diesel,Sonora,TX,23.05199999999968,0,0.0,3
2026-03-09 10:13:02,"0275 - Sonora, TX",Unlead,Sonora,TX,25.91899999999987,0,0.0,1
2026-03-09 10:13:02,"0276 - Waco, TX",Diesel,Waco,TX,14.67200000000048,0,0.0,3
2026-03-09 10:13:02,"0276 - Waco, TX",Unlead,Waco,TX,34.32899999999972,0,0.0,1
2026-03-09 10:13:02,"0277 - New Boston, TX",Diesel,New Boston,TX,161.8040000000001,0,0.0,3
2026-03-09 10:13:02,"0277 - New Boston, TX",Unlead,New Boston,TX,0.0,0,0.0,1
2026-03-09 10:13:02,"0278 - Brinkley, AR",Diesel,Brinkley,AR,0.0,1,1671.1579999999994,3
2026-03-09 10:13:02,"0278 - Brinkley, AR",Unlead,Brinkley,AR,20.074000000000524,0,0.0,1
2026-03-09 10:13:02,"0279 - Marion, IL",Diesel,Marion,IL,0.0,0,0.0,3
2026-03-09 10:13:02,"0279 - Marion, IL",Unlead,Marion,IL,111.0025999999998,0,0.0,1
2026-03-09 10:13:02,"0280 - Monahans, TX",Diesel,Monahans,TX,153.8050000000003,0,0.0,3
2026-03-09 10:13:02,"0280 - Monahans, TX",Unlead,Monahans,TX,0.0,0,0.0,1
2026-03-09 10:13:02,"0281 - Cisco, TX",Diesel,Cisco,TX,0.0,0,0.0,3
2026-03-09 10:13:02,"0281 - Cisco, TX",Unlead,Cisco,TX,0.0,0,0.0,1
2026-03-09 10:13:02,"0282 - Gainesville, TX",Diesel,Gainesville,TX,15.441000000002532,0,0.0,3
2026-03-09 10:13:02,"0282 - Gainesville, TX",Unlead,Gainesville,TX,45.974999999998545,0,0.0,1
2026-03-09 10:13:02,"0283 - Sealy, TX",Diesel,Sealy,TX,0.0,0,0.0,3
2026-03-09 10:13:02,"0283 - Sealy, TX",Unlead,Sealy,TX,61.4380000000001,0,0.0,1
2026-03-09 10:13:02,"0284 - New Deal, TX",Diesel,New Deal,TX,0.0,0,0.0,3
2026-03-09 10:13:02,"0284 - New Deal, TX",Unlead,New Deal,TX,22.215000000000146,0,0.0,1
2026-03-09 10:13:02,"0285 - Seguin, TX",Diesel,Seguin,TX,92.74749999999949,0,0.0,3
2026-03-09 10:13:02,"0285 - Seguin, TX",Unlead,Seguin,TX,38.73400000000038,0,0.0,1
2026-03-09 10:13:02,"0286 - Amarillo, TX",Diesel,Amarillo,TX,98.33400000000074,0,0.0,3
2026-03-09 10:13:02,"0286 - Amarillo, TX",Unlead,Amarillo,TX,34.91899999999987,0,0.0,1
2026-03-09 10:13:02,"0287 - Burbonnais, IL",Diesel,Burbonnais,IL,0.0,0,0.0,3
2026-03-09 10:13:02,"0287 - Burbonnais, IL",Unlead,Burbonnais,IL,0.0,1,5573.0740000000005,1
2026-03-09 10:13:02,"0289 - Teague, TX",Diesel,Teague,TX,33.85499999999956,0,0.0,3
2026-03-09 10:13:02,"0289 - Teague, TX",Unlead,Teague,TX,119.18099999999959,0,0.0,1
2026-03-09 10:13:02,"0290 - Joplin, MO",Diesel,Joplin,MO,85.92799999999625,0,0.0,3
2026-03-09 10:13:02,"0290 - Joplin, MO",Unlead,Joplin,MO,28.993999999998778,0,0.0,1
2026-03-09 10:13:02,"0312 - Vidor, TX",Diesel,Vidor,TX,142.02200000000084,0,0.0,3
2026-03-09 10:13:02,"0312 - Vidor, TX",Unlead,Vidor,TX,48.970000000001164,0,0.0,1
2026-03-09 10:13:02,"0315 - Laredo, TX",Diesel,Laredo,TX,0.0,0,0.0,3
2026-03-09 10:13:02,"0315 - Laredo, TX",Unlead,Laredo,TX,48.43199999999888,0,0.0,1
2026-03-09 10:13:02,"0319 - Milford, TX",Diesel,Milford,TX,88.04299999999967,0,0.0,3
2026-03-09 10:13:02,"0319 - Milford, TX",Unlead,Milford,TX,17.971599999999853,0,0.0,1
2026-03-09 10:13:02,"0323 - Canton, TX",Diesel,Canton,TX,0.0,0,0.0,3
2026-03-09 10:13:02,"0323 - Canton, TX",Unlead,Canton,TX,45.69200000000092,0,0.0,1
2026-03-09 10:28:05,"0118 - Springfield, IL",Diesel,Springfield,IL,40.0,0,0.0,3
2026-03-09 10:28:05,"0118 - Springfield, IL",Unlead,Springfield,IL,32.0,0,0.0,1
2026-03-09 10:28:05,"0132 - Champaign, IL",Diesel,Champaign,IL,126.39200000000164,0,0.0,3
2026-03-09 10:28:05,"0132 - Champaign, IL",Unlead,Champaign,IL,17.112499999999272,0,0.0,1
2026-03-09 10:28:05,"0136 - Cottage Grove, WI",Diesel,Cottage Grove,WI,14.859999999999673,0,0.0,2
2026-03-09 10:28:05,"0136 - Cottage Grove, WI",Unlead,Cottage Grove,WI,21.972999999999956,0,0.0,1
2026-03-09 10:28:05,"0139 - Tuscola, IL",Diesel,Tuscola,IL,0.0,0,0.0,1
2026-03-09 10:28:05,"0139 - Tuscola, IL",Unlead,Tuscola,IL,87.0,0,0.0,2
2026-03-09 10:28:05,"0140 - Mendota, IL",Diesel,Mendota,IL,23.0,0,0.0,2
2026-03-09 10:28:05,"0140 - Mendota, IL",Unlead,Mendota,IL,32.0,0,0.0,2
2026-03-09 10:28:05,"0141 - Brazil, IN",Diesel,Brazil,IN,25.845500000000357,0,0.0,4
2026-03-09 10:28:05,"0141 - Brazil, IN",Unlead,Brazil,IN,28.0,0,0.0,1
2026-03-09 10:28:05,"0144 - Elk Run Height, IA",Diesel,Elk Run Height,IA,45.0,0,0.0,4
2026-03-09 10:28:05,"0144 - Elk Run Height, IA",Unlead,Elk Run Height,IA,3.5336999999999534,0,0.0,2
2026-03-09 10:28:05,"0145 - Fenton, MO",Diesel,Fenton,MO,390.0,0,0.0,2
2026-03-09 10:28:05,"0145 - Fenton, MO",Unlead,Fenton,MO,54.0,0,0.0,1
2026-03-09 10:28:05,"0157 - Okawville, IL",Diesel,Okawville,IL,0.0,0,0.0,3
2026-03-09 10:28:05,"0157 - Okawville, IL",Unlead,Okawville,IL,26.38760000000002,0,0.0,1
2026-03-09 10:28:05,"0181 - Springfield, IL",Diesel,Springfield,IL,215.65950000000066,0,0.0,3
2026-03-09 10:28:05,"0181 - Springfield, IL",Unlead,Springfield,IL,70.12800000000061,0,0.0,1
2026-03-09 10:28:05,"0185 - McLean, IL",Diesel,McLean,IL,42.987999999999374,0,0.0,4
2026-03-09 10:28:05,"0185 - McLean, IL",Unlead,McLean,IL,121.14649999999983,0,0.0,1
2026-03-09 10:28:05,"0186 - Minonk, IL",Diesel,Minonk,IL,0.0,0,0.0,3
2026-03-09 10:28:05,"0186 - Minonk, IL",Unlead,Minonk,IL,71.33690000000024,0,0.0,1
2026-03-09 10:28:05,"0187 - Chicago, IL",Diesel,Chicago,IL,0.0,0,0.0,3
2026-03-09 10:28:05,"0187 - Chicago, IL",Unlead,Chicago,IL,13.408000000000357,0,0.0,1
2026-03-09 10:28:05,"0203 - Rockford, IL",Diesel,Rockford,IL,0.0,0,0.0,1
2026-03-09 10:28:05,"0203 - Rockford, IL",Unlead,Rockford,IL,57.891999999999825,0,0.0,1
2026-03-09 10:28:05,"0205 - South Beloit, IL",Diesel,South Beloit,IL,0.0,0,0.0,3
2026-03-09 10:28:05,"0205 - South Beloit, IL",Unlead,South Beloit,IL,16.0,0,0.0,1
2026-03-09 10:28:05,"0206 - Winnebago, IL",Diesel,Winnebago,IL,0.0,0,0.0,1
2026-03-09 10:28:05,"0206 - Winnebago, IL",Unlead,Winnebago,IL,147.0,0,0.0,1
2026-03-09 10:28:05,"0209 - Oakdale, WI",Diesel,Oakdale,WI,0.0,0,0.0,3
2026-03-09 10:28:05,"0209 - Oakdale, WI",Unlead,Oakdale,WI,101.0,0,0.0,1
2026-03-09 10:28:05,"0210 - Rochelle, IL",Diesel,Rochelle,IL,0.0,0,0.0,3
2026-03-09 10:28:05,"0210 - Rochelle, IL",Unlead,Rochelle,IL,52.0,0,0.0,1
2026-03-09 10:28:05,"0211 - Loves Park, IL",Diesel,Loves Park,IL,44.0,0,0.0,1
2026-03-09 10:28:05,"0211 - Loves Park, IL",Unlead,Loves Park,IL,20.0,0,0.0,1
2026-03-09 10:28:05,"0225 - Princeton, IL",Diesel,Princeton,IL,59.0,0,0.0,4
2026-03-09 10:28:05,"0225 - Princeton, IL",Unlead,Princeton,IL,5.0,0,0.0,2
2026-03-09 10:28:05,"0226 - Greenwood, IN",Diesel,Greenwood,IN,194.0,0,0.0,2
2026-03-09 10:28:05,"0226 - Greenwood, IN",Unlead,Greenwood,IN,26.0,0,0.0,2
2026-03-09 10:28:05,"0235 - Hampshire, IL",Diesel,Hampshire,IL,0.0,0,0.0,2
2026-03-09 10:28:05,"0235 - Hampshire, IL",Unlead,Hampshire,IL,63.0,0,0.0,2
2026-03-09 10:28:05,"0236 - East Troy, WI",Diesel,East Troy,WI,65.0,0,0.0,2
2026-03-09 10:28:05,"0236 - East Troy, WI",Unlead,East Troy,WI,0.0,0,0.0,1
2026-03-09 10:28:05,"0240 - Lake Station, IN",Diesel,Lake Station,IN,125.0,0,0.0,5
2026-03-09 10:28:05,"0240 - Lake Station, IN",Unlead,Lake Station,IN,8.0,0,0.0,2
2026-03-09 10:28:05,"0242 - St Robert, MO",Diesel,St Robert,MO,56.77599999999984,0,0.0,4
2026-03-09 10:28:05,"0263 - Ottawa, IL",Diesel,Ottawa,IL,26.0,0,0.0,3
2026-03-09 10:28:05,"0263 - Ottawa, IL",Unlead,Ottawa,IL,40.0,0,0.0,1
2026-03-09 10:28:05,"0265 - Dixon, IL",Diesel,Dixon,IL,0.0,0,0.0,3
2026-03-09 10:28:05,"0265 - Dixon, IL",Unlead,Dixon,IL,14.302999999999884,0,0.0,1
2026-03-09 10:28:05,"0266 - New Berlin, IL",Diesel,New Berlin,IL,0.0,0,0.0,3
2026-03-09 10:28:05,"0266 - New Berlin, IL",Unlead,New Berlin,IL,0.0,0,0.0,1
2026-03-09 10:28:05,"0267 - Pharr, TX",Diesel,Pharr,TX,501.0,0,0.0,4
2026-03-09 10:28:05,"0267 - Pharr, TX",Unlead,Pharr,TX,0.0,0,0.0,1
2026-03-09 10:28:05,"0268 - Grayville, IL",Diesel,Grayville,IL,0.0,0,0.0,3
2026-03-09 10:28:05,"0268 - Grayville, IL",Unlead,Grayville,IL,25.0,0,0.0,1
2026-03-09 10:28:05,"0269 - Marshall, IL",Diesel,Marshall,IL,17.0,0,0.0,3
2026-03-09 10:28:05,"0269 - Marshall, IL",Unlead,Marshall,IL,37.0,0,0.0,1
2026-03-09 10:28:05,"0270 - Moore, TX",Diesel,Moore,TX,71.0,0,0.0,3
2026-03-09 10:28:05,"0270 - Moore, TX",Unlead,Moore,TX,78.0,0,0.0,1
2026-03-09 10:28:05,"0271 - Odessa, TX",Diesel,Odessa,TX,125.97899999999936,0,0.0,3
2026-03-09 10:28:05,"0271 - Odessa, TX",Unlead,Odessa,TX,20.428499999999985,0,0.0,1
2026-03-09 10:28:05,"0272 - Encinal, TX",Diesel,Encinal,TX,0.0,2,3765.130000000001,3
2026-03-09 10:28:05,"0272 - Encinal, TX",Unlead,Encinal,TX,41.82899999999972,0,0.0,1
2026-03-09 10:28:05,"0273 - Combes, TX",Diesel,Combes,TX,20.72310000000016,0,0.0,3
2026-03-09 10:28:05,"0273 - Combes, TX",Unlead,Combes,TX,59.89600000000064,0,0.0,1
2026-03-09 10:28:05,"0275 - Sonora, TX",Diesel,Sonora,TX,10.972999999999956,0,0.0,3
2026-03-09 10:28:05,"0275 - Sonora, TX",Unlead,Sonora,TX,46.74300000000039,0,0.0,1
2026-03-09 10:28:05,"0276 - Waco, TX",Diesel,Waco,TX,384.71249999999964,0,0.0,3
2026-03-09 10:28:05,"0276 - Waco, TX",Unlead,Waco,TX,0.0,0,0.0,1
2026-03-09 10:28:05,"0277 - New Boston, TX",Diesel,New Boston,TX,35.37800000000061,0,0.0,3
2026-03-09 10:28:05,"0277 - New Boston, TX",Unlead,New Boston,TX,18.243199999999888,0,0.0,1
2026-03-09 10:28:05,"0278 - Brinkley, AR",Diesel,Brinkley,AR,67.60599999999977,0,0.0,3
2026-03-09 10:28:05,"0278 - Brinkley, AR",Unlead,Brinkley,AR,67.26229999999941,0,0.0,1
2026-03-09 10:28:05,"0279 - Marion, IL",Diesel,Marion,IL,120.00699999999779,0,0.0,3
2026-03-09 10:28:05,"0279 - Marion, IL",Unlead,Marion,IL,75.40070000000014,0,0.0,1
2026-03-09 10:28:05,"0280 - Monahans, TX",Diesel,Monahans,TX,57.47400000000016,0,0.0,3
2026-03-09 10:28:05,"0280 - Monahans, TX",Unlead,Monahans,TX,46.01599999999962,0,0.0,1
2026-03-09 10:28:05,"0281 - Cisco, TX",Diesel,Cisco,TX,0.0,0,0.0,3
2026-03-09 10:28:05,"0281 - Cisco, TX",Unlead,Cisco,TX,0.0,0,0.0,1
2026-03-09 10:28:05,"0282 - Gainesville, TX",Diesel,Gainesville,TX,50.62699999999677,0,0.0,3
2026-03-09 10:28:05,"0282 - Gainesville, TX",Unlead,Gainesville,TX,28.101000000002387,0,0.0,1
2026-03-09 10:28:05,"0283 - Sealy, TX",Diesel,Sealy,TX,0.0,0,0.0,3
2026-03-09 10:28:05,"0283 - Sealy, TX",Unlead,Sealy,TX,0.0,0,0.0,1
2026-03-09 10:28:05,"0284 - New Deal, TX",Diesel,New Deal,TX,59.38680000000022,0,0.0,3
2026-03-09 10:28:05,"0284 - New Deal, TX",Unlead,New Deal,TX,41.72900000000118,0,0.0,1
2026-03-09 10:28:05,"0285 - Seguin, TX",Diesel,Seguin,TX,199.15999999999985,0,0.0,3
2026-03-09 10:28:05,"0285 - Seguin, TX",Unlead,Seguin,TX,68.63500000000022,0,0.0,1
2026-03-09 10:28:05,"0286 - Amarillo, TX",Diesel,Amarillo,TX,0.0,0,0.0,3
2026-03-09 10:28:05,"0286 - Amarillo, TX",Unlead,Amarillo,TX,0.0,0,0.0,1
2026-03-09 10:28:05,"0287 - Burbonnais, IL",Diesel,Burbonnais,IL,0.0,0,0.0,3
2026-03-09 10:28:05,"0287 - Burbonnais, IL",Unlead,Burbonnais,IL,143.08599999999933,0,0.0,1
2026-03-09 10:28:05,"0289 - Teague, TX",Diesel,Teague,TX,356.7340000000004,0,0.0,3
2026-03-09 10:28:05,"0289 - Teague, TX",Unlead,Teague,TX,51.456600000000435,0,0.0,1
2026-03-09 10:28:05,"0290 - Joplin, MO",Diesel,Joplin,MO,141.69200000000274,0,0.0,3
2026-03-09 10:28:05,"0290 - Joplin, MO",Unlead,Joplin,MO,21.891999999999825,0,0.0,1
2026-03-09 10:28:05,"0312 - Vidor, TX",Diesel,Vidor,TX,169.83399999999892,0,0.0,3
2026-03-09 10:28:05,"0312 - Vidor, TX",Unlead,Vidor,TX,42.05999999999949,0,0.0,1
2026-03-09 10:28:05,"0315 - Laredo, TX",Diesel,Laredo,TX,16.71900000000096,0,0.0,3
2026-03-09 10:28:05,"0315 - Laredo, TX",Unlead,Laredo,TX,0.0,0,0.0,1
2026-03-09 10:28:05,"0319 - Milford, TX",Diesel,Milford,TX,0.0,0,0.0,3
2026-03-09 10:28:05,"0319 - Milford, TX",Unlead,Milford,TX,37.902000000000044,0,0.0,1
2026-03-09 10:28:05,"0323 - Canton, TX",Diesel,Canton,TX,0.0,0,0.0,3
2026-03-09 10:28:05,"0323 - Canton, TX",Unlead,Canton,TX,22.375999999998385,0,0.0,1
2026-03-09 10:43:09,"0118 - Springfield, IL",Diesel,Springfield,IL,302.0,0,0.0,3
2026-03-09 10:43:09,"0118 - Springfield, IL",Unlead,Springfield,IL,38.0,0,0.0,1
2026-03-09 10:43:09,"0132 - Champaign, IL",Diesel,Champaign,IL,151.43349999999919,0,0.0,3
2026-03-09 10:43:09,"0132 - Champaign, IL",Unlead,Champaign,IL,21.30199999999968,0,0.0,1
2026-03-09 10:43:09,"0136 - Cottage Grove, WI",Diesel,Cottage Grove,WI,229.97899999999936,0,0.0,2
2026-03-09 10:43:09,"0136 - Cottage Grove, WI",Unlead,Cottage Grove,WI,30.59100000000035,0,0.0,1
2026-03-09 10:43:09,"0139 - Tuscola, IL",Diesel,Tuscola,IL,197.0,0,0.0,1
2026-03-09 10:43:09,"0139 - Tuscola, IL",Unlead,Tuscola,IL,92.0,0,0.0,2
2026-03-09 10:43:09,"0140 - Mendota, IL",Diesel,Mendota,IL,0.0,0,0.0,2
2026-03-09 10:43:09,"0140 - Mendota, IL",Unlead,Mendota,IL,25.0,0,0.0,2
2026-03-09 10:43:09,"0141 - Brazil, IN",Diesel,Brazil,IN,0.0,0,0.0,4
2026-03-09 10:43:09,"0141 - Brazil, IN",Unlead,Brazil,IN,3.0,0,0.0,1
2026-03-09 10:43:09,"0144 - Elk Run Height, IA",Diesel,Elk Run Height,IA,288.0,0,0.0,4
2026-03-09 10:43:09,"0144 - Elk Run Height, IA",Unlead,Elk Run Height,IA,12.95850000000064,0,0.0,2
2026-03-09 10:43:09,"0145 - Fenton, MO",Diesel,Fenton,MO,224.0,0,0.0,2
2026-03-09 10:43:09,"0145 - Fenton, MO",Unlead,Fenton,MO,43.0,0,0.0,1
2026-03-09 10:43:09,"0157 - Okawville, IL",Diesel,Okawville,IL,126.0,0,0.0,3
2026-03-09 10:43:09,"0157 - Okawville, IL",Unlead,Okawville,IL,15.392100000000028,0,0.0,1
2026-03-09 10:43:09,"0181 - Springfield, IL",Diesel,Springfield,IL,117.98049999999967,0,0.0,3
2026-03-09 10:43:09,"0181 - Springfield, IL",Unlead,Springfield,IL,92.04999999999927,0,0.0,1
2026-03-09 10:43:09,"0185 - McLean, IL",Diesel,McLean,IL,0.0,0,0.0,4
2026-03-09 10:43:09,"0185 - McLean, IL",Unlead,McLean,IL,89.20499999999993,0,0.0,1
2026-03-09 10:43:09,"0186 - Minonk, IL",Diesel,Minonk,IL,236.16150000000016,0,0.0,3
2026-03-09 10:43:09,"0186 - Minonk, IL",Unlead,Minonk,IL,65.32520000000022,0,0.0,1
2026-03-09 10:43:09,"0187 - Chicago, IL",Diesel,Chicago,IL,0.0,0,0.0,3
2026-03-09 10:43:09,"0187 - Chicago, IL",Unlead,Chicago,IL,2.1679999999996653,0,0.0,1
2026-03-09 10:43:09,"0203 - Rockford, IL",Diesel,Rockford,IL,0.0,0,0.0,1
2026-03-09 10:43:09,"0203 - Rockford, IL",Unlead,Rockford,IL,60.48999999999978,0,0.0,1
2026-03-09 10:43:09,"0205 - South Beloit, IL",Diesel,South Beloit,IL,0.0,0,0.0,3
2026-03-09 10:43:09,"0205 - South Beloit, IL",Unlead,South Beloit,IL,50.0,0,0.0,1
2026-03-09 10:43:09,"0206 - Winnebago, IL",Diesel,Winnebago,IL,0.0,0,0.0,1
2026-03-09 10:43:09,"0206 - Winnebago, IL",Unlead,Winnebago,IL,131.0,0,0.0,1
2026-03-09 10:43:09,"0209 - Oakdale, WI",Diesel,Oakdale,WI,0.0,0,0.0,3
2026-03-09 10:43:09,"0209 - Oakdale, WI",Unlead,Oakdale,WI,117.0,0,0.0,1
2026-03-09 10:43:09,"0210 - Rochelle, IL",Diesel,Rochelle,IL,0.0,0,0.0,3
2026-03-09 10:43:09,"0210 - Rochelle, IL",Unlead,Rochelle,IL,84.0,0,0.0,1
2026-03-09 10:43:09,"0211 - Loves Park, IL",Diesel,Loves Park,IL,142.0,0,0.0,1
2026-03-09 10:43:09,"0211 - Loves Park, IL",Unlead,Loves Park,IL,92.0,0,0.0,1
2026-03-09 10:43:09,"0225 - Princeton, IL",Diesel,Princeton,IL,295.0,0,0.0,4
2026-03-09 10:43:09,"0225 - Princeton, IL",Unlead,Princeton,IL,23.0,0,0.0,2
2026-03-09 10:43:09,"0226 - Greenwood, IN",Diesel,Greenwood,IN,130.0,0,0.0,2
2026-03-09 10:43:09,"0226 - Greenwood, IN",Unlead,Greenwood,IN,4.0,0,0.0,2
2026-03-09 10:43:09,"0235 - Hampshire, IL",Diesel,Hampshire,IL,222.0,0,0.0,2
2026-03-09 10:43:09,"0235 - Hampshire, IL",Unlead,Hampshire,IL,0.0,0,0.0,2
2026-03-09 10:43:09,"0236 - East Troy, WI",Diesel,East Troy,WI,0.0,0,0.0,2
2026-03-09 10:43:09,"0236 - East Troy, WI",Unlead,East Troy,WI,6.0,0,0.0,1
2026-03-09 10:43:09,"0240 - Lake Station, IN",Diesel,Lake Station,IN,131.0,0,0.0,5
2026-03-09 10:43:09,"0240 - Lake Station, IN",Unlead,Lake Station,IN,2.0,0,0.0,2
2026-03-09 10:43:09,"0242 - St Robert, MO",Diesel,St Robert,MO,84.41199999999844,0,0.0,4
2026-03-09 10:43:09,"0263 - Ottawa, IL",Diesel,Ottawa,IL,0.0,0,0.0,3
2026-03-09 10:43:09,"0263 - Ottawa, IL",Unlead,Ottawa,IL,48.0,0,0.0,1
2026-03-09 10:43:09,"0265 - Dixon, IL",Diesel,Dixon,IL,55.809000000001106,0,0.0,3
2026-03-09 10:43:09,"0265 - Dixon, IL",Unlead,Dixon,IL,12.963999999999942,0,0.0,1
2026-03-09 10:43:09,"0266 - New Berlin, IL",Diesel,New Berlin,IL,0.0,0,0.0,3
2026-03-09 10:43:09,"0266 - New Berlin, IL",Unlead,New Berlin,IL,43.885299999999916,0,0.0,1
2026-03-09 10:43:09,"0267 - Pharr, TX",Diesel,Pharr,TX,891.0,0,0.0,4
2026-03-09 10:43:09,"0267 - Pharr, TX",Unlead,Pharr,TX,30.0,0,0.0,1
2026-03-09 10:43:09,"0268 - Grayville, IL",Diesel,Grayville,IL,83.0,0,0.0,3
2026-03-09 10:43:09,"0268 - Grayville, IL",Unlead,Grayville,IL,31.0,0,0.0,1
2026-03-09 10:43:09,"0269 - Marshall, IL",Diesel,Marshall,IL,0.0,0,0.0,3
2026-03-09 10:43:09,"0269 - Marshall, IL",Unlead,Marshall,IL,34.0,0,0.0,1
2026-03-09 10:43:09,"0270 - Moore, TX",Diesel,Moore,TX,153.0,0,0.0,3
2026-03-09 10:43:09,"0270 - Moore, TX",Unlead,Moore,TX,28.0,0,0.0,1
2026-03-09 10:43:09,"0271 - Odessa, TX",Diesel,Odessa,TX,83.72400000000016,0,0.0,3
2026-03-09 10:43:09,"0271 - Odessa, TX",Unlead,Odessa,TX,12.721999999999753,0,0.0,1
2026-03-09 10:43:09,"0272 - Encinal, TX",Diesel,Encinal,TX,19.157000000001062,1,3380.370999999999,3
2026-03-09 10:43:09,"0272 - Encinal, TX",Unlead,Encinal,TX,67.9330000000009,0,0.0,1
2026-03-09 10:43:09,"0273 - Combes, TX",Diesel,Combes,TX,30.830200000000332,0,0.0,3
2026-03-09 10:43:09,"0273 - Combes, TX",Unlead,Combes,TX,65.82799999999952,0,0.0,1
2026-03-09 10:43:09,"0275 - Sonora, TX",Diesel,Sonora,TX,19.985000000000582,0,0.0,3
2026-03-09 10:43:09,"0275 - Sonora, TX",Unlead,Sonora,TX,45.32839999999942,0,0.0,1
2026-03-09 10:43:09,"0276 - Waco, TX",Diesel,Waco,TX,179.79250000000138,0,0.0,3
2026-03-09 10:43:09,"0276 - Waco, TX",Unlead,Waco,TX,59.92399999999907,0,0.0,1
2026-03-09 10:43:09,"0277 - New Boston, TX",Diesel,New Boston,TX,70.90099999999984,0,0.0,3
2026-03-09 10:43:09,"0277 - New Boston, TX",Unlead,New Boston,TX,16.89639999999963,0,0.0,1
2026-03-09 10:43:09,"0278 - Brinkley, AR",Diesel,Brinkley,AR,80.82099999999991,0,0.0,3
2026-03-09 10:43:09,"0278 - Brinkley, AR",Unlead,Brinkley,AR,105.75670000000082,0,0.0,1
2026-03-09 10:43:09,"0279 - Marion, IL",Diesel,Marion,IL,0.0,0,0.0,3
2026-03-09 10:43:09,"0279 - Marion, IL",Unlead,Marion,IL,103.86959999999999,0,0.0,1
2026-03-09 10:43:09,"0280 - Monahans, TX",Diesel,Monahans,TX,143.5590000000011,0,0.0,3
2026-03-09 10:43:09,"0280 - Monahans, TX",Unlead,Monahans,TX,16.55999999999949,0,0.0,1
2026-03-09 10:43:09,"0281 - Cisco, TX",Diesel,Cisco,TX,0.0,0,0.0,3
2026-03-09 10:43:09,"0281 - Cisco, TX",Unlead,Cisco,TX,0.0,0,0.0,1
2026-03-09 10:43:09,"0282 - Gainesville, TX",Diesel,Gainesville,TX,58.309000000001106,1,680.8469999999998,3
2026-03-09 10:43:09,"0282 - Gainesville, TX",Unlead,Gainesville,TX,29.86699999999837,0,0.0,1
2026-03-09 10:43:09,"0283 - Sealy, TX",Diesel,Sealy,TX,571.6710000000003,0,0.0,3
2026-03-09 10:43:09,"0283 - Sealy, TX",Unlead,Sealy,TX,25.97700000000077,0,0.0,1
2026-03-09 10:43:09,"0284 - New Deal, TX",Diesel,New Deal,TX,55.779599999999846,0,0.0,3
2026-03-09 10:43:09,"0284 - New Deal, TX",Unlead,New Deal,TX,31.009000000000015,0,0.0,1
2026-03-09 10:43:09,"0285 - Seguin, TX",Diesel,Seguin,TX,300.97549999999865,0,0.0,3
2026-03-09 10:43:09,"0285 - Seguin, TX",Unlead,Seguin,TX,20.17699999999968,0,0.0,1
2026-03-09 10:43:09,"0286 - Amarillo, TX",Diesel,Amarillo,TX,126.5015000000003,0,0.0,3
2026-03-09 10:43:09,"0286 - Amarillo, TX",Unlead,Amarillo,TX,23.11700000000019,0,0.0,1
2026-03-09 10:43:09,"0287 - Burbonnais, IL",Diesel,Burbonnais,IL,83.82500000000073,0,0.0,3
2026-03-09 10:43:09,"0287 - Burbonnais, IL",Unlead,Burbonnais,IL,77.34000000000015,0,0.0,1
2026-03-09 10:43:09,"0289 - Teague, TX",Diesel,Teague,TX,17.994000000000597,0,0.0,3
2026-03-09 10:43:09,"0289 - Teague, TX",Unlead,Teague,TX,69.6850999999997,0,0.0,1
2026-03-09 10:43:09,"0290 - Joplin, MO",Diesel,Joplin,MO,7.109000000000378,0,0.0,3
2026-03-09 10:43:09,"0290 - Joplin, MO",Unlead,Joplin,MO,9.872000000001208,0,0.0,1
2026-03-09 10:43:09,"0312 - Vidor, TX",Diesel,Vidor,TX,0.0,0,0.0,3
2026-03-09 10:43:09,"0312 - Vidor, TX",Unlead,Vidor,TX,51.76800000000003,0,0.0,1
2026-03-09 10:43:09,"0315 - Laredo, TX",Diesel,Laredo,TX,30.549000000000888,0,0.0,3
2026-03-09 10:43:09,"0315 - Laredo, TX",Unlead,Laredo,TX,0.0,0,0.0,1
2026-03-09 10:43:09,"0319 - Milford, TX",Diesel,Milford,TX,152.26300000000083,0,0.0,3
2026-03-09 10:43:09,"0319 - Milford, TX",Unlead,Milford,TX,54.16739999999936,0,0.0,1
2026-03-09 10:43:09,"0323 - Canton, TX",Diesel,Canton,TX,17.70799999999872,0,0.0,3
2026-03-09 10:43:09,"0323 - Canton, TX",Unlead,Canton,TX,22.704000000001543,0,0.0,1
2026-03-09 10:58:13,"0118 - Springfield, IL",Diesel,Springfield,IL,0.0,0,0.0,3
2026-03-09 10:58:13,"0118 - Springfield, IL",Unlead,Springfield,IL,0.0,0,0.0,1
2026-03-09 10:58:13,"0132 - Champaign, IL",Diesel,Champaign,IL,96.96590000000106,0,0.0,3
2026-03-09 10:58:13,"0132 - Champaign, IL",Unlead,Champaign,IL,59.50500000000102,0,0.0,1
2026-03-09 10:58:13,"0136 - Cottage Grove, WI",Diesel,Cottage Grove,WI,168.45600000000013,0,0.0,2
2026-03-09 10:58:13,"0136 - Cottage Grove, WI",Unlead,Cottage Grove,WI,0.0,0,0.0,1
2026-03-09 10:58:13,"0139 - Tuscola, IL",Diesel,Tuscola,IL,211.0,0,0.0,1
2026-03-09 10:58:13,"0139 - Tuscola, IL",Unlead,Tuscola,IL,101.0,0,0.0,2
2026-03-09 10:58:13,"0140 - Mendota, IL",Diesel,Mendota,IL,0.0,0,0.0,2
2026-03-09 10:58:13,"0140 - Mendota, IL",Unlead,Mendota,IL,7.0,0,0.0,2
2026-03-09 10:58:13,"0141 - Brazil, IN",Diesel,Brazil,IN,7.194399999999405,0,0.0,4
2026-03-09 10:58:13,"0141 - Brazil, IN",Unlead,Brazil,IN,39.0,0,0.0,1
2026-03-09 10:58:13,"0144 - Elk Run Height, IA",Diesel,Elk Run Height,IA,149.0,0,0.0,4
2026-03-09 10:58:13,"0144 - Elk Run Height, IA",Unlead,Elk Run Height,IA,41.24669999999969,0,0.0,2
2026-03-09 10:58:13,"0145 - Fenton, MO",Diesel,Fenton,MO,293.0,0,0.0,2
2026-03-09 10:58:13,"0145 - Fenton, MO",Unlead,Fenton,MO,38.0,0,0.0,1
2026-03-09 10:58:13,"0157 - Okawville, IL",Diesel,Okawville,IL,75.0,0,0.0,3
2026-03-09 10:58:13,"0157 - Okawville, IL",Unlead,Okawville,IL,13.56880000000001,0,0.0,1
2026-03-09 10:58:13,"0181 - Springfield, IL",Diesel,Springfield,IL,132.41960000000017,0,0.0,3
2026-03-09 10:58:13,"0181 - Springfield, IL",Unlead,Springfield,IL,50.92900000000009,0,0.0,1
2026-03-09 10:58:13,"0185 - McLean, IL",Diesel,McLean,IL,109.19650000000183,0,0.0,4
2026-03-09 10:58:13,"0185 - McLean, IL",Unlead,McLean,IL,44.8725000000004,0,0.0,1
2026-03-09 10:58:13,"0186 - Minonk, IL",Diesel,Minonk,IL,0.0,0,0.0,3
2026-03-09 10:58:13,"0186 - Minonk, IL",Unlead,Minonk,IL,44.42939999999999,0,0.0,1
2026-03-09 10:58:13,"0187 - Chicago, IL",Diesel,Chicago,IL,6.0,0,0.0,3
2026-03-09 10:58:13,"0187 - Chicago, IL",Unlead,Chicago,IL,45.277500000000146,0,0.0,1
2026-03-09 10:58:13,"0203 - Rockford, IL",Diesel,Rockford,IL,0.0,0,0.0,1
2026-03-09 10:58:13,"0203 - Rockford, IL",Unlead,Rockford,IL,16.8799999999992,0,0.0,1
2026-03-09 10:58:13,"0205 - South Beloit, IL",Diesel,South Beloit,IL,0.0,0,0.0,3
2026-03-09 10:58:13,"0205 - South Beloit, IL",Unlead,South Beloit,IL,40.0,0,0.0,1
2026-03-09 10:58:13,"0206 - Winnebago, IL",Diesel,Winnebago,IL,85.0,0,0.0,1
2026-03-09 10:58:13,"0206 - Winnebago, IL",Unlead,Winnebago,IL,93.0,0,0.0,1
2026-03-09 10:58:13,"0209 - Oakdale, WI",Diesel,Oakdale,WI,0.0,0,0.0,3
2026-03-09 10:58:13,"0209 - Oakdale, WI",Unlead,Oakdale,WI,61.0,0,0.0,1
2026-03-09 10:58:13,"0210 - Rochelle, IL",Diesel,Rochelle,IL,0.0,0,0.0,3
2026-03-09 10:58:13,"0210 - Rochelle, IL",Unlead,Rochelle,IL,8.0,0,0.0,1
2026-03-09 10:58:13,"0211 - Loves Park, IL",Diesel,Loves Park,IL,0.0,0,0.0,1
2026-03-09 10:58:13,"0211 - Loves Park, IL",Unlead,Loves Park,IL,38.0,0,0.0,1
2026-03-09 10:58:13,"0225 - Princeton, IL",Diesel,Princeton,IL,61.0,0,0.0,4
2026-03-09 10:58:13,"0225 - Princeton, IL",Unlead,Princeton,IL,43.0,0,0.0,2
2026-03-09 10:58:13,"0226 - Greenwood, IN",Diesel,Greenwood,IN,0.0,0,0.0,2
2026-03-09 10:58:13,"0226 - Greenwood, IN",Unlead,Greenwood,IN,0.0,0,0.0,2
2026-03-09 10:58:13,"0235 - Hampshire, IL",Diesel,Hampshire,IL,0.0,0,0.0,2
2026-03-09 10:58:13,"0235 - Hampshire, IL",Unlead,Hampshire,IL,15.0,0,0.0,2
2026-03-09 10:58:13,"0236 - East Troy, WI",Diesel,East Troy,WI,87.0,0,0.0,2
2026-03-09 10:58:13,"0236 - East Troy, WI",Unlead,East Troy,WI,5.0,0,0.0,1
2026-03-09 10:58:13,"0240 - Lake Station, IN",Diesel,Lake Station,IN,225.0,0,0.0,5
2026-03-09 10:58:13,"0240 - Lake Station, IN",Unlead,Lake Station,IN,13.0,0,0.0,2
2026-03-09 10:58:13,"0242 - St Robert, MO",Diesel,St Robert,MO,76.29700000000048,0,0.0,4
2026-03-09 10:58:13,"0263 - Ottawa, IL",Diesel,Ottawa,IL,0.0,0,0.0,3
2026-03-09 10:58:13,"0263 - Ottawa, IL",Unlead,Ottawa,IL,137.0,0,0.0,1
2026-03-09 10:58:13,"0265 - Dixon, IL",Diesel,Dixon,IL,145.91300000000047,0,0.0,3
2026-03-09 10:58:13,"0265 - Dixon, IL",Unlead,Dixon,IL,15.623999999999796,0,0.0,1
2026-03-09 10:58:13,"0266 - New Berlin, IL",Diesel,New Berlin,IL,0.0,0,0.0,3
2026-03-09 10:58:13,"0266 - New Berlin, IL",Unlead,New Berlin,IL,10.444300000000112,0,0.0,1
2026-03-09 10:58:13,"0267 - Pharr, TX",Diesel,Pharr,TX,527.0,0,0.0,4
2026-03-09 10:58:13,"0267 - Pharr, TX",Unlead,Pharr,TX,10.0,0,0.0,1
2026-03-09 10:58:13,"0268 - Grayville, IL",Diesel,Grayville,IL,215.0,0,0.0,3
2026-03-09 10:58:13,"0268 - Grayville, IL",Unlead,Grayville,IL,61.0,0,0.0,1
2026-03-09 10:58:13,"0269 - Marshall, IL",Diesel,Marshall,IL,103.0,0,0.0,3
2026-03-09 10:58:13,"0269 - Marshall, IL",Unlead,Marshall,IL,46.0,0,0.0,1
2026-03-09 10:58:13,"0270 - Moore, TX",Diesel,Moore,TX,82.0,0,0.0,3
2026-03-09 10:58:13,"0270 - Moore, TX",Unlead,Moore,TX,54.0,0,0.0,1
2026-03-09 10:58:13,"0271 - Odessa, TX",Diesel,Odessa,TX,21.748999999999796,0,0.0,3
2026-03-09 10:58:13,"0271 - Odessa, TX",Unlead,Odessa,TX,16.576000000000022,0,0.0,1
2026-03-09 10:58:13,"0272 - Encinal, TX",Diesel,Encinal,TX,291.84899999999834,0,0.0,3
2026-03-09 10:58:13,"0272 - Encinal, TX",Unlead,Encinal,TX,113.64999999999964,0,0.0,1
2026-03-09 10:58:13,"0273 - Combes, TX",Diesel,Combes,TX,0.0,0,0.0,3
2026-03-09 10:58:13,"0273 - Combes, TX",Unlead,Combes,TX,111.85599999999977,0,0.0,1
2026-03-09 10:58:13,"0275 - Sonora, TX",Diesel,Sonora,TX,14.808000000000902,0,0.0,3
2026-03-09 10:58:13,"0275 - Sonora, TX",Unlead,Sonora,TX,105.6206000000002,0,0.0,1
2026-03-09 10:58:13,"0276 - Waco, TX",Diesel,Waco,TX,211.95799999999872,0,0.0,3
2026-03-09 10:58:13,"0276 - Waco, TX",Unlead,Waco,TX,56.61000000000058,0,0.0,1
2026-03-09 10:58:13,"0277 - New Boston, TX",Diesel,New Boston,TX,230.63100000000122,0,0.0,3
2026-03-09 10:58:13,"0277 - New Boston, TX",Unlead,New Boston,TX,65.61630000000059,0,0.0,1
2026-03-09 10:58:13,"0278 - Brinkley, AR",Diesel,Brinkley,AR,153.78299999999945,0,0.0,3
2026-03-09 10:58:13,"0278 - Brinkley, AR",Unlead,Brinkley,AR,34.48449999999957,0,0.0,1
2026-03-09 10:58:13,"0279 - Marion, IL",Diesel,Marion,IL,107.11700000000019,0,0.0,3
2026-03-09 10:58:13,"0279 - Marion, IL",Unlead,Marion,IL,140.2564000000002,0,0.0,1
2026-03-09 10:58:13,"0280 - Monahans, TX",Diesel,Monahans,TX,20.286000000000058,0,0.0,3
2026-03-09 10:58:13,"0280 - Monahans, TX",Unlead,Monahans,TX,14.309000000001106,0,0.0,1
2026-03-09 10:58:13,"0281 - Cisco, TX",Diesel,Cisco,TX,0.0,0,0.0,3
2026-03-09 10:58:13,"0281 - Cisco, TX",Unlead,Cisco,TX,0.0,0,0.0,1
2026-03-09 10:58:13,"0282 - Gainesville, TX",Diesel,Gainesville,TX,0.0,1,4908.9601999999995,3
2026-03-09 10:58:13,"0282 - Gainesville, TX",Unlead,Gainesville,TX,37.84300000000076,0,0.0,1
2026-03-09 10:58:13,"0283 - Sealy, TX",Diesel,Sealy,TX,420.92699999999786,0,0.0,3
2026-03-09 10:58:13,"0283 - Sealy, TX",Unlead,Sealy,TX,36.04600000000028,0,0.0,1
2026-03-09 10:58:13,"0284 - New Deal, TX",Diesel,New Deal,TX,0.0,0,0.0,3
2026-03-09 10:58:13,"0284 - New Deal, TX",Unlead,New Deal,TX,27.67199999999866,0,0.0,1
2026-03-09 10:58:13,"0285 - Seguin, TX",Diesel,Seguin,TX,86.64950000000135,0,0.0,3
2026-03-09 10:58:13,"0285 - Seguin, TX",Unlead,Seguin,TX,32.06600000000071,0,0.0,1
2026-03-09 10:58:13,"0286 - Amarillo, TX",Diesel,Amarillo,TX,90.63299999999981,0,0.0,3
2026-03-09 10:58:13,"0286 - Amarillo, TX",Unlead,Amarillo,TX,0.0,0,0.0,1
2026-03-09 10:58:13,"0287 - Burbonnais, IL",Diesel,Burbonnais,IL,200.35000000000036,0,0.0,3
2026-03-09 10:58:13,"0287 - Burbonnais, IL",Unlead,Burbonnais,IL,59.76800000000003,0,0.0,1
2026-03-09 10:58:13,"0289 - Teague, TX",Diesel,Teague,TX,100.33099999999831,0,0.0,3
2026-03-09 10:58:13,"0289 - Teague, TX",Unlead,Teague,TX,20.812300000000505,0,0.0,1
2026-03-09 10:58:13,"0290 - Joplin, MO",Diesel,Joplin,MO,176.2609999999986,0,0.0,3
2026-03-09 10:58:13,"0290 - Joplin, MO",Unlead,Joplin,MO,33.88799999999901,0,0.0,1
2026-03-09 10:58:13,"0312 - Vidor, TX",Diesel,Vidor,TX,0.0,0,0.0,3
2026-03-09 10:58:13,"0312 - Vidor, TX",Unlead,Vidor,TX,8.350000000000364,0,0.0,1
2026-03-09 10:58:13,"0315 - Laredo, TX",Diesel,Laredo,TX,14.822000000000116,0,0.0,3
2026-03-09 10:58:13,"0315 - Laredo, TX",Unlead,Laredo,TX,20.751000000000204,0,0.0,1
2026-03-09 10:58:13,"0319 - Milford, TX",Diesel,Milford,TX,77.99399999999696,0,0.0,3
2026-03-09 10:58:13,"0319 - Milford, TX",Unlead,Milford,TX,31.22360000000026,0,0.0,1
2026-03-09 10:58:13,"0323 - Canton, TX",Diesel,Canton,TX,0.0,0,0.0,3
2026-03-09 10:58:13,"0323 - Canton, TX",Unlead,Canton,TX,37.18199999999888,0,0.0,1
2026-03-09 11:13:16,"0118 - Springfield, IL",Diesel,Springfield,IL,33.0,0,0.0,3
2026-03-09 11:13:16,"0118 - Springfield, IL",Unlead,Springfield,IL,6.0,0,0.0,1
2026-03-09 11:13:16,"0132 - Champaign, IL",Diesel,Champaign,IL,0.0,0,0.0,3
2026-03-09 11:13:16,"0132 - Champaign, IL",Unlead,Champaign,IL,71.26699999999983,0,0.0,1
2026-03-09 11:13:16,"0136 - Cottage Grove, WI",Diesel,Cottage Grove,WI,79.65400000000045,0,0.0,2
2026-03-09 11:13:16,"0136 - Cottage Grove, WI",Unlead,Cottage Grove,WI,0.0,0,0.0,1
2026-03-09 11:13:16,"0139 - Tuscola, IL",Diesel,Tuscola,IL,134.0,0,0.0,1
2026-03-09 11:13:16,"0139 - Tuscola, IL",Unlead,Tuscola,IL,36.0,0,0.0,2
2026-03-09 11:13:16,"0140 - Mendota, IL",Diesel,Mendota,IL,0.0,0,0.0,2
2026-03-09 11:13:16,"0140 - Mendota, IL",Unlead,Mendota,IL,0.0,0,0.0,2
2026-03-09 11:13:16,"0141 - Brazil, IN",Diesel,Brazil,IN,0.0,0,0.0,4
2026-03-09 11:13:16,"0141 - Brazil, IN",Unlead,Brazil,IN,0.0,0,0.0,1
2026-03-09 11:13:16,"0144 - Elk Run Height, IA",Diesel,Elk Run Height,IA,5.0,0,0.0,4
2026-03-09 11:13:16,"0144 - Elk Run Height, IA",Unlead,Elk Run Height,IA,0.0,0,0.0,2
2026-03-09 11:13:16,"0145 - Fenton, MO",Diesel,Fenton,MO,48.0,0,0.0,2
2026-03-09 11:13:16,"0145 - Fenton, MO",Unlead,Fenton,MO,6.0,0,0.0,1
2026-03-09 11:13:16,"0157 - Okawville, IL",Diesel,Okawville,IL,0.0,0,0.0,3
2026-03-09 11:13:16,"0157 - Okawville, IL",Unlead,Okawville,IL,14.316499999999905,0,0.0,1
2026-03-09 11:13:16,"0181 - Springfield, IL",Diesel,Springfield,IL,192.42039999999906,0,0.0,3
2026-03-09 11:13:16,"0181 - Springfield, IL",Unlead,Springfield,IL,49.43399999999929,0,0.0,1
2026-03-09 11:13:16,"0185 - McLean, IL",Diesel,McLean,IL,158.3329999999969,0,0.0,4
2026-03-09 11:13:16,"0185 - McLean, IL",Unlead,McLean,IL,95.80670000000009,0,0.0,1
2026-03-09 11:13:16,"0186 - Minonk, IL",Diesel,Minonk,IL,0.0,0,0.0,3
2026-03-09 11:13:16,"0186 - Minonk, IL",Unlead,Minonk,IL,59.73399999999947,0,0.0,1
2026-03-09 11:13:16,"0187 - Chicago, IL",Diesel,Chicago,IL,53.0,0,0.0,3
2026-03-09 11:13:16,"0187 - Chicago, IL",Unlead,Chicago,IL,10.519499999999425,0,0.0,1
2026-03-09 11:13:16,"0203 - Rockford, IL",Diesel,Rockford,IL,0.0,0,0.0,1
2026-03-09 11:13:16,"0203 - Rockford, IL",Unlead,Rockford,IL,21.592000000000553,0,0.0,1
2026-03-09 11:13:16,"0205 - South Beloit, IL",Diesel,South Beloit,IL,0.0,0,0.0,3
2026-03-09 11:13:16,"0205 - South Beloit, IL",Unlead,South Beloit,IL,45.0,0,0.0,1
2026-03-09 11:13:16,"0206 - Winnebago, IL",Diesel,Winnebago,IL,120.0,0,0.0,1
2026-03-09 11:13:16,"0206 - Winnebago, IL",Unlead,Winnebago,IL,177.0,0,0.0,1
2026-03-09 11:13:16,"0209 - Oakdale, WI",Diesel,Oakdale,WI,0.0,0,0.0,3
2026-03-09 11:13:16,"0209 - Oakdale, WI",Unlead,Oakdale,WI,76.0,0,0.0,1
2026-03-09 11:13:16,"0210 - Rochelle, IL",Diesel,Rochelle,IL,0.0,0,0.0,3
2026-03-09 11:13:16,"0210 - Rochelle, IL",Unlead,Rochelle,IL,37.0,0,0.0,1
2026-03-09 11:13:16,"0211 - Loves Park, IL",Diesel,Loves Park,IL,143.0,0,0.0,1
2026-03-09 11:13:16,"0211 - Loves Park, IL",Unlead,Loves Park,IL,6.0,0,0.0,1
2026-03-09 11:13:16,"0225 - Princeton, IL",Diesel,Princeton,IL,140.0,0,0.0,4
2026-03-09 11:13:16,"0225 - Princeton, IL",Unlead,Princeton,IL,7.0,0,0.0,2
2026-03-09 11:13:16,"0226 - Greenwood, IN",Diesel,Greenwood,IN,0.0,0,0.0,2
2026-03-09 11:13:16,"0226 - Greenwood, IN",Unlead,Greenwood,IN,30.0,0,0.0,2
2026-03-09 11:13:16,"0235 - Hampshire, IL",Diesel,Hampshire,IL,0.0,0,0.0,2
2026-03-09 11:13:16,"0235 - Hampshire, IL",Unlead,Hampshire,IL,67.0,0,0.0,2
2026-03-09 11:13:16,"0236 - East Troy, WI",Diesel,East Troy,WI,0.0,0,0.0,2
2026-03-09 11:13:16,"0236 - East Troy, WI",Unlead,East Troy,WI,0.0,0,0.0,1
2026-03-09 11:13:16,"0240 - Lake Station, IN",Diesel,Lake Station,IN,23.0,0,0.0,5
2026-03-09 11:13:16,"0240 - Lake Station, IN",Unlead,Lake Station,IN,14.0,0,0.0,2
2026-03-09 11:13:16,"0242 - St Robert, MO",Diesel,St Robert,MO,70.99199999999928,0,0.0,4
2026-03-09 11:13:16,"0263 - Ottawa, IL",Diesel,Ottawa,IL,0.0,0,0.0,3
2026-03-09 11:13:16,"0263 - Ottawa, IL",Unlead,Ottawa,IL,57.0,0,0.0,1
2026-03-09 11:13:16,"0265 - Dixon, IL",Diesel,Dixon,IL,0.0,0,0.0,3
2026-03-09 11:13:16,"0265 - Dixon, IL",Unlead,Dixon,IL,0.0,0,0.0,1
2026-03-09 11:13:16,"0266 - New Berlin, IL",Diesel,New Berlin,IL,0.0,0,0.0,3
2026-03-09 11:13:16,"0266 - New Berlin, IL",Unlead,New Berlin,IL,55.82340000000022,0,0.0,1
2026-03-09 11:13:16,"0267 - Pharr, TX",Diesel,Pharr,TX,1230.0,0,0.0,4
2026-03-09 11:13:16,"0267 - Pharr, TX",Unlead,Pharr,TX,0.0,0,0.0,1
2026-03-09 11:13:16,"0268 - Grayville, IL",Diesel,Grayville,IL,60.0,0,0.0,3
2026-03-09 11:13:16,"0268 - Grayville, IL",Unlead,Grayville,IL,23.0,0,0.0,1
2026-03-09 11:13:16,"0269 - Marshall, IL",Diesel,Marshall,IL,0.0,0,0.0,3
2026-03-09 11:13:16,"0269 - Marshall, IL",Unlead,Marshall,IL,36.0,0,0.0,1
2026-03-09 11:13:16,"0270 - Moore, TX",Diesel,Moore,TX,171.0,0,0.0,3
2026-03-09 11:13:16,"0270 - Moore, TX",Unlead,Moore,TX,110.0,0,0.0,1
2026-03-09 11:13:16,"0271 - Odessa, TX",Diesel,Odessa,TX,223.6720000000023,0,0.0,3
2026-03-09 11:13:16,"0271 - Odessa, TX",Unlead,Odessa,TX,20.215000000000146,0,0.0,1
2026-03-09 11:13:16,"0272 - Encinal, TX",Diesel,Encinal,TX,0.0,2,7682.529999999999,3
2026-03-09 11:13:16,"0272 - Encinal, TX",Unlead,Encinal,TX,20.120999999999185,0,0.0,1
2026-03-09 11:13:16,"0273 - Combes, TX",Diesel,Combes,TX,45.651700000000346,0,0.0,3
2026-03-09 11:13:16,"0273 - Combes, TX",Unlead,Combes,TX,136.5560000000005,0,0.0,1
2026-03-09 11:13:16,"0275 - Sonora, TX",Diesel,Sonora,TX,0.0,0,0.0,3
2026-03-09 11:13:16,"0275 - Sonora, TX",Unlead,Sonora,TX,47.11670000000049,0,0.0,1
2026-03-09 11:13:16,"0276 - Waco, TX",Diesel,Waco,TX,151.28100000000086,0,0.0,3
2026-03-09 11:13:16,"0276 - Waco, TX",Unlead,Waco,TX,12.487999999999374,0,0.0,1
2026-03-09 11:13:16,"0277 - New Boston, TX",Diesel,New Boston,TX,0.0,0,0.0,3
2026-03-09 11:13:16,"0277 - New Boston, TX",Unlead,New Boston,TX,32.77440000000024,0,0.0,1
2026-03-09 11:13:16,"0278 - Brinkley, AR",Diesel,Brinkley,AR,344.77000000000044,0,0.0,3
2026-03-09 11:13:16,"0278 - Brinkley, AR",Unlead,Brinkley,AR,53.56450000000041,0,0.0,1
2026-03-09 11:13:16,"0279 - Marion, IL",Diesel,Marion,IL,0.0,0,0.0,3
2026-03-09 11:13:16,"0279 - Marion, IL",Unlead,Marion,IL,112.95129999999972,0,0.0,1
2026-03-09 11:13:16,"0280 - Monahans, TX",Diesel,Monahans,TX,135.65599999999904,0,0.0,3
2026-03-09 11:13:16,"0280 - Monahans, TX",Unlead,Monahans,TX,28.95600000000013,0,0.0,1
2026-03-09 11:13:16,"0281 - Cisco, TX",Diesel,Cisco,TX,0.0,0,0.0,3
2026-03-09 11:13:16,"0281 - Cisco, TX",Unlead,Cisco,TX,0.0,0,0.0,1
2026-03-09 11:13:16,"0282 - Gainesville, TX",Diesel,Gainesville,TX,0.0,1,1586.960500000001,3
2026-03-09 11:13:16,"0282 - Gainesville, TX",Unlead,Gainesville,TX,55.07099999999991,0,0.0,1
2026-03-09 11:13:16,"0283 - Sealy, TX",Diesel,Sealy,TX,351.4549999999999,0,0.0,3
2026-03-09 11:13:16,"0283 - Sealy, TX",Unlead,Sealy,TX,38.15099999999984,0,0.0,1
2026-03-09 11:13:16,"0284 - New Deal, TX",Diesel,New Deal,TX,72.24839999999949,0,0.0,3
2026-03-09 11:13:16,"0284 - New Deal, TX",Unlead,New Deal,TX,47.72900000000118,0,0.0,1
2026-03-09 11:13:16,"0285 - Seguin, TX",Diesel,Seguin,TX,226.85699999999997,0,0.0,3
2026-03-09 11:13:16,"0285 - Seguin, TX",Unlead,Seguin,TX,51.67000000000007,0,0.0,1
2026-03-09 11:13:16,"0286 - Amarillo, TX",Diesel,Amarillo,TX,110.45199999999932,0,0.0,3
2026-03-09 11:13:16,"0286 - Amarillo, TX",Unlead,Amarillo,TX,0.0,0,0.0,1
2026-03-09 11:13:16,"0287 - Burbonnais, IL",Diesel,Burbonnais,IL,27.02100000000064,0,0.0,3
2026-03-09 11:13:16,"0287 - Burbonnais, IL",Unlead,Burbonnais,IL,71.24200000000019,0,0.0,1
2026-03-09 11:13:16,"0289 - Teague, TX",Diesel,Teague,TX,59.030000000000655,0,0.0,3
2026-03-09 11:13:16,"0289 - Teague, TX",Unlead,Teague,TX,42.34699999999975,0,0.0,1
2026-03-09 11:13:16,"0290 - Joplin, MO",Diesel,Joplin,MO,32.05999999999949,0,0.0,3
2026-03-09 11:13:16,"0290 - Joplin, MO",Unlead,Joplin,MO,27.61499999999978,0,0.0,1
2026-03-09 11:13:16,"0312 - Vidor, TX",Diesel,Vidor,TX,49.09400000000096,0,0.0,3
2026-03-09 11:13:16,"0312 - Vidor, TX",Unlead,Vidor,TX,34.6869999999999,0,0.0,1
2026-03-09 11:13:16,"0315 - Laredo, TX",Diesel,Laredo,TX,0.0,0,0.0,3
2026-03-09 11:13:16,"0315 - Laredo, TX",Unlead,Laredo,TX,43.59099999999853,0,0.0,1
2026-03-09 11:13:16,"0319 - Milford, TX",Diesel,Milford,TX,19.60900000000038,0,0.0,3
2026-03-09 11:13:16,"0319 - Milford, TX",Unlead,Milford,TX,60.706600000000435,0,0.0,1
2026-03-09 11:13:16,"0323 - Canton, TX",Diesel,Canton,TX,0.0,0,0.0,3
2026-03-09 11:13:16,"0323 - Canton, TX",Unlead,Canton,TX,55.64500000000044,0,0.0,1
2026-03-09 11:28:19,"0118 - Springfield, IL",Diesel,Springfield,IL,70.0,0,0.0,3
2026-03-09 11:28:19,"0118 - Springfield, IL",Unlead,Springfield,IL,10.0,0,0.0,1
2026-03-09 11:28:19,"0132 - Champaign, IL",Diesel,Champaign,IL,0.0,0,0.0,3
2026-03-09 11:28:19,"0132 - Champaign, IL",Unlead,Champaign,IL,85.33100000000013,0,0.0,1
2026-03-09 11:28:19,"0136 - Cottage Grove, WI",Diesel,Cottage Grove,WI,62.08399999999983,0,0.0,2
2026-03-09 11:28:19,"0136 - Cottage Grove, WI",Unlead,Cottage Grove,WI,24.091999999998734,0,0.0,1
2026-03-09 11:28:19,"0139 - Tuscola, IL",Diesel,Tuscola,IL,64.0,0,0.0,1
2026-03-09 11:28:19,"0139 - Tuscola, IL",Unlead,Tuscola,IL,11.0,0,0.0,2
2026-03-09 11:28:19,"0140 - Mendota, IL",Diesel,Mendota,IL,115.0,0,0.0,2
2026-03-09 11:28:19,"0140 - Mendota, IL",Unlead,Mendota,IL,60.0,0,0.0,2
2026-03-09 11:28:19,"0141 - Brazil, IN",Diesel,Brazil,IN,10.036700000000565,0,0.0,4
2026-03-09 11:28:19,"0141 - Brazil, IN",Unlead,Brazil,IN,0.0,0,0.0,1
2026-03-09 11:28:19,"0144 - Elk Run Height, IA",Diesel,Elk Run Height,IA,0.0,0,0.0,4
2026-03-09 11:28:19,"0144 - Elk Run Height, IA",Unlead,Elk Run Height,IA,22.657099999999446,0,0.0,2
2026-03-09 11:28:19,"0145 - Fenton, MO",Diesel,Fenton,MO,20.0,0,0.0,2
2026-03-09 11:28:19,"0145 - Fenton, MO",Unlead,Fenton,MO,23.0,0,0.0,1
2026-03-09 11:28:19,"0157 - Okawville, IL",Diesel,Okawville,IL,0.0,0,0.0,3
2026-03-09 11:28:19,"0157 - Okawville, IL",Unlead,Okawville,IL,0.0,0,0.0,1
2026-03-09 11:28:19,"0181 - Springfield, IL",Diesel,Springfield,IL,94.94540000000143,0,0.0,3
2026-03-09 11:28:19,"0181 - Springfield, IL",Unlead,Springfield,IL,30.748999999999796,0,0.0,1
2026-03-09 11:28:19,"0185 - McLean, IL",Diesel,McLean,IL,152.52299999999923,0,0.0,4
2026-03-09 11:28:19,"0185 - McLean, IL",Unlead,McLean,IL,47.26429999999982,0,0.0,1
2026-03-09 11:28:19,"0186 - Minonk, IL",Diesel,Minonk,IL,0.0,0,0.0,3
2026-03-09 11:28:19,"0186 - Minonk, IL",Unlead,Minonk,IL,30.071500000000015,0,0.0,1
2026-03-09 11:28:19,"0187 - Chicago, IL",Diesel,Chicago,IL,0.0,0,0.0,3
2026-03-09 11:28:19,"0187 - Chicago, IL",Unlead,Chicago,IL,6.177300000000287,0,0.0,1
2026-03-09 11:28:19,"0203 - Rockford, IL",Diesel,Rockford,IL,0.0,0,0.0,1
2026-03-09 11:28:19,"0203 - Rockford, IL",Unlead,Rockford,IL,89.90899999999965,0,0.0,1
2026-03-09 11:28:19,"0205 - South Beloit, IL",Diesel,South Beloit,IL,0.0,0,0.0,3
2026-03-09 11:28:19,"0205 - South Beloit, IL",Unlead,South Beloit,IL,7.0,0,0.0,1
2026-03-09 11:28:19,"0206 - Winnebago, IL",Diesel,Winnebago,IL,7.0,0,0.0,1
2026-03-09 11:28:19,"0206 - Winnebago, IL",Unlead,Winnebago,IL,99.0,0,0.0,1
2026-03-09 11:28:19,"0209 - Oakdale, WI",Diesel,Oakdale,WI,0.0,0,0.0,3
2026-03-09 11:28:19,"0209 - Oakdale, WI",Unlead,Oakdale,WI,43.0,0,0.0,1
2026-03-09 11:28:19,"0210 - Rochelle, IL",Diesel,Rochelle,IL,0.0,0,0.0,3
2026-03-09 11:28:19,"0210 - Rochelle, IL",Unlead,Rochelle,IL,16.0,0,0.0,1
2026-03-09 11:28:19,"0211 - Loves Park, IL",Diesel,Loves Park,IL,61.0,0,0.0,1
2026-03-09 11:28:19,"0211 - Loves Park, IL",Unlead,Loves Park,IL,40.0,0,0.0,1
2026-03-09 11:28:19,"0225 - Princeton, IL",Diesel,Princeton,IL,39.0,0,0.0,4
2026-03-09 11:28:19,"0225 - Princeton, IL",Unlead,Princeton,IL,18.0,0,0.0,2
2026-03-09 11:28:19,"0226 - Greenwood, IN",Diesel,Greenwood,IN,154.0,0,0.0,2
2026-03-09 11:28:19,"0226 - Greenwood, IN",Unlead,Greenwood,IN,29.0,0,0.0,2
2026-03-09 11:28:19,"0235 - Hampshire, IL",Diesel,Hampshire,IL,62.0,0,0.0,2
2026-03-09 11:28:19,"0235 - Hampshire, IL",Unlead,Hampshire,IL,27.0,0,0.0,2
2026-03-09 11:28:19,"0236 - East Troy, WI",Diesel,East Troy,WI,0.0,0,0.0,2
2026-03-09 11:28:19,"0236 - East Troy, WI",Unlead,East Troy,WI,16.0,0,0.0,1
2026-03-09 11:28:19,"0240 - Lake Station, IN",Diesel,Lake Station,IN,393.0,0,0.0,5
2026-03-09 11:28:19,"0240 - Lake Station, IN",Unlead,Lake Station,IN,34.0,0,0.0,2
2026-03-09 11:28:19,"0242 - St Robert, MO",Diesel,St Robert,MO,186.4400000000005,0,0.0,4
2026-03-09 11:28:19,"0263 - Ottawa, IL",Diesel,Ottawa,IL,0.0,0,0.0,3
2026-03-09 11:28:19,"0263 - Ottawa, IL",Unlead,Ottawa,IL,61.0,0,0.0,1
2026-03-09 11:28:19,"0265 - Dixon, IL",Diesel,Dixon,IL,149.375,0,0.0,3
2026-03-09 11:28:19,"0265 - Dixon, IL",Unlead,Dixon,IL,45.06000000000131,0,0.0,1
2026-03-09 11:28:19,"0266 - New Berlin, IL",Diesel,New Berlin,IL,27.0,0,0.0,3
2026-03-09 11:28:19,"0266 - New Berlin, IL",Unlead,New Berlin,IL,27.503999999999905,0,0.0,1
2026-03-09 11:28:19,"0267 - Pharr, TX",Diesel,Pharr,TX,726.0,0,0.0,4
2026-03-09 11:28:19,"0267 - Pharr, TX",Unlead,Pharr,TX,6.0,0,0.0,1
2026-03-09 11:28:19,"0268 - Grayville, IL",Diesel,Grayville,IL,273.0,0,0.0,3
2026-03-09 11:28:19,"0268 - Grayville, IL",Unlead,Grayville,IL,25.0,0,0.0,1
2026-03-09 11:28:19,"0269 - Marshall, IL",Diesel,Marshall,IL,23.0,0,0.0,3
2026-03-09 11:28:19,"0269 - Marshall, IL",Unlead,Marshall,IL,0.0,0,0.0,1
2026-03-09 11:28:19,"0270 - Moore, TX",Diesel,Moore,TX,67.0,0,0.0,3
2026-03-09 11:28:19,"0270 - Moore, TX",Unlead,Moore,TX,39.0,0,0.0,1
2026-03-09 11:28:19,"0271 - Odessa, TX",Diesel,Odessa,TX,259.7389999999996,0,0.0,3
2026-03-09 11:28:19,"0271 - Odessa, TX",Unlead,Odessa,TX,0.0,0,0.0,1
2026-03-09 11:28:19,"0272 - Encinal, TX",Diesel,Encinal,TX,0.0,0,0.0,3
2026-03-09 11:28:19,"0272 - Encinal, TX",Unlead,Encinal,TX,26.575000000000728,0,0.0,1
2026-03-09 11:28:19,"0273 - Combes, TX",Diesel,Combes,TX,108.44560000000001,0,0.0,3
2026-03-09 11:28:19,"0273 - Combes, TX",Unlead,Combes,TX,42.30699999999888,0,0.0,1
2026-03-09 11:28:19,"0275 - Sonora, TX",Diesel,Sonora,TX,43.34700000000157,0,0.0,3
2026-03-09 11:28:19,"0275 - Sonora, TX",Unlead,Sonora,TX,54.80269999999928,0,0.0,1
2026-03-09 11:28:19,"0276 - Waco, TX",Diesel,Waco,TX,111.3070000000007,0,0.0,3
2026-03-09 11:28:19,"0276 - Waco, TX",Unlead,Waco,TX,72.62200000000121,0,0.0,1
2026-03-09 11:28:19,"0277 - New Boston, TX",Diesel,New Boston,TX,0.0,0,0.0,3
2026-03-09 11:28:19,"0277 - New Boston, TX",Unlead,New Boston,TX,0.0,0,0.0,1
2026-03-09 11:28:19,"0278 - Brinkley, AR",Diesel,Brinkley,AR,306.1360000000004,0,0.0,3
2026-03-09 11:28:19,"0278 - Brinkley, AR",Unlead,Brinkley,AR,80.20299999999952,0,0.0,1
2026-03-09 11:28:19,"0279 - Marion, IL",Diesel,Marion,IL,101.65999999999804,0,0.0,3
2026-03-09 11:28:19,"0279 - Marion, IL",Unlead,Marion,IL,90.22249999999985,0,0.0,1
2026-03-09 11:28:19,"0280 - Monahans, TX",Diesel,Monahans,TX,20.07600000000093,0,0.0,3
2026-03-09 11:28:19,"0280 - Monahans, TX",Unlead,Monahans,TX,10.528999999998632,0,0.0,1
2026-03-09 11:28:19,"0281 - Cisco, TX",Diesel,Cisco,TX,7615.671999999999,1,10305.1211,3
2026-03-09 11:28:19,"0281 - Cisco, TX",Unlead,Cisco,TX,476.3070000000007,0,0.0,1
2026-03-09 11:28:19,"0282 - Gainesville, TX",Diesel,Gainesville,TX,51.00800000000163,0,0.0,3
2026-03-09 11:28:19,"0282 - Gainesville, TX",Unlead,Gainesville,TX,0.0,0,0.0,1
2026-03-09 11:28:19,"0283 - Sealy, TX",Diesel,Sealy,TX,231.39300000000185,0,0.0,3
2026-03-09 11:28:19,"0283 - Sealy, TX",Unlead,Sealy,TX,4.856999999999971,0,0.0,1
2026-03-09 11:28:19,"0284 - New Deal, TX",Diesel,New Deal,TX,220.79719999999998,0,0.0,3
2026-03-09 11:28:19,"0284 - New Deal, TX",Unlead,New Deal,TX,12.036000000000058,0,0.0,1
2026-03-09 11:28:19,"0285 - Seguin, TX",Diesel,Seguin,TX,152.60100000000057,0,0.0,3
2026-03-09 11:28:19,"0285 - Seguin, TX",Unlead,Seguin,TX,31.527000000000044,0,0.0,1
2026-03-09 11:28:19,"0286 - Amarillo, TX",Diesel,Amarillo,TX,266.0410000000011,0,0.0,3
2026-03-09 11:28:19,"0286 - Amarillo, TX",Unlead,Amarillo,TX,26.98400000000038,0,0.0,1
2026-03-09 11:28:19,"0287 - Burbonnais, IL",Diesel,Burbonnais,IL,52.36899999999878,0,0.0,3
2026-03-09 11:28:19,"0287 - Burbonnais, IL",Unlead,Burbonnais,IL,54.04900000000089,0,0.0,1
2026-03-09 11:28:19,"0289 - Teague, TX",Diesel,Teague,TX,112.28399999999965,0,0.0,3
2026-03-09 11:28:19,"0289 - Teague, TX",Unlead,Teague,TX,9.239999999999782,0,0.0,1
2026-03-09 11:28:19,"0290 - Joplin, MO",Diesel,Joplin,MO,18.769000000000233,0,0.0,3
2026-03-09 11:28:19,"0290 - Joplin, MO",Unlead,Joplin,MO,117.22800000000097,0,0.0,1
2026-03-09 11:28:19,"0312 - Vidor, TX",Diesel,Vidor,TX,429.709499999999,0,0.0,3
2026-03-09 11:28:19,"0312 - Vidor, TX",Unlead,Vidor,TX,19.26000000000022,0,0.0,1
2026-03-09 11:28:19,"0315 - Laredo, TX",Diesel,Laredo,TX,0.0,0,0.0,3
2026-03-09 11:28:19,"0315 - Laredo, TX",Unlead,Laredo,TX,11.097999999999956,0,0.0,1
2026-03-09 11:28:19,"0319 - Milford, TX",Diesel,Milford,TX,0.0,0,0.0,3
2026-03-09 11:28:19,"0319 - Milford, TX",Unlead,Milford,TX,8.609399999999368,0,0.0,1
2026-03-09 11:28:19,"0323 - Canton, TX",Diesel,Canton,TX,0.0,0,0.0,3
2026-03-09 11:28:19,"0323 - Canton, TX",Unlead,Canton,TX,55.68499999999949,0,0.0,1
2026-03-09 11:43:27,"0118 - Springfield, IL",Diesel,Springfield,IL,152.0,0,0.0,3
2026-03-09 11:43:27,"0118 - Springfield, IL",Unlead,Springfield,IL,9.0,0,0.0,1
2026-03-09 11:43:27,"0132 - Champaign, IL",Diesel,Champaign,IL,56.684000000001106,0,0.0,3
2026-03-09 11:43:27,"0132 - Champaign, IL",Unlead,Champaign,IL,51.89899999999943,0,0.0,1
2026-03-09 11:43:27,"0136 - Cottage Grove, WI",Diesel,Cottage Grove,WI,499.9519999999993,0,0.0,2
2026-03-09 11:43:27,"0136 - Cottage Grove, WI",Unlead,Cottage Grove,WI,17.296000000000276,0,0.0,1
2026-03-09 11:43:27,"0139 - Tuscola, IL",Diesel,Tuscola,IL,115.0,0,0.0,1
2026-03-09 11:43:27,"0139 - Tuscola, IL",Unlead,Tuscola,IL,78.0,0,0.0,2
2026-03-09 11:43:27,"0140 - Mendota, IL",Diesel,Mendota,IL,10.0,0,0.0,2
2026-03-09 11:43:27,"0140 - Mendota, IL",Unlead,Mendota,IL,34.0,0,0.0,2
2026-03-09 11:43:27,"0141 - Brazil, IN",Diesel,Brazil,IN,0.0,0,0.0,4
2026-03-09 11:43:27,"0141 - Brazil, IN",Unlead,Brazil,IN,14.0,0,0.0,1
2026-03-09 11:43:27,"0144 - Elk Run Height, IA",Diesel,Elk Run Height,IA,0.0,0,0.0,4
2026-03-09 11:43:27,"0144 - Elk Run Height, IA",Unlead,Elk Run Height,IA,49.6845000000003,0,0.0,2
2026-03-09 11:43:27,"0145 - Fenton, MO",Diesel,Fenton,MO,155.0,0,0.0,2
2026-03-09 11:43:27,"0145 - Fenton, MO",Unlead,Fenton,MO,13.0,0,0.0,1
2026-03-09 11:43:27,"0157 - Okawville, IL",Diesel,Okawville,IL,154.0,0,0.0,3
2026-03-09 11:43:27,"0157 - Okawville, IL",Unlead,Okawville,IL,19.96860000000015,0,0.0,1
2026-03-09 11:43:27,"0181 - Springfield, IL",Diesel,Springfield,IL,0.0,0,0.0,3
2026-03-09 11:43:27,"0181 - Springfield, IL",Unlead,Springfield,IL,55.72600000000057,0,0.0,1
2026-03-09 11:43:27,"0185 - McLean, IL",Diesel,McLean,IL,6.183000000000902,0,0.0,4
2026-03-09 11:43:27,"0185 - McLean, IL",Unlead,McLean,IL,70.58969999999954,0,0.0,1
2026-03-09 11:43:27,"0186 - Minonk, IL",Diesel,Minonk,IL,16.032000000001062,0,0.0,3
2026-03-09 11:43:27,"0186 - Minonk, IL",Unlead,Minonk,IL,14.89890000000014,0,0.0,1
2026-03-09 11:43:27,"0187 - Chicago, IL",Diesel,Chicago,IL,0.0,0,0.0,3
2026-03-09 11:43:27,"0187 - Chicago, IL",Unlead,Chicago,IL,0.0,0,0.0,1
2026-03-09 11:43:27,"0203 - Rockford, IL",Diesel,Rockford,IL,0.0,0,0.0,1
2026-03-09 11:43:27,"0203 - Rockford, IL",Unlead,Rockford,IL,40.01300000000083,0,0.0,1
2026-03-09 11:43:27,"0205 - South Beloit, IL",Diesel,South Beloit,IL,0.0,0,0.0,3
2026-03-09 11:43:27,"0205 - South Beloit, IL",Unlead,South Beloit,IL,67.0,0,0.0,1
2026-03-09 11:43:27,"0206 - Winnebago, IL",Diesel,Winnebago,IL,0.0,0,0.0,1
2026-03-09 11:43:27,"0206 - Winnebago, IL",Unlead,Winnebago,IL,210.0,0,0.0,1
2026-03-09 11:43:27,"0209 - Oakdale, WI",Diesel,Oakdale,WI,11.0,0,0.0,3
2026-03-09 11:43:27,"0209 - Oakdale, WI",Unlead,Oakdale,WI,141.0,0,0.0,1
2026-03-09 11:43:27,"0210 - Rochelle, IL",Diesel,Rochelle,IL,141.0,0,0.0,3
2026-03-09 11:43:27,"0210 - Rochelle, IL",Unlead,Rochelle,IL,40.0,0,0.0,1
2026-03-09 11:43:27,"0211 - Loves Park, IL",Diesel,Loves Park,IL,307.0,0,0.0,1
2026-03-09 11:43:27,"0211 - Loves Park, IL",Unlead,Loves Park,IL,18.0,0,0.0,1
2026-03-09 11:43:27,"0225 - Princeton, IL",Diesel,Princeton,IL,221.0,0,0.0,4
2026-03-09 11:43:27,"0225 - Princeton, IL",Unlead,Princeton,IL,6.0,0,0.0,2
2026-03-09 11:43:27,"0226 - Greenwood, IN",Diesel,Greenwood,IN,39.0,0,0.0,2
2026-03-09 11:43:27,"0226 - Greenwood, IN",Unlead,Greenwood,IN,8.0,0,0.0,2
2026-03-09 11:43:27,"0235 - Hampshire, IL",Diesel,Hampshire,IL,33.0,0,0.0,2
2026-03-09 11:43:27,"0235 - Hampshire, IL",Unlead,Hampshire,IL,3.0,0,0.0,2
2026-03-09 11:43:27,"0236 - East Troy, WI",Diesel,East Troy,WI,119.0,0,0.0,2
2026-03-09 11:43:27,"0236 - East Troy, WI",Unlead,East Troy,WI,0.0,0,0.0,1
2026-03-09 11:43:27,"0240 - Lake Station, IN",Diesel,Lake Station,IN,173.0,0,0.0,5
2026-03-09 11:43:27,"0240 - Lake Station, IN",Unlead,Lake Station,IN,9.0,0,0.0,2
2026-03-09 11:43:27,"0242 - St Robert, MO",Diesel,St Robert,MO,23.464999999999236,0,0.0,4
2026-03-09 11:43:27,"0263 - Ottawa, IL",Diesel,Ottawa,IL,30.0,0,0.0,3
2026-03-09 11:43:27,"0263 - Ottawa, IL",Unlead,Ottawa,IL,62.0,0,0.0,1
2026-03-09 11:43:27,"0265 - Dixon, IL",Diesel,Dixon,IL,0.0,0,0.0,3
2026-03-09 11:43:27,"0265 - Dixon, IL",Unlead,Dixon,IL,21.601999999998952,0,0.0,1
2026-03-09 11:43:27,"0266 - New Berlin, IL",Diesel,New Berlin,IL,0.0,0,0.0,3
2026-03-09 11:43:27,"0266 - New Berlin, IL",Unlead,New Berlin,IL,30.652600000000348,0,0.0,1
2026-03-09 11:43:27,"0267 - Pharr, TX",Diesel,Pharr,TX,970.0,0,0.0,4
2026-03-09 11:43:27,"0267 - Pharr, TX",Unlead,Pharr,TX,53.0,0,0.0,1
2026-03-09 11:43:27,"0268 - Grayville, IL",Diesel,Grayville,IL,0.0,0,0.0,3
2026-03-09 11:43:27,"0268 - Grayville, IL",Unlead,Grayville,IL,59.0,0,0.0,1
2026-03-09 11:43:27,"0269 - Marshall, IL",Diesel,Marshall,IL,203.0,0,0.0,3
2026-03-09 11:43:27,"0269 - Marshall, IL",Unlead,Marshall,IL,44.0,0,0.0,1
2026-03-09 11:43:27,"0270 - Moore, TX",Diesel,Moore,TX,143.0,0,0.0,3
2026-03-09 11:43:27,"0270 - Moore, TX",Unlead,Moore,TX,80.0,0,0.0,1
2026-03-09 11:43:27,"0271 - Odessa, TX",Diesel,Odessa,TX,0.0,2,7050.9619999999995,3
2026-03-09 11:43:27,"0271 - Odessa, TX",Unlead,Odessa,TX,55.3128999999999,0,0.0,1
2026-03-09 11:43:27,"0272 - Encinal, TX",Diesel,Encinal,TX,24.495999999999185,0,0.0,3
2026-03-09 11:43:27,"0272 - Encinal, TX",Unlead,Encinal,TX,44.352999999999156,0,0.0,1
2026-03-09 11:43:27,"0273 - Combes, TX",Diesel,Combes,TX,0.0,0,0.0,3
2026-03-09 11:43:27,"0273 - Combes, TX",Unlead,Combes,TX,76.8060000000005,0,0.0,1
2026-03-09 11:43:27,"0275 - Sonora, TX",Diesel,Sonora,TX,86.11199999999917,0,0.0,3
2026-03-09 11:43:27,"0275 - Sonora, TX",Unlead,Sonora,TX,39.563600000000406,0,0.0,1
2026-03-09 11:43:27,"0276 - Waco, TX",Diesel,Waco,TX,175.59299999999894,0,0.0,3
2026-03-09 11:43:27,"0276 - Waco, TX",Unlead,Waco,TX,57.77299999999923,0,0.0,1
2026-03-09 11:43:27,"0277 - New Boston, TX",Diesel,New Boston,TX,0.0,0,0.0,3
2026-03-09 11:43:27,"0277 - New Boston, TX",Unlead,New Boston,TX,18.669600000000173,0,0.0,1
2026-03-09 11:43:27,"0278 - Brinkley, AR",Diesel,Brinkley,AR,187.78000000000065,0,0.0,3
2026-03-09 11:43:27,"0278 - Brinkley, AR",Unlead,Brinkley,AR,53.85699999999997,0,0.0,1
2026-03-09 11:43:27,"0279 - Marion, IL",Diesel,Marion,IL,73.14300000000185,0,0.0,3
2026-03-09 11:43:27,"0279 - Marion, IL",Unlead,Marion,IL,99.07320000000072,0,0.0,1
2026-03-09 11:43:27,"0280 - Monahans, TX",Diesel,Monahans,TX,38.69499999999971,0,0.0,3
2026-03-09 11:43:27,"0280 - Monahans, TX",Unlead,Monahans,TX,25.335500000001048,0,0.0,1
2026-03-09 11:43:27,"0281 - Cisco, TX",Diesel,Cisco,TX,81.86499999999978,0,0.0,3
2026-03-09 11:43:27,"0281 - Cisco, TX",Unlead,Cisco,TX,115.71099999999933,0,0.0,1
2026-03-09 11:43:27,"0282 - Gainesville, TX",Diesel,Gainesville,TX,11.903999999998632,0,0.0,3
2026-03-09 11:43:27,"0282 - Gainesville, TX",Unlead,Gainesville,TX,26.07999999999811,0,0.0,1
2026-03-09 11:43:27,"0283 - Sealy, TX",Diesel,Sealy,TX,368.1800000000003,0,0.0,3
2026-03-09 11:43:27,"0283 - Sealy, TX",Unlead,Sealy,TX,15.7549999999992,0,0.0,1
2026-03-09 11:43:27,"0284 - New Deal, TX",Diesel,New Deal,TX,155.2524000000003,0,0.0,3
2026-03-09 11:43:27,"0284 - New Deal, TX",Unlead,New Deal,TX,29.985999999998967,0,0.0,1
2026-03-09 11:43:27,"0285 - Seguin, TX",Diesel,Seguin,TX,70.59599999999955,0,0.0,3
2026-03-09 11:43:27,"0285 - Seguin, TX",Unlead,Seguin,TX,7.85399999999936,0,0.0,1
2026-03-09 11:43:27,"0286 - Amarillo, TX",Diesel,Amarillo,TX,510.2039999999997,0,0.0,3
2026-03-09 11:43:27,"0286 - Amarillo, TX",Unlead,Amarillo,TX,0.0,0,0.0,1
2026-03-09 11:43:27,"0287 - Burbonnais, IL",Diesel,Burbonnais,IL,88.40300000000025,0,0.0,3
2026-03-09 11:43:27,"0287 - Burbonnais, IL",Unlead,Burbonnais,IL,98.98799999999937,0,0.0,1
2026-03-09 11:43:27,"0289 - Teague, TX",Diesel,Teague,TX,100.40100000000166,0,0.0,3
2026-03-09 11:43:27,"0289 - Teague, TX",Unlead,Teague,TX,89.64300000000003,0,0.0,1
2026-03-09 11:43:27,"0290 - Joplin, MO",Diesel,Joplin,MO,0.0,0,0.0,3
2026-03-09 11:43:27,"0290 - Joplin, MO",Unlead,Joplin,MO,53.586999999999534,0,0.0,1
2026-03-09 11:43:27,"0312 - Vidor, TX",Diesel,Vidor,TX,356.77050000000054,0,0.0,3
2026-03-09 11:43:27,"0312 - Vidor, TX",Unlead,Vidor,TX,69.43399999999929,0,0.0,1
2026-03-09 11:43:27,"0315 - Laredo, TX",Diesel,Laredo,TX,0.0,0,0.0,3
2026-03-09 11:43:27,"0315 - Laredo, TX",Unlead,Laredo,TX,12.352000000000771,0,0.0,1
2026-03-09 11:43:27,"0319 - Milford, TX",Diesel,Milford,TX,167.8570000000018,0,0.0,3
2026-03-09 11:43:27,"0319 - Milford, TX",Unlead,Milford,TX,34.195300000000316,0,0.0,1
2026-03-09 11:43:27,"0323 - Canton, TX",Diesel,Canton,TX,0.0,0,0.0,3
2026-03-09 11:43:27,"0323 - Canton, TX",Unlead,Canton,TX,29.220000000001164,0,0.0,1
2026-03-09 11:58:31,"0118 - Springfield, IL",Diesel,Springfield,IL,258.0,0,0.0,3
2026-03-09 11:58:31,"0118 - Springfield, IL",Unlead,Springfield,IL,13.0,0,0.0,1
2026-03-09 11:58:31,"0132 - Champaign, IL",Diesel,Champaign,IL,0.0,0,0.0,3
2026-03-09 11:58:31,"0132 - Champaign, IL",Unlead,Champaign,IL,0.0,0,0.0,1
2026-03-09 11:58:31,"0136 - Cottage Grove, WI",Diesel,Cottage Grove,WI,245.78200000000106,0,0.0,2
2026-03-09 11:58:31,"0136 - Cottage Grove, WI",Unlead,Cottage Grove,WI,36.649999999999636,0,0.0,1
2026-03-09 11:58:31,"0139 - Tuscola, IL",Diesel,Tuscola,IL,194.0,0,0.0,1
2026-03-09 11:58:31,"0139 - Tuscola, IL",Unlead,Tuscola,IL,33.0,0,0.0,2
2026-03-09 11:58:31,"0140 - Mendota, IL",Diesel,Mendota,IL,0.0,0,0.0,2
2026-03-09 11:58:31,"0140 - Mendota, IL",Unlead,Mendota,IL,27.0,0,0.0,2
2026-03-09 11:58:31,"0141 - Brazil, IN",Diesel,Brazil,IN,0.0,0,0.0,4
2026-03-09 11:58:31,"0141 - Brazil, IN",Unlead,Brazil,IN,18.0,0,0.0,1
2026-03-09 11:58:31,"0144 - Elk Run Height, IA",Diesel,Elk Run Height,IA,161.0,0,0.0,4
2026-03-09 11:58:31,"0144 - Elk Run Height, IA",Unlead,Elk Run Height,IA,0.0,0,0.0,2
2026-03-09 11:58:31,"0145 - Fenton, MO",Diesel,Fenton,MO,321.0,0,0.0,2
2026-03-09 11:58:31,"0145 - Fenton, MO",Unlead,Fenton,MO,8.0,0,0.0,1
2026-03-09 11:58:31,"0157 - Okawville, IL",Diesel,Okawville,IL,0.0,0,0.0,3
2026-03-09 11:58:31,"0157 - Okawville, IL",Unlead,Okawville,IL,57.052999999999884,0,0.0,1
2026-03-09 11:58:31,"0181 - Springfield, IL",Diesel,Springfield,IL,255.28549999999996,0,0.0,3
2026-03-09 11:58:31,"0181 - Springfield, IL",Unlead,Springfield,IL,20.03399999999965,0,0.0,1
2026-03-09 11:58:31,"0185 - McLean, IL",Diesel,McLean,IL,0.0,0,0.0,4
2026-03-09 11:58:31,"0185 - McLean, IL",Unlead,McLean,IL,29.801300000000083,0,0.0,1
2026-03-09 11:58:31,"0186 - Minonk, IL",Diesel,Minonk,IL,0.0,0,0.0,3
2026-03-09 11:58:31,"0186 - Minonk, IL",Unlead,Minonk,IL,21.13460000000032,0,0.0,1
2026-03-09 11:58:31,"0187 - Chicago, IL",Diesel,Chicago,IL,0.0,0,0.0,3
2026-03-09 11:58:31,"0187 - Chicago, IL",Unlead,Chicago,IL,10.55029999999988,0,0.0,1
2026-03-09 11:58:31,"0203 - Rockford, IL",Diesel,Rockford,IL,0.0,0,0.0,1
2026-03-09 11:58:31,"0203 - Rockford, IL",Unlead,Rockford,IL,74.21799999999894,0,0.0,1
2026-03-09 11:58:31,"0205 - South Beloit, IL",Diesel,South Beloit,IL,0.0,0,0.0,3
2026-03-09 11:58:31,"0205 - South Beloit, IL",Unlead,South Beloit,IL,47.0,0,0.0,1
2026-03-09 11:58:31,"0206 - Winnebago, IL",Diesel,Winnebago,IL,0.0,0,0.0,1
2026-03-09 11:58:31,"0206 - Winnebago, IL",Unlead,Winnebago,IL,91.0,0,0.0,1
2026-03-09 11:58:31,"0209 - Oakdale, WI",Diesel,Oakdale,WI,353.0,0,0.0,3
2026-03-09 11:58:31,"0209 - Oakdale, WI",Unlead,Oakdale,WI,160.0,0,0.0,1
2026-03-09 11:58:31,"0210 - Rochelle, IL",Diesel,Rochelle,IL,0.0,0,0.0,3
2026-03-09 11:58:31,"0210 - Rochelle, IL",Unlead,Rochelle,IL,55.0,0,0.0,1
2026-03-09 11:58:31,"0211 - Loves Park, IL",Diesel,Loves Park,IL,0.0,0,0.0,1
2026-03-09 11:58:31,"0211 - Loves Park, IL",Unlead,Loves Park,IL,70.0,0,0.0,1
2026-03-09 11:58:31,"0225 - Princeton, IL",Diesel,Princeton,IL,172.0,0,0.0,4
2026-03-09 11:58:31,"0225 - Princeton, IL",Unlead,Princeton,IL,37.0,0,0.0,2
2026-03-09 11:58:31,"0226 - Greenwood, IN",Diesel,Greenwood,IN,0.0,0,0.0,2
2026-03-09 11:58:31,"0226 - Greenwood, IN",Unlead,Greenwood,IN,47.0,0,0.0,2
2026-03-09 11:58:31,"0235 - Hampshire, IL",Diesel,Hampshire,IL,0.0,0,0.0,2
2026-03-09 11:58:31,"0235 - Hampshire, IL",Unlead,Hampshire,IL,26.0,0,0.0,2
2026-03-09 11:58:31,"0236 - East Troy, WI",Diesel,East Troy,WI,0.0,0,0.0,2
2026-03-09 11:58:31,"0236 - East Troy, WI",Unlead,East Troy,WI,0.0,0,0.0,1
2026-03-09 11:58:31,"0240 - Lake Station, IN",Diesel,Lake Station,IN,473.0,0,0.0,5
2026-03-09 11:58:31,"0240 - Lake Station, IN",Unlead,Lake Station,IN,6.0,0,0.0,2
2026-03-09 11:58:31,"0242 - St Robert, MO",Diesel,St Robert,MO,0.0,0,0.0,4
2026-03-09 11:58:31,"0263 - Ottawa, IL",Diesel,Ottawa,IL,188.0,0,0.0,3
2026-03-09 11:58:31,"0263 - Ottawa, IL",Unlead,Ottawa,IL,31.0,0,0.0,1
2026-03-09 11:58:31,"0265 - Dixon, IL",Diesel,Dixon,IL,23.141999999999825,0,0.0,3
2026-03-09 11:58:31,"0265 - Dixon, IL",Unlead,Dixon,IL,19.375,0,0.0,1
2026-03-09 11:58:31,"0266 - New Berlin, IL",Diesel,New Berlin,IL,30.0,0,0.0,3
2026-03-09 11:58:31,"0266 - New Berlin, IL",Unlead,New Berlin,IL,40.20640000000003,0,0.0,1
2026-03-09 11:58:31,"0267 - Pharr, TX",Diesel,Pharr,TX,503.0,0,0.0,4
2026-03-09 11:58:31,"0267 - Pharr, TX",Unlead,Pharr,TX,17.0,0,0.0,1
2026-03-09 11:58:31,"0268 - Grayville, IL",Diesel,Grayville,IL,0.0,0,0.0,3
2026-03-09 11:58:31,"0268 - Grayville, IL",Unlead,Grayville,IL,31.0,0,0.0,1
2026-03-09 11:58:31,"0269 - Marshall, IL",Diesel,Marshall,IL,81.0,0,0.0,3
2026-03-09 11:58:31,"0269 - Marshall, IL",Unlead,Marshall,IL,31.0,0,0.0,1
2026-03-09 11:58:31,"0270 - Moore, TX",Diesel,Moore,TX,54.0,0,0.0,3
2026-03-09 11:58:31,"0270 - Moore, TX",Unlead,Moore,TX,48.0,0,0.0,1
2026-03-09 11:58:31,"0271 - Odessa, TX",Diesel,Odessa,TX,477.1524999999983,0,0.0,3
2026-03-09 11:58:31,"0271 - Odessa, TX",Unlead,Odessa,TX,45.50450000000001,0,0.0,1
2026-03-09 11:58:31,"0272 - Encinal, TX",Diesel,Encinal,TX,12.689000000000306,0,0.0,3
2026-03-09 11:58:31,"0272 - Encinal, TX",Unlead,Encinal,TX,14.051000000001295,0,0.0,1
2026-03-09 11:58:31,"0273 - Combes, TX",Diesel,Combes,TX,0.0,0,0.0,3
2026-03-09 11:58:31,"0273 - Combes, TX",Unlead,Combes,TX,65.42200000000048,0,0.0,1
2026-03-09 11:58:31,"0275 - Sonora, TX",Diesel,Sonora,TX,0.0,0,0.0,3
2026-03-09 11:58:31,"0275 - Sonora, TX",Unlead,Sonora,TX,45.28259999999955,0,0.0,1
2026-03-09 11:58:31,"0276 - Waco, TX",Diesel,Waco,TX,233.88300000000163,0,0.0,3
2026-03-09 11:58:31,"0276 - Waco, TX",Unlead,Waco,TX,32.1880000000001,0,0.0,1
2026-03-09 11:58:31,"0277 - New Boston, TX",Diesel,New Boston,TX,0.0,0,0.0,3
2026-03-09 11:58:31,"0277 - New Boston, TX",Unlead,New Boston,TX,41.794200000000274,0,0.0,1
2026-03-09 11:58:31,"0278 - Brinkley, AR",Diesel,Brinkley,AR,138.6919999999991,0,0.0,3
2026-03-09 11:58:31,"0278 - Brinkley, AR",Unlead,Brinkley,AR,49.64460000000054,0,0.0,1
2026-03-09 11:58:31,"0279 - Marion, IL",Diesel,Marion,IL,181.3734999999997,0,0.0,3
2026-03-09 11:58:31,"0279 - Marion, IL",Unlead,Marion,IL,76.54129999999986,0,0.0,1
2026-03-09 11:58:31,"0280 - Monahans, TX",Diesel,Monahans,TX,125.14800000000105,0,0.0,3
2026-03-09 11:58:31,"0280 - Monahans, TX",Unlead,Monahans,TX,68.61650000000009,0,0.0,1
2026-03-09 11:58:31,"0281 - Cisco, TX",Diesel,Cisco,TX,531.7419999999984,0,0.0,3
2026-03-09 11:58:31,"0281 - Cisco, TX",Unlead,Cisco,TX,49.677999999999884,0,0.0,1
2026-03-09 11:58:31,"0282 - Gainesville, TX",Diesel,Gainesville,TX,36.1919999999991,0,0.0,3
2026-03-09 11:58:31,"0282 - Gainesville, TX",Unlead,Gainesville,TX,29.23199999999997,0,0.0,1
2026-03-09 11:58:31,"0283 - Sealy, TX",Diesel,Sealy,TX,0.0,0,0.0,3
2026-03-09 11:58:31,"0283 - Sealy, TX",Unlead,Sealy,TX,14.157000000001062,0,0.0,1
2026-03-09 11:58:31,"0284 - New Deal, TX",Diesel,New Deal,TX,149.64959999999974,0,0.0,3
2026-03-09 11:58:31,"0284 - New Deal, TX",Unlead,New Deal,TX,68.30299999999988,0,0.0,1
2026-03-09 11:58:31,"0285 - Seguin, TX",Diesel,Seguin,TX,119.42500000000109,0,0.0,3
2026-03-09 11:58:31,"0285 - Seguin, TX",Unlead,Seguin,TX,14.949000000000524,0,0.0,1
2026-03-09 11:58:31,"0286 - Amarillo, TX",Diesel,Amarillo,TX,135.3769999999986,0,0.0,3
2026-03-09 11:58:31,"0286 - Amarillo, TX",Unlead,Amarillo,TX,8.662000000000262,0,0.0,1
2026-03-09 11:58:31,"0287 - Burbonnais, IL",Diesel,Burbonnais,IL,109.48700000000281,0,0.0,3
2026-03-09 11:58:31,"0287 - Burbonnais, IL",Unlead,Burbonnais,IL,113.0570000000007,0,0.0,1
2026-03-09 11:58:31,"0289 - Teague, TX",Diesel,Teague,TX,170.46399999999994,0,0.0,3
2026-03-09 11:58:31,"0289 - Teague, TX",Unlead,Teague,TX,49.19840000000022,0,0.0,1
2026-03-09 11:58:31,"0290 - Joplin, MO",Diesel,Joplin,MO,16.395000000000437,0,0.0,3
2026-03-09 11:58:31,"0290 - Joplin, MO",Unlead,Joplin,MO,21.452000000001135,0,0.0,1
2026-03-09 11:58:31,"0312 - Vidor, TX",Diesel,Vidor,TX,186.59499999999935,0,0.0,3
2026-03-09 11:58:31,"0312 - Vidor, TX",Unlead,Vidor,TX,46.97999999999956,0,0.0,1
2026-03-09 11:58:31,"0315 - Laredo, TX",Diesel,Laredo,TX,142.1999999999989,0,0.0,3
2026-03-09 11:58:31,"0315 - Laredo, TX",Unlead,Laredo,TX,49.64899999999943,0,0.0,1
2026-03-09 11:58:31,"0319 - Milford, TX",Diesel,Milford,TX,122.79999999999927,0,0.0,3
2026-03-09 11:58:31,"0319 - Milford, TX",Unlead,Milford,TX,9.497999999999593,0,0.0,1
2026-03-09 11:58:31,"0323 - Canton, TX",Diesel,Canton,TX,0.0,0,0.0,3
2026-03-09 11:58:31,"0323 - Canton, TX",Unlead,Canton,TX,6.90099999999984,0,0.0,1
2026-03-09 12:13:33,"0118 - Springfield, IL",Diesel,Springfield,IL,0.0,0,0.0,3
2026-03-09 12:13:33,"0118 - Springfield, IL",Unlead,Springfield,IL,7.0,0,0.0,1
2026-03-09 12:13:33,"0132 - Champaign, IL",Diesel,Champaign,IL,20.042999999997846,0,0.0,3
2026-03-09 12:13:33,"0132 - Champaign, IL",Unlead,Champaign,IL,150.98499999999876,0,0.0,1
2026-03-09 12:13:33,"0136 - Cottage Grove, WI",Diesel,Cottage Grove,WI,33.784999999999854,0,0.0,2
2026-03-09 12:13:33,"0136 - Cottage Grove, WI",Unlead,Cottage Grove,WI,13.519000000000233,0,0.0,1
2026-03-09 12:13:33,"0139 - Tuscola, IL",Diesel,Tuscola,IL,144.0,0,0.0,1
2026-03-09 12:13:33,"0139 - Tuscola, IL",Unlead,Tuscola,IL,50.0,0,0.0,2
2026-03-09 12:13:33,"0140 - Mendota, IL",Diesel,Mendota,IL,0.0,0,0.0,2
2026-03-09 12:13:33,"0140 - Mendota, IL",Unlead,Mendota,IL,39.0,0,0.0,2
2026-03-09 12:13:33,"0141 - Brazil, IN",Diesel,Brazil,IN,0.0,0,0.0,4
2026-03-09 12:13:33,"0141 - Brazil, IN",Unlead,Brazil,IN,5.0,0,0.0,1
2026-03-09 12:13:33,"0144 - Elk Run Height, IA",Diesel,Elk Run Height,IA,8.0,0,0.0,4
2026-03-09 12:13:33,"0144 - Elk Run Height, IA",Unlead,Elk Run Height,IA,4.39469999999983,0,0.0,2
2026-03-09 12:13:33,"0145 - Fenton, MO",Diesel,Fenton,MO,143.0,0,0.0,2
2026-03-09 12:13:33,"0145 - Fenton, MO",Unlead,Fenton,MO,0.0,0,0.0,1
2026-03-09 12:13:33,"0157 - Okawville, IL",Diesel,Okawville,IL,0.0,0,0.0,3
2026-03-09 12:13:33,"0157 - Okawville, IL",Unlead,Okawville,IL,16.34599999999955,0,0.0,1
2026-03-09 12:13:33,"0181 - Springfield, IL",Diesel,Springfield,IL,174.76749999999993,0,0.0,3
2026-03-09 12:13:33,"0181 - Springfield, IL",Unlead,Springfield,IL,62.86300000000119,0,0.0,1
2026-03-09 12:13:33,"0185 - McLean, IL",Diesel,McLean,IL,208.21300000000156,0,0.0,4
2026-03-09 12:13:33,"0185 - McLean, IL",Unlead,McLean,IL,110.91550000000007,0,0.0,1
2026-03-09 12:13:33,"0186 - Minonk, IL",Diesel,Minonk,IL,0.0,0,0.0,3
2026-03-09 12:13:33,"0186 - Minonk, IL",Unlead,Minonk,IL,65.54849999999988,0,0.0,1
2026-03-09 12:13:33,"0187 - Chicago, IL",Diesel,Chicago,IL,0.0,0,0.0,3
2026-03-09 12:13:33,"0187 - Chicago, IL",Unlead,Chicago,IL,9.088399999999638,0,0.0,1
2026-03-09 12:13:33,"0203 - Rockford, IL",Diesel,Rockford,IL,0.0,0,0.0,1
2026-03-09 12:13:33,"0203 - Rockford, IL",Unlead,Rockford,IL,76.52400000000125,0,0.0,1
2026-03-09 12:13:33,"0205 - South Beloit, IL",Diesel,South Beloit,IL,0.0,0,0.0,3
2026-03-09 12:13:33,"0205 - South Beloit, IL",Unlead,South Beloit,IL,0.0,0,0.0,1
2026-03-09 12:13:33,"0206 - Winnebago, IL",Diesel,Winnebago,IL,0.0,0,0.0,1
2026-03-09 12:13:33,"0206 - Winnebago, IL",Unlead,Winnebago,IL,129.0,0,0.0,1
2026-03-09 12:13:33,"0209 - Oakdale, WI",Diesel,Oakdale,WI,0.0,0,0.0,3
2026-03-09 12:13:33,"0209 - Oakdale, WI",Unlead,Oakdale,WI,63.0,0,0.0,1
2026-03-09 12:13:33,"0210 - Rochelle, IL",Diesel,Rochelle,IL,22.0,0,0.0,3
2026-03-09 12:13:33,"0210 - Rochelle, IL",Unlead,Rochelle,IL,53.0,0,0.0,1
2026-03-09 12:13:33,"0211 - Loves Park, IL",Diesel,Loves Park,IL,0.0,0,0.0,1
2026-03-09 12:13:33,"0211 - Loves Park, IL",Unlead,Loves Park,IL,20.0,0,0.0,1
2026-03-09 12:13:33,"0225 - Princeton, IL",Diesel,Princeton,IL,151.0,0,0.0,4
2026-03-09 12:13:33,"0225 - Princeton, IL",Unlead,Princeton,IL,27.0,0,0.0,2
2026-03-09 12:13:33,"0226 - Greenwood, IN",Diesel,Greenwood,IN,48.0,0,0.0,2
2026-03-09 12:13:33,"0226 - Greenwood, IN",Unlead,Greenwood,IN,56.0,0,0.0,2
2026-03-09 12:13:33,"0235 - Hampshire, IL",Diesel,Hampshire,IL,370.0,0,0.0,2
2026-03-09 12:13:33,"0235 - Hampshire, IL",Unlead,Hampshire,IL,69.0,0,0.0,2
2026-03-09 12:13:33,"0236 - East Troy, WI",Diesel,East Troy,WI,0.0,0,0.0,2
2026-03-09 12:13:33,"0236 - East Troy, WI",Unlead,East Troy,WI,0.0,0,0.0,1
2026-03-09 12:13:33,"0240 - Lake Station, IN",Diesel,Lake Station,IN,31.0,0,0.0,5
2026-03-09 12:13:33,"0240 - Lake Station, IN",Unlead,Lake Station,IN,40.0,0,0.0,2
2026-03-09 12:13:33,"0242 - St Robert, MO",Diesel,St Robert,MO,0.0,0,0.0,4
2026-03-09 12:13:33,"0263 - Ottawa, IL",Diesel,Ottawa,IL,46.0,0,0.0,3
2026-03-09 12:13:33,"0263 - Ottawa, IL",Unlead,Ottawa,IL,109.0,0,0.0,1
2026-03-09 12:13:33,"0265 - Dixon, IL",Diesel,Dixon,IL,310.6110000000008,0,0.0,3
2026-03-09 12:13:33,"0265 - Dixon, IL",Unlead,Dixon,IL,21.6770000000015,0,0.0,1
2026-03-09 12:13:33,"0266 - New Berlin, IL",Diesel,New Berlin,IL,95.0,0,0.0,3
2026-03-09 12:13:33,"0266 - New Berlin, IL",Unlead,New Berlin,IL,26.426399999999376,0,0.0,1
2026-03-09 12:13:33,"0267 - Pharr, TX",Diesel,Pharr,TX,12.0,2,5268.0,4
2026-03-09 12:13:33,"0267 - Pharr, TX",Unlead,Pharr,TX,64.0,0,0.0,1
2026-03-09 12:13:33,"0268 - Grayville, IL",Diesel,Grayville,IL,5.0,0,0.0,3
2026-03-09 12:13:33,"0268 - Grayville, IL",Unlead,Grayville,IL,25.0,0,0.0,1
2026-03-09 12:13:33,"0269 - Marshall, IL",Diesel,Marshall,IL,205.0,0,0.0,3
2026-03-09 12:13:33,"0269 - Marshall, IL",Unlead,Marshall,IL,79.0,0,0.0,1
2026-03-09 12:13:33,"0270 - Moore, TX",Diesel,Moore,TX,23.0,0,0.0,3
2026-03-09 12:13:33,"0270 - Moore, TX",Unlead,Moore,TX,99.0,0,0.0,1
2026-03-09 12:13:33,"0271 - Odessa, TX",Diesel,Odessa,TX,209.89050000000134,0,0.0,3
2026-03-09 12:13:33,"0271 - Odessa, TX",Unlead,Odessa,TX,54.80460000000039,0,0.0,1
2026-03-09 12:13:33,"0272 - Encinal, TX",Diesel,Encinal,TX,261.8770000000022,0,0.0,3
2026-03-09 12:13:33,"0272 - Encinal, TX",Unlead,Encinal,TX,59.85699999999997,0,0.0,1
2026-03-09 12:13:33,"0273 - Combes, TX",Diesel,Combes,TX,95.80839999999989,0,0.0,3
2026-03-09 12:13:33,"0273 - Combes, TX",Unlead,Combes,TX,81.88899999999921,0,0.0,1
2026-03-09 12:13:33,"0275 - Sonora, TX",Diesel,Sonora,TX,36.930999999998676,0,0.0,3
2026-03-09 12:13:33,"0275 - Sonora, TX",Unlead,Sonora,TX,26.88090000000011,0,0.0,1
2026-03-09 12:13:33,"0276 - Waco, TX",Diesel,Waco,TX,97.37699999999859,0,0.0,3
2026-03-09 12:13:33,"0276 - Waco, TX",Unlead,Waco,TX,56.50300000000061,0,0.0,1
2026-03-09 12:13:33,"0277 - New Boston, TX",Diesel,New Boston,TX,178.26699999999983,0,0.0,3
2026-03-09 12:13:33,"0277 - New Boston, TX",Unlead,New Boston,TX,44.63879999999972,0,0.0,1
2026-03-09 12:13:33,"0278 - Brinkley, AR",Diesel,Brinkley,AR,13.686999999999898,0,0.0,3
2026-03-09 12:13:33,"0278 - Brinkley, AR",Unlead,Brinkley,AR,64.48779999999988,0,0.0,1
2026-03-09 12:13:33,"0279 - Marion, IL",Diesel,Marion,IL,40.594999999999345,0,0.0,3
2026-03-09 12:13:33,"0279 - Marion, IL",Unlead,Marion,IL,68.84639999999945,0,0.0,1
2026-03-09 12:13:33,"0280 - Monahans, TX",Diesel,Monahans,TX,152.58399999999892,0,0.0,3
2026-03-09 12:13:33,"0280 - Monahans, TX",Unlead,Monahans,TX,11.708999999998923,0,0.0,1
2026-03-09 12:13:33,"0281 - Cisco, TX",Diesel,Cisco,TX,50.60900000000038,0,0.0,3
2026-03-09 12:13:33,"0281 - Cisco, TX",Unlead,Cisco,TX,43.16500000000087,0,0.0,1
2026-03-09 12:13:33,"0282 - Gainesville, TX",Diesel,Gainesville,TX,0.0,0,0.0,3
2026-03-09 12:13:33,"0282 - Gainesville, TX",Unlead,Gainesville,TX,54.375,0,0.0,1
2026-03-09 12:13:33,"0283 - Sealy, TX",Diesel,Sealy,TX,30.75300000000061,0,0.0,3
2026-03-09 12:13:33,"0283 - Sealy, TX",Unlead,Sealy,TX,23.40899999999965,0,0.0,1
2026-03-09 12:13:33,"0284 - New Deal, TX",Diesel,New Deal,TX,84.88689999999951,0,0.0,3
2026-03-09 12:13:33,"0284 - New Deal, TX",Unlead,New Deal,TX,76.4880000000012,0,0.0,1
2026-03-09 12:13:33,"0285 - Seguin, TX",Diesel,Seguin,TX,272.67399999999907,0,0.0,3
2026-03-09 12:13:33,"0285 - Seguin, TX",Unlead,Seguin,TX,72.72599999999875,0,0.0,1
2026-03-09 12:13:33,"0286 - Amarillo, TX",Diesel,Amarillo,TX,186.38000000000102,0,0.0,3
2026-03-09 12:13:33,"0286 - Amarillo, TX",Unlead,Amarillo,TX,23.976999999998952,0,0.0,1
2026-03-09 12:13:33,"0287 - Burbonnais, IL",Diesel,Burbonnais,IL,0.0,0,0.0,3
2026-03-09 12:13:33,"0287 - Burbonnais, IL",Unlead,Burbonnais,IL,92.25299999999879,0,0.0,1
2026-03-09 12:13:33,"0289 - Teague, TX",Diesel,Teague,TX,126.50699999999779,0,0.0,3
2026-03-09 12:13:33,"0289 - Teague, TX",Unlead,Teague,TX,111.09060000000045,0,0.0,1
2026-03-09 12:13:33,"0290 - Joplin, MO",Diesel,Joplin,MO,9.94000000000051,0,0.0,3
2026-03-09 12:13:33,"0290 - Joplin, MO",Unlead,Joplin,MO,35.6880000000001,0,0.0,1
2026-03-09 12:13:33,"0312 - Vidor, TX",Diesel,Vidor,TX,0.0,0,0.0,3
2026-03-09 12:13:33,"0312 - Vidor, TX",Unlead,Vidor,TX,32.60500000000138,0,0.0,1
2026-03-09 12:13:33,"0315 - Laredo, TX",Diesel,Laredo,TX,57.01800000000003,0,0.0,3
2026-03-09 12:13:33,"0315 - Laredo, TX",Unlead,Laredo,TX,65.40600000000086,0,0.0,1
2026-03-09 12:13:33,"0319 - Milford, TX",Diesel,Milford,TX,0.0,0,0.0,3
2026-03-09 12:13:33,"0319 - Milford, TX",Unlead,Milford,TX,24.66900000000078,0,0.0,1
2026-03-09 12:13:33,"0323 - Canton, TX",Diesel,Canton,TX,12.708999999998923,0,0.0,3
2026-03-09 12:13:33,"0323 - Canton, TX",Unlead,Canton,TX,83.76299999999901,0,0.0,1
2026-03-09 12:28:37,"0118 - Springfield, IL",Diesel,Springfield,IL,0.0,0,0.0,3
2026-03-09 12:28:37,"0118 - Springfield, IL",Unlead,Springfield,IL,3.0,0,0.0,1
2026-03-09 12:28:37,"0132 - Champaign, IL",Diesel,Champaign,IL,52.386600000001636,0,0.0,3
2026-03-09 12:28:37,"0132 - Champaign, IL",Unlead,Champaign,IL,53.850000000000364,0,0.0,1
2026-03-09 12:28:37,"0136 - Cottage Grove, WI",Diesel,Cottage Grove,WI,0.0,0,0.0,2
2026-03-09 12:28:37,"0136 - Cottage Grove, WI",Unlead,Cottage Grove,WI,20.66899999999987,0,0.0,1
2026-03-09 12:28:37,"0139 - Tuscola, IL",Diesel,Tuscola,IL,0.0,0,0.0,1
2026-03-09 12:28:37,"0139 - Tuscola, IL",Unlead,Tuscola,IL,64.0,0,0.0,2
2026-03-09 12:28:37,"0140 - Mendota, IL",Diesel,Mendota,IL,82.0,0,0.0,2
2026-03-09 12:28:37,"0140 - Mendota, IL",Unlead,Mendota,IL,101.0,0,0.0,2
2026-03-09 12:28:37,"0141 - Brazil, IN",Diesel,Brazil,IN,21.797999999999774,0,0.0,4
2026-03-09 12:28:37,"0141 - Brazil, IN",Unlead,Brazil,IN,55.0,0,0.0,1
2026-03-09 12:28:37,"0144 - Elk Run Height, IA",Diesel,Elk Run Height,IA,266.0,0,0.0,4
2026-03-09 12:28:37,"0144 - Elk Run Height, IA",Unlead,Elk Run Height,IA,32.712900000000445,0,0.0,2
2026-03-09 12:28:37,"0145 - Fenton, MO",Diesel,Fenton,MO,221.0,0,0.0,2
2026-03-09 12:28:37,"0145 - Fenton, MO",Unlead,Fenton,MO,3.0,0,0.0,1
2026-03-09 12:28:37,"0157 - Okawville, IL",Diesel,Okawville,IL,124.0,0,0.0,3
2026-03-09 12:28:37,"0157 - Okawville, IL",Unlead,Okawville,IL,51.806000000000495,0,0.0,1
2026-03-09 12:28:37,"0181 - Springfield, IL",Diesel,Springfield,IL,105.65539999999964,0,0.0,3
2026-03-09 12:28:37,"0181 - Springfield, IL",Unlead,Springfield,IL,36.664999999999054,0,0.0,1
2026-03-09 12:28:37,"0185 - McLean, IL",Diesel,McLean,IL,118.85700000000179,0,0.0,4
2026-03-09 12:28:37,"0185 - McLean, IL",Unlead,McLean,IL,90.38480000000072,0,0.0,1
2026-03-09 12:28:37,"0186 - Minonk, IL",Diesel,Minonk,IL,0.0,0,0.0,3
2026-03-09 12:28:37,"0186 - Minonk, IL",Unlead,Minonk,IL,20.13670000000002,0,0.0,1
2026-03-09 12:28:37,"0187 - Chicago, IL",Diesel,Chicago,IL,54.0,0,0.0,3
2026-03-09 12:28:37,"0187 - Chicago, IL",Unlead,Chicago,IL,44.16160000000036,0,0.0,1
2026-03-09 12:28:37,"0203 - Rockford, IL",Diesel,Rockford,IL,0.0,0,0.0,1
2026-03-09 12:28:37,"0203 - Rockford, IL",Unlead,Rockford,IL,11.563999999998487,0,0.0,1
2026-03-09 12:28:37,"0205 - South Beloit, IL",Diesel,South Beloit,IL,0.0,0,0.0,3
2026-03-09 12:28:37,"0205 - South Beloit, IL",Unlead,South Beloit,IL,13.0,0,0.0,1
2026-03-09 12:28:37,"0206 - Winnebago, IL",Diesel,Winnebago,IL,154.0,0,0.0,1
2026-03-09 12:28:37,"0206 - Winnebago, IL",Unlead,Winnebago,IL,121.0,0,0.0,1
2026-03-09 12:28:37,"0209 - Oakdale, WI",Diesel,Oakdale,WI,0.0,0,0.0,3
2026-03-09 12:28:37,"0209 - Oakdale, WI",Unlead,Oakdale,WI,54.0,0,0.0,1
2026-03-09 12:28:37,"0210 - Rochelle, IL",Diesel,Rochelle,IL,214.0,0,0.0,3
2026-03-09 12:28:37,"0210 - Rochelle, IL",Unlead,Rochelle,IL,71.0,0,0.0,1
2026-03-09 12:28:37,"0211 - Loves Park, IL",Diesel,Loves Park,IL,162.0,0,0.0,1
2026-03-09 12:28:37,"0211 - Loves Park, IL",Unlead,Loves Park,IL,20.0,0,0.0,1
2026-03-09 12:28:37,"0225 - Princeton, IL",Diesel,Princeton,IL,174.0,0,0.0,4
2026-03-09 12:28:37,"0225 - Princeton, IL",Unlead,Princeton,IL,0.0,0,0.0,2
2026-03-09 12:28:37,"0226 - Greenwood, IN",Diesel,Greenwood,IN,78.0,0,0.0,2
2026-03-09 12:28:37,"0226 - Greenwood, IN",Unlead,Greenwood,IN,59.0,0,0.0,2
2026-03-09 12:28:37,"0235 - Hampshire, IL",Diesel,Hampshire,IL,27.0,0,0.0,2
2026-03-09 12:28:37,"0235 - Hampshire, IL",Unlead,Hampshire,IL,38.0,0,0.0,2
2026-03-09 12:28:37,"0236 - East Troy, WI",Diesel,East Troy,WI,0.0,0,0.0,2
2026-03-09 12:28:37,"0236 - East Troy, WI",Unlead,East Troy,WI,6.0,0,0.0,1
2026-03-09 12:28:37,"0240 - Lake Station, IN",Diesel,Lake Station,IN,38.0,0,0.0,5
2026-03-09 12:28:37,"0240 - Lake Station, IN",Unlead,Lake Station,IN,22.0,0,0.0,2
2026-03-09 12:28:37,"0242 - St Robert, MO",Diesel,St Robert,MO,310.52399999999943,0,0.0,4
2026-03-09 12:28:37,"0263 - Ottawa, IL",Diesel,Ottawa,IL,26.0,0,0.0,3
2026-03-09 12:28:37,"0263 - Ottawa, IL",Unlead,Ottawa,IL,80.0,0,0.0,1
2026-03-09 12:28:37,"0265 - Dixon, IL",Diesel,Dixon,IL,102.96299999999974,0,0.0,3
2026-03-09 12:28:37,"0265 - Dixon, IL",Unlead,Dixon,IL,10.917999999999665,0,0.0,1
2026-03-09 12:28:37,"0266 - New Berlin, IL",Diesel,New Berlin,IL,22.0,0,0.0,3
2026-03-09 12:28:37,"0266 - New Berlin, IL",Unlead,New Berlin,IL,24.42960000000039,0,0.0,1
2026-03-09 12:28:37,"0267 - Pharr, TX",Diesel,Pharr,TX,47.0,1,1154.0,4
2026-03-09 12:28:37,"0267 - Pharr, TX",Unlead,Pharr,TX,12.0,0,0.0,1
2026-03-09 12:28:37,"0268 - Grayville, IL",Diesel,Grayville,IL,25.0,0,0.0,3
2026-03-09 12:28:37,"0268 - Grayville, IL",Unlead,Grayville,IL,11.0,0,0.0,1
2026-03-09 12:28:37,"0269 - Marshall, IL",Diesel,Marshall,IL,91.0,0,0.0,3
2026-03-09 12:28:37,"0269 - Marshall, IL",Unlead,Marshall,IL,34.0,0,0.0,1
2026-03-09 12:28:37,"0270 - Moore, TX",Diesel,Moore,TX,6.0,0,0.0,3
2026-03-09 12:28:37,"0270 - Moore, TX",Unlead,Moore,TX,43.0,0,0.0,1
2026-03-09 12:28:37,"0271 - Odessa, TX",Diesel,Odessa,TX,5.389000000001033,0,0.0,3
2026-03-09 12:28:37,"0271 - Odessa, TX",Unlead,Odessa,TX,33.780399999999645,0,0.0,1
2026-03-09 12:28:37,"0272 - Encinal, TX",Diesel,Encinal,TX,103.99099999999817,0,0.0,3
2026-03-09 12:28:37,"0272 - Encinal, TX",Unlead,Encinal,TX,83.05199999999968,0,0.0,1
2026-03-09 12:28:37,"0273 - Combes, TX",Diesel,Combes,TX,0.0,0,0.0,3
2026-03-09 12:28:37,"0273 - Combes, TX",Unlead,Combes,TX,108.02300000000105,0,0.0,1
2026-03-09 12:28:37,"0275 - Sonora, TX",Diesel,Sonora,TX,133.35649999999987,0,0.0,3
2026-03-09 12:28:37,"0275 - Sonora, TX",Unlead,Sonora,TX,45.353000000000065,0,0.0,1
2026-03-09 12:28:37,"0276 - Waco, TX",Diesel,Waco,TX,97.59450000000106,0,0.0,3
2026-03-09 12:28:37,"0276 - Waco, TX",Unlead,Waco,TX,33.60999999999876,0,0.0,1
2026-03-09 12:28:37,"0277 - New Boston, TX",Diesel,New Boston,TX,115.18299999999908,0,0.0,3
2026-03-09 12:28:37,"0277 - New Boston, TX",Unlead,New Boston,TX,47.70600000000013,0,0.0,1
2026-03-09 12:28:37,"0278 - Brinkley, AR",Diesel,Brinkley,AR,394.15999999999985,0,0.0,3
2026-03-09 12:28:37,"0278 - Brinkley, AR",Unlead,Brinkley,AR,21.454600000000028,0,0.0,1
2026-03-09 12:28:37,"0279 - Marion, IL",Diesel,Marion,IL,55.80450000000201,0,0.0,3
2026-03-09 12:28:37,"0279 - Marion, IL",Unlead,Marion,IL,79.77760000000035,0,0.0,1
2026-03-09 12:28:37,"0280 - Monahans, TX",Diesel,Monahans,TX,66.86669999999867,0,0.0,3
2026-03-09 12:28:37,"0280 - Monahans, TX",Unlead,Monahans,TX,103.90099999999984,0,0.0,1
2026-03-09 12:28:37,"0281 - Cisco, TX",Diesel,Cisco,TX,287.21200000000135,0,0.0,3
2026-03-09 12:28:37,"0281 - Cisco, TX",Unlead,Cisco,TX,31.94499999999971,0,0.0,1
2026-03-09 12:28:37,"0282 - Gainesville, TX",Diesel,Gainesville,TX,166.17099999999846,0,0.0,3
2026-03-09 12:28:37,"0282 - Gainesville, TX",Unlead,Gainesville,TX,79.77200000000084,0,0.0,1
2026-03-09 12:28:37,"0283 - Sealy, TX",Diesel,Sealy,TX,10.166999999999462,0,0.0,3
2026-03-09 12:28:37,"0283 - Sealy, TX",Unlead,Sealy,TX,0.0,0,0.0,1
2026-03-09 12:28:37,"0284 - New Deal, TX",Diesel,New Deal,TX,31.675000000000182,1,591.8290999999999,3
2026-03-09 12:28:37,"0284 - New Deal, TX",Unlead,New Deal,TX,175.1849999999995,0,0.0,1
2026-03-09 12:28:37,"0285 - Seguin, TX",Diesel,Seguin,TX,290.47599999999875,0,0.0,3
2026-03-09 12:28:37,"0285 - Seguin, TX",Unlead,Seguin,TX,0.0,0,0.0,1
2026-03-09 12:28:37,"0286 - Amarillo, TX",Diesel,Amarillo,TX,0.0,2,5141.035,3
2026-03-09 12:28:37,"0286 - Amarillo, TX",Unlead,Amarillo,TX,22.597999999999956,0,0.0,1
2026-03-09 12:28:37,"0287 - Burbonnais, IL",Diesel,Burbonnais,IL,0.0,0,0.0,3
2026-03-09 12:28:37,"0287 - Burbonnais, IL",Unlead,Burbonnais,IL,71.57800000000134,0,0.0,1
2026-03-09 12:28:37,"0289 - Teague, TX",Diesel,Teague,TX,129.25400000000263,0,0.0,3
2026-03-09 12:28:37,"0289 - Teague, TX",Unlead,Teague,TX,58.998999999999796,0,0.0,1
2026-03-09 12:28:37,"0290 - Joplin, MO",Diesel,Joplin,MO,16.061999999999898,0,0.0,3
2026-03-09 12:28:37,"0290 - Joplin, MO",Unlead,Joplin,MO,33.40399999999863,0,0.0,1
2026-03-09 12:28:37,"0312 - Vidor, TX",Diesel,Vidor,TX,0.0,0,0.0,3
2026-03-09 12:28:37,"0312 - Vidor, TX",Unlead,Vidor,TX,51.22899999999936,0,0.0,1
2026-03-09 12:28:37,"0315 - Laredo, TX",Diesel,Laredo,TX,18.93000000000029,0,0.0,3
2026-03-09 12:28:37,"0315 - Laredo, TX",Unlead,Laredo,TX,5.727999999999156,0,0.0,1
2026-03-09 12:28:37,"0319 - Milford, TX",Diesel,Milford,TX,76.16499999999905,0,0.0,3
2026-03-09 12:28:37,"0319 - Milford, TX",Unlead,Milford,TX,43.99119999999948,0,0.0,1
2026-03-09 12:28:37,"0323 - Canton, TX",Diesel,Canton,TX,23.611000000000786,0,0.0,3
2026-03-09 12:28:37,"0323 - Canton, TX",Unlead,Canton,TX,54.685999999999694,0,0.0,1
2026-03-09 12:43:42,"0118 - Springfield, IL",Diesel,Springfield,IL,0.0,0,0.0,3
2026-03-09 12:43:42,"0118 - Springfield, IL",Unlead,Springfield,IL,15.0,0,0.0,1
2026-03-09 12:43:42,"0132 - Champaign, IL",Diesel,Champaign,IL,265.6200000000008,0,0.0,3
2026-03-09 12:43:42,"0132 - Champaign, IL",Unlead,Champaign,IL,90.6919999999991,0,0.0,1
2026-03-09 12:43:42,"0136 - Cottage Grove, WI",Diesel,Cottage Grove,WI,183.10599999999977,0,0.0,2
2026-03-09 12:43:42,"0136 - Cottage Grove, WI",Unlead,Cottage Grove,WI,44.87800000000061,0,0.0,1
2026-03-09 12:43:42,"0139 - Tuscola, IL",Diesel,Tuscola,IL,119.0,0,0.0,1
2026-03-09 12:43:42,"0139 - Tuscola, IL",Unlead,Tuscola,IL,13.0,0,0.0,2
2026-03-09 12:43:42,"0140 - Mendota, IL",Diesel,Mendota,IL,0.0,0,0.0,2
2026-03-09 12:43:42,"0140 - Mendota, IL",Unlead,Mendota,IL,64.0,0,0.0,2
2026-03-09 12:43:42,"0141 - Brazil, IN",Diesel,Brazil,IN,17.587499999999636,0,0.0,4
2026-03-09 12:43:42,"0141 - Brazil, IN",Unlead,Brazil,IN,27.0,0,0.0,1
2026-03-09 12:43:42,"0144 - Elk Run Height, IA",Diesel,Elk Run Height,IA,12.0,0,0.0,4
2026-03-09 12:43:42,"0144 - Elk Run Height, IA",Unlead,Elk Run Height,IA,0.0,0,0.0,2
2026-03-09 12:43:42,"0145 - Fenton, MO",Diesel,Fenton,MO,310.0,0,0.0,2
2026-03-09 12:43:42,"0145 - Fenton, MO",Unlead,Fenton,MO,15.0,0,0.0,1
2026-03-09 12:43:42,"0157 - Okawville, IL",Diesel,Okawville,IL,0.0,0,0.0,3
2026-03-09 12:43:42,"0157 - Okawville, IL",Unlead,Okawville,IL,12.667699999999968,0,0.0,1
2026-03-09 12:43:42,"0181 - Springfield, IL",Diesel,Springfield,IL,70.04219999999896,0,0.0,3
2026-03-09 12:43:42,"0181 - Springfield, IL",Unlead,Springfield,IL,68.79100000000108,0,0.0,1
2026-03-09 12:43:42,"0185 - McLean, IL",Diesel,McLean,IL,226.40599999999904,0,0.0,4
2026-03-09 12:43:42,"0185 - McLean, IL",Unlead,McLean,IL,70.35669999999936,0,0.0,1
2026-03-09 12:43:42,"0186 - Minonk, IL",Diesel,Minonk,IL,250.14900000000125,0,0.0,3
2026-03-09 12:43:42,"0186 - Minonk, IL",Unlead,Minonk,IL,8.624099999999999,0,0.0,1
2026-03-09 12:43:42,"0187 - Chicago, IL",Diesel,Chicago,IL,0.0,0,0.0,3
2026-03-09 12:43:42,"0187 - Chicago, IL",Unlead,Chicago,IL,10.53399999999965,0,0.0,1
2026-03-09 12:43:42,"0203 - Rockford, IL",Diesel,Rockford,IL,0.0,0,0.0,1
2026-03-09 12:43:42,"0203 - Rockford, IL",Unlead,Rockford,IL,45.46200000000135,0,0.0,1
2026-03-09 12:43:42,"0205 - South Beloit, IL",Diesel,South Beloit,IL,0.0,0,0.0,3
2026-03-09 12:43:42,"0205 - South Beloit, IL",Unlead,South Beloit,IL,13.0,0,0.0,1
2026-03-09 12:43:42,"0206 - Winnebago, IL",Diesel,Winnebago,IL,0.0,0,0.0,1
2026-03-09 12:43:42,"0206 - Winnebago, IL",Unlead,Winnebago,IL,73.0,0,0.0,1
2026-03-09 12:43:42,"0209 - Oakdale, WI",Diesel,Oakdale,WI,0.0,0,0.0,3
2026-03-09 12:43:42,"0209 - Oakdale, WI",Unlead,Oakdale,WI,66.0,0,0.0,1
2026-03-09 12:43:42,"0210 - Rochelle, IL",Diesel,Rochelle,IL,101.0,0,0.0,3
2026-03-09 12:43:42,"0210 - Rochelle, IL",Unlead,Rochelle,IL,40.0,0,0.0,1
2026-03-09 12:43:42,"0211 - Loves Park, IL",Diesel,Loves Park,IL,79.0,0,0.0,1
2026-03-09 12:43:42,"0211 - Loves Park, IL",Unlead,Loves Park,IL,53.0,0,0.0,1
2026-03-09 12:43:42,"0225 - Princeton, IL",Diesel,Princeton,IL,40.0,0,0.0,4
2026-03-09 12:43:42,"0225 - Princeton, IL",Unlead,Princeton,IL,13.0,0,0.0,2
2026-03-09 12:43:42,"0226 - Greenwood, IN",Diesel,Greenwood,IN,69.0,0,0.0,2
2026-03-09 12:43:42,"0226 - Greenwood, IN",Unlead,Greenwood,IN,20.0,0,0.0,2
2026-03-09 12:43:42,"0235 - Hampshire, IL",Diesel,Hampshire,IL,109.0,0,0.0,2
2026-03-09 12:43:42,"0235 - Hampshire, IL",Unlead,Hampshire,IL,72.0,0,0.0,2
2026-03-09 12:43:42,"0236 - East Troy, WI",Diesel,East Troy,WI,0.0,0,0.0,2
2026-03-09 12:43:42,"0236 - East Troy, WI",Unlead,East Troy,WI,0.0,0,0.0,1
2026-03-09 12:43:42,"0240 - Lake Station, IN",Diesel,Lake Station,IN,566.0,1,485.0,5
2026-03-09 12:43:42,"0240 - Lake Station, IN",Unlead,Lake Station,IN,13.0,0,0.0,2
2026-03-09 12:43:42,"0242 - St Robert, MO",Diesel,St Robert,MO,131.0689999999995,0,0.0,4
2026-03-09 12:43:42,"0263 - Ottawa, IL",Diesel,Ottawa,IL,0.0,0,0.0,3
2026-03-09 12:43:42,"0263 - Ottawa, IL",Unlead,Ottawa,IL,76.0,0,0.0,1
2026-03-09 12:43:42,"0265 - Dixon, IL",Diesel,Dixon,IL,0.0,0,0.0,3
2026-03-09 12:43:42,"0265 - Dixon, IL",Unlead,Dixon,IL,45.8130000000001,0,0.0,1
2026-03-09 12:43:42,"0266 - New Berlin, IL",Diesel,New Berlin,IL,160.0,0,0.0,3
2026-03-09 12:43:42,"0266 - New Berlin, IL",Unlead,New Berlin,IL,59.33939999999984,0,0.0,1
2026-03-09 12:43:42,"0267 - Pharr, TX",Diesel,Pharr,TX,829.0,0,0.0,4
2026-03-09 12:43:42,"0267 - Pharr, TX",Unlead,Pharr,TX,22.0,0,0.0,1
2026-03-09 12:43:42,"0268 - Grayville, IL",Diesel,Grayville,IL,0.0,0,0.0,3
2026-03-09 12:43:42,"0268 - Grayville, IL",Unlead,Grayville,IL,37.0,0,0.0,1
2026-03-09 12:43:42,"0269 - Marshall, IL",Diesel,Marshall,IL,38.0,0,0.0,3
2026-03-09 12:43:42,"0269 - Marshall, IL",Unlead,Marshall,IL,9.0,0,0.0,1
2026-03-09 12:43:42,"0270 - Moore, TX",Diesel,Moore,TX,25.0,0,0.0,3
2026-03-09 12:43:42,"0270 - Moore, TX",Unlead,Moore,TX,59.0,0,0.0,1
2026-03-09 12:43:42,"0271 - Odessa, TX",Diesel,Odessa,TX,83.29999999999927,0,0.0,3
2026-03-09 12:43:42,"0271 - Odessa, TX",Unlead,Odessa,TX,28.850000000000364,0,0.0,1
2026-03-09 12:43:42,"0272 - Encinal, TX",Diesel,Encinal,TX,287.34100000000217,0,0.0,3
2026-03-09 12:43:42,"0272 - Encinal, TX",Unlead,Encinal,TX,74.52900000000045,0,0.0,1
2026-03-09 12:43:42,"0273 - Combes, TX",Diesel,Combes,TX,81.17249999999967,0,0.0,3
2026-03-09 12:43:42,"0273 - Combes, TX",Unlead,Combes,TX,62.17100000000028,0,0.0,1
2026-03-09 12:43:42,"0275 - Sonora, TX",Diesel,Sonora,TX,0.0,0,0.0,3
2026-03-09 12:43:42,"0275 - Sonora, TX",Unlead,Sonora,TX,63.78650000000016,0,0.0,1
2026-03-09 12:43:42,"0276 - Waco, TX",Diesel,Waco,TX,154.73049999999785,0,0.0,3
2026-03-09 12:43:42,"0276 - Waco, TX",Unlead,Waco,TX,51.4320000000007,0,0.0,1
2026-03-09 12:43:42,"0277 - New Boston, TX",Diesel,New Boston,TX,0.0,0,0.0,3
2026-03-09 12:43:42,"0277 - New Boston, TX",Unlead,New Boston,TX,84.55029999999988,0,0.0,1
2026-03-09 12:43:42,"0278 - Brinkley, AR",Diesel,Brinkley,AR,356.03199999999924,0,0.0,3
2026-03-09 12:43:42,"0278 - Brinkley, AR",Unlead,Brinkley,AR,51.299299999999675,0,0.0,1
2026-03-09 12:43:42,"0279 - Marion, IL",Diesel,Marion,IL,0.0,0,0.0,3
2026-03-09 12:43:42,"0279 - Marion, IL",Unlead,Marion,IL,59.03740000000016,0,0.0,1
2026-03-09 12:43:42,"0280 - Monahans, TX",Diesel,Monahans,TX,75.11100000000079,0,0.0,3
2026-03-09 12:43:42,"0280 - Monahans, TX",Unlead,Monahans,TX,33.39100000000144,0,0.0,1
2026-03-09 12:43:42,"0281 - Cisco, TX",Diesel,Cisco,TX,58.870999999999185,0,0.0,3
2026-03-09 12:43:42,"0281 - Cisco, TX",Unlead,Cisco,TX,104.6939999999995,0,0.0,1
2026-03-09 12:43:42,"0282 - Gainesville, TX",Diesel,Gainesville,TX,161.02999999999884,0,0.0,3
2026-03-09 12:43:42,"0282 - Gainesville, TX",Unlead,Gainesville,TX,15.5,0,0.0,1
2026-03-09 12:43:42,"0283 - Sealy, TX",Diesel,Sealy,TX,139.95600000000195,0,0.0,3
2026-03-09 12:43:42,"0283 - Sealy, TX",Unlead,Sealy,TX,15.012000000000626,0,0.0,1
2026-03-09 12:43:42,"0284 - New Deal, TX",Diesel,New Deal,TX,26.829600000000028,1,3031.2113999999992,3
2026-03-09 12:43:42,"0284 - New Deal, TX",Unlead,New Deal,TX,73.13900000000012,0,0.0,1
2026-03-09 12:43:42,"0285 - Seguin, TX",Diesel,Seguin,TX,301.4899999999998,0,0.0,3
2026-03-09 12:43:42,"0285 - Seguin, TX",Unlead,Seguin,TX,6.056000000000495,0,0.0,1
2026-03-09 12:43:42,"0286 - Amarillo, TX",Diesel,Amarillo,TX,0.0,2,2423.224,3
2026-03-09 12:43:42,"0286 - Amarillo, TX",Unlead,Amarillo,TX,12.471000000001368,0,0.0,1
2026-03-09 12:43:42,"0287 - Burbonnais, IL",Diesel,Burbonnais,IL,36.01199999999881,0,0.0,3
2026-03-09 12:43:42,"0287 - Burbonnais, IL",Unlead,Burbonnais,IL,22.487999999999374,0,0.0,1
2026-03-09 12:43:42,"0289 - Teague, TX",Diesel,Teague,TX,103.51699999999983,0,0.0,3
2026-03-09 12:43:42,"0289 - Teague, TX",Unlead,Teague,TX,79.83899999999994,0,0.0,1
2026-03-09 12:43:42,"0290 - Joplin, MO",Diesel,Joplin,MO,66.68849999999838,0,0.0,3
2026-03-09 12:43:42,"0290 - Joplin, MO",Unlead,Joplin,MO,0.0,0,0.0,1
2026-03-09 12:43:42,"0312 - Vidor, TX",Diesel,Vidor,TX,290.4950000000008,0,0.0,3
2026-03-09 12:43:42,"0312 - Vidor, TX",Unlead,Vidor,TX,114.98600000000079,0,0.0,1
2026-03-09 12:43:42,"0315 - Laredo, TX",Diesel,Laredo,TX,22.01299999999901,0,0.0,3
2026-03-09 12:43:42,"0315 - Laredo, TX",Unlead,Laredo,TX,30.52400000000125,0,0.0,1
2026-03-09 12:43:42,"0319 - Milford, TX",Diesel,Milford,TX,69.07599999999911,0,0.0,3
2026-03-09 12:43:42,"0319 - Milford, TX",Unlead,Milford,TX,112.8177999999998,0,0.0,1
2026-03-09 12:43:42,"0323 - Canton, TX",Diesel,Canton,TX,85.1720000000023,0,0.0,3
2026-03-09 12:43:42,"0323 - Canton, TX",Unlead,Canton,TX,79.07400000000052,0,0.0,1
2026-03-09 12:58:49,"0118 - Springfield, IL",Diesel,Springfield,IL,0.0,0,0.0,3
2026-03-09 12:58:49,"0118 - Springfield, IL",Unlead,Springfield,IL,19.0,0,0.0,1
2026-03-09 12:58:49,"0132 - Champaign, IL",Diesel,Champaign,IL,185.6283999999996,0,0.0,3
2026-03-09 12:58:49,"0132 - Champaign, IL",Unlead,Champaign,IL,12.02850000000035,0,0.0,1
2026-03-09 12:58:49,"0136 - Cottage Grove, WI",Diesel,Cottage Grove,WI,8.336999999999534,0,0.0,2
2026-03-09 12:58:49,"0136 - Cottage Grove, WI",Unlead,Cottage Grove,WI,24.031999999999243,0,0.0,1
2026-03-09 12:58:49,"0139 - Tuscola, IL",Diesel,Tuscola,IL,20.0,0,0.0,1
2026-03-09 12:58:49,"0139 - Tuscola, IL",Unlead,Tuscola,IL,42.0,0,0.0,2
2026-03-09 12:58:49,"0140 - Mendota, IL",Diesel,Mendota,IL,0.0,0,0.0,2
2026-03-09 12:58:49,"0140 - Mendota, IL",Unlead,Mendota,IL,61.0,0,0.0,2
2026-03-09 12:58:49,"0141 - Brazil, IN",Diesel,Brazil,IN,0.0,0,0.0,4
2026-03-09 12:58:49,"0141 - Brazil, IN",Unlead,Brazil,IN,0.0,0,0.0,1
2026-03-09 12:58:49,"0144 - Elk Run Height, IA",Diesel,Elk Run Height,IA,118.0,0,0.0,4
2026-03-09 12:58:49,"0144 - Elk Run Height, IA",Unlead,Elk Run Height,IA,16.80670000000009,0,0.0,2
2026-03-09 12:58:49,"0145 - Fenton, MO",Diesel,Fenton,MO,205.0,0,0.0,2
2026-03-09 12:58:49,"0145 - Fenton, MO",Unlead,Fenton,MO,55.0,0,0.0,1
2026-03-09 12:58:49,"0157 - Okawville, IL",Diesel,Okawville,IL,0.0,0,0.0,3
2026-03-09 12:58:49,"0157 - Okawville, IL",Unlead,Okawville,IL,26.36030000000028,0,0.0,1
2026-03-09 12:58:49,"0181 - Springfield, IL",Diesel,Springfield,IL,119.49370000000181,0,0.0,3
2026-03-09 12:58:49,"0181 - Springfield, IL",Unlead,Springfield,IL,33.69499999999971,0,0.0,1
2026-03-09 12:58:49,"0185 - McLean, IL",Diesel,McLean,IL,123.45300000000134,0,0.0,4
2026-03-09 12:58:49,"0185 - McLean, IL",Unlead,McLean,IL,64.25,0,0.0,1
2026-03-09 12:58:49,"0186 - Minonk, IL",Diesel,Minonk,IL,76.10800000000017,0,0.0,3
2026-03-09 12:58:49,"0186 - Minonk, IL",Unlead,Minonk,IL,46.54870000000028,0,0.0,1
2026-03-09 12:58:49,"0187 - Chicago, IL",Diesel,Chicago,IL,139.0,0,0.0,3
2026-03-09 12:58:49,"0187 - Chicago, IL",Unlead,Chicago,IL,0.0,0,0.0,1
2026-03-09 12:58:49,"0203 - Rockford, IL",Diesel,Rockford,IL,0.0,0,0.0,1
2026-03-09 12:58:49,"0203 - Rockford, IL",Unlead,Rockford,IL,40.586999999999534,0,0.0,1
2026-03-09 12:58:49,"0205 - South Beloit, IL",Diesel,South Beloit,IL,49.0,0,0.0,3
2026-03-09 12:58:49,"0205 - South Beloit, IL",Unlead,South Beloit,IL,42.0,0,0.0,1
2026-03-09 12:58:49,"0206 - Winnebago, IL",Diesel,Winnebago,IL,0.0,0,0.0,1
2026-03-09 12:58:49,"0206 - Winnebago, IL",Unlead,Winnebago,IL,73.0,0,0.0,1
2026-03-09 12:58:49,"0209 - Oakdale, WI",Diesel,Oakdale,WI,0.0,0,0.0,3
2026-03-09 12:58:49,"0209 - Oakdale, WI",Unlead,Oakdale,WI,35.0,0,0.0,1
2026-03-09 12:58:49,"0210 - Rochelle, IL",Diesel,Rochelle,IL,0.0,0,0.0,3
2026-03-09 12:58:49,"0210 - Rochelle, IL",Unlead,Rochelle,IL,35.0,0,0.0,1
2026-03-09 12:58:49,"0211 - Loves Park, IL",Diesel,Loves Park,IL,94.0,0,0.0,1
2026-03-09 12:58:49,"0211 - Loves Park, IL",Unlead,Loves Park,IL,0.0,0,0.0,1
2026-03-09 12:58:49,"0225 - Princeton, IL",Diesel,Princeton,IL,18.0,0,0.0,4
2026-03-09 12:58:49,"0225 - Princeton, IL",Unlead,Princeton,IL,0.0,0,0.0,2
2026-03-09 12:58:49,"0226 - Greenwood, IN",Diesel,Greenwood,IN,357.0,0,0.0,2
2026-03-09 12:58:49,"0226 - Greenwood, IN",Unlead,Greenwood,IN,0.0,0,0.0,2
2026-03-09 12:58:49,"0235 - Hampshire, IL",Diesel,Hampshire,IL,85.0,0,0.0,2
2026-03-09 12:58:49,"0235 - Hampshire, IL",Unlead,Hampshire,IL,62.0,0,0.0,2
2026-03-09 12:58:49,"0236 - East Troy, WI",Diesel,East Troy,WI,0.0,0,0.0,2
2026-03-09 12:58:49,"0236 - East Troy, WI",Unlead,East Troy,WI,0.0,0,0.0,1
2026-03-09 12:58:49,"0240 - Lake Station, IN",Diesel,Lake Station,IN,385.0,1,151.0,5
2026-03-09 12:58:49,"0240 - Lake Station, IN",Unlead,Lake Station,IN,19.0,0,0.0,2
2026-03-09 12:58:49,"0242 - St Robert, MO",Diesel,St Robert,MO,0.0,0,0.0,4
2026-03-09 12:58:49,"0263 - Ottawa, IL",Diesel,Ottawa,IL,0.0,0,0.0,3
2026-03-09 12:58:49,"0263 - Ottawa, IL",Unlead,Ottawa,IL,24.0,0,0.0,1
2026-03-09 12:58:49,"0265 - Dixon, IL",Diesel,Dixon,IL,225.39999999999964,0,0.0,3
2026-03-09 12:58:49,"0265 - Dixon, IL",Unlead,Dixon,IL,12.769000000000233,0,0.0,1
2026-03-09 12:58:49,"0266 - New Berlin, IL",Diesel,New Berlin,IL,45.0,0,0.0,3
2026-03-09 12:58:49,"0266 - New Berlin, IL",Unlead,New Berlin,IL,52.724199999999655,0,0.0,1
2026-03-09 12:58:49,"0267 - Pharr, TX",Diesel,Pharr,TX,744.0,0,0.0,4
2026-03-09 12:58:49,"0267 - Pharr, TX",Unlead,Pharr,TX,21.0,0,0.0,1
2026-03-09 12:58:49,"0268 - Grayville, IL",Diesel,Grayville,IL,132.0,0,0.0,3
2026-03-09 12:58:49,"0268 - Grayville, IL",Unlead,Grayville,IL,47.0,0,0.0,1
2026-03-09 12:58:49,"0269 - Marshall, IL",Diesel,Marshall,IL,80.0,0,0.0,3
2026-03-09 12:58:49,"0269 - Marshall, IL",Unlead,Marshall,IL,15.0,0,0.0,1
2026-03-09 12:58:49,"0270 - Moore, TX",Diesel,Moore,TX,160.0,0,0.0,3
2026-03-09 12:58:49,"0270 - Moore, TX",Unlead,Moore,TX,93.0,0,0.0,1
2026-03-09 12:58:49,"0271 - Odessa, TX",Diesel,Odessa,TX,181.112000000001,0,0.0,3
2026-03-09 12:58:49,"0271 - Odessa, TX",Unlead,Odessa,TX,60.20799999999963,0,0.0,1
2026-03-09 12:58:49,"0272 - Encinal, TX",Diesel,Encinal,TX,75.24399999999878,0,0.0,3
2026-03-09 12:58:49,"0272 - Encinal, TX",Unlead,Encinal,TX,34.04099999999926,0,0.0,1
2026-03-09 12:58:49,"0273 - Combes, TX",Diesel,Combes,TX,101.30049999999937,0,0.0,3
2026-03-09 12:58:49,"0273 - Combes, TX",Unlead,Combes,TX,84.52299999999923,0,0.0,1
2026-03-09 12:58:49,"0275 - Sonora, TX",Diesel,Sonora,TX,73.03099999999904,0,0.0,3
2026-03-09 12:58:49,"0275 - Sonora, TX",Unlead,Sonora,TX,19.308200000000397,0,0.0,1
2026-03-09 12:58:49,"0276 - Waco, TX",Diesel,Waco,TX,96.99900000000162,0,0.0,3
2026-03-09 12:58:49,"0276 - Waco, TX",Unlead,Waco,TX,0.0,0,0.0,1
2026-03-09 12:58:49,"0277 - New Boston, TX",Diesel,New Boston,TX,59.02599999999984,0,0.0,3
2026-03-09 12:58:49,"0277 - New Boston, TX",Unlead,New Boston,TX,41.13770000000022,0,0.0,1
2026-03-09 12:58:49,"0278 - Brinkley, AR",Diesel,Brinkley,AR,85.15500000000065,0,0.0,3
2026-03-09 12:58:49,"0278 - Brinkley, AR",Unlead,Brinkley,AR,70.23239999999987,0,0.0,1
2026-03-09 12:58:49,"0279 - Marion, IL",Diesel,Marion,IL,174.6795000000002,0,0.0,3
2026-03-09 12:58:49,"0279 - Marion, IL",Unlead,Marion,IL,103.49060000000009,0,0.0,1
2026-03-09 12:58:49,"0280 - Monahans, TX",Diesel,Monahans,TX,42.35869999999977,0,0.0,3
2026-03-09 12:58:49,"0280 - Monahans, TX",Unlead,Monahans,TX,25.972999999999956,0,0.0,1
2026-03-09 12:58:49,"0281 - Cisco, TX",Diesel,Cisco,TX,158.09699999999975,0,0.0,3
2026-03-09 12:58:49,"0281 - Cisco, TX",Unlead,Cisco,TX,60.193999999999505,0,0.0,1
2026-03-09 12:58:49,"0282 - Gainesville, TX",Diesel,Gainesville,TX,174.74400000000242,0,0.0,3
2026-03-09 12:58:49,"0282 - Gainesville, TX",Unlead,Gainesville,TX,42.3179999999993,0,0.0,1
2026-03-09 12:58:49,"0283 - Sealy, TX",Diesel,Sealy,TX,202.816499999999,0,0.0,3
2026-03-09 12:58:49,"0283 - Sealy, TX",Unlead,Sealy,TX,15.73699999999917,0,0.0,1
2026-03-09 12:58:49,"0284 - New Deal, TX",Diesel,New Deal,TX,15.22440000000006,1,2110.0519999999997,3
2026-03-09 12:58:49,"0284 - New Deal, TX",Unlead,New Deal,TX,36.3134,0,0.0,1
2026-03-09 12:58:49,"0285 - Seguin, TX",Diesel,Seguin,TX,75.68699999999808,0,0.0,3
2026-03-09 12:58:49,"0285 - Seguin, TX",Unlead,Seguin,TX,27.98999999999978,0,0.0,1
2026-03-09 12:58:49,"0286 - Amarillo, TX",Diesel,Amarillo,TX,13.503999999998996,1,960.5360000000001,3
2026-03-09 12:58:49,"0286 - Amarillo, TX",Unlead,Amarillo,TX,15.929999999998472,0,0.0,1
2026-03-09 12:58:49,"0287 - Burbonnais, IL",Diesel,Burbonnais,IL,0.0,0,0.0,3
2026-03-09 12:58:49,"0287 - Burbonnais, IL",Unlead,Burbonnais,IL,141.4330000000009,0,0.0,1
2026-03-09 12:58:49,"0289 - Teague, TX",Diesel,Teague,TX,174.69199999999728,0,0.0,3
2026-03-09 12:58:49,"0289 - Teague, TX",Unlead,Teague,TX,66.7510000000002,0,0.0,1
2026-03-09 12:58:49,"0290 - Joplin, MO",Diesel,Joplin,MO,303.52250000000095,0,0.0,3
2026-03-09 12:58:49,"0290 - Joplin, MO",Unlead,Joplin,MO,38.44999999999891,0,0.0,1
2026-03-09 12:58:49,"0312 - Vidor, TX",Diesel,Vidor,TX,136.27000000000044,0,0.0,3
2026-03-09 12:58:49,"0312 - Vidor, TX",Unlead,Vidor,TX,56.03299999999945,0,0.0,1
2026-03-09 12:58:49,"0315 - Laredo, TX",Diesel,Laredo,TX,223.08300000000236,0,0.0,3
2026-03-09 12:58:49,"0315 - Laredo, TX",Unlead,Laredo,TX,14.060999999999694,0,0.0,1
2026-03-09 12:58:49,"0319 - Milford, TX",Diesel,Milford,TX,76.4310000000005,0,0.0,3
2026-03-09 12:58:49,"0319 - Milford, TX",Unlead,Milford,TX,62.19830000000002,0,0.0,1
2026-03-09 12:58:49,"0323 - Canton, TX",Diesel,Canton,TX,0.0,0,0.0,3
2026-03-09 12:58:49,"0323 - Canton, TX",Unlead,Canton,TX,70.01100000000042,0,0.0,1
2026-03-09 13:13:52,"0118 - Springfield, IL",Diesel,Springfield,IL,290.0,0,0.0,3
2026-03-09 13:13:52,"0118 - Springfield, IL",Unlead,Springfield,IL,48.0,0,0.0,1
2026-03-09 13:13:52,"0132 - Champaign, IL",Diesel,Champaign,IL,113.64449999999852,0,0.0,3
2026-03-09 13:13:52,"0132 - Champaign, IL",Unlead,Champaign,IL,89.48450000000048,0,0.0,1
2026-03-09 13:13:52,"0136 - Cottage Grove, WI",Diesel,Cottage Grove,WI,133.4400000000005,0,0.0,2
2026-03-09 13:13:52,"0136 - Cottage Grove, WI",Unlead,Cottage Grove,WI,28.08300000000054,0,0.0,1
2026-03-09 13:13:52,"0139 - Tuscola, IL",Diesel,Tuscola,IL,0.0,0,0.0,1
2026-03-09 13:13:52,"0139 - Tuscola, IL",Unlead,Tuscola,IL,0.0,0,0.0,2
2026-03-09 13:13:52,"0140 - Mendota, IL",Diesel,Mendota,IL,0.0,0,0.0,2
2026-03-09 13:13:52,"0140 - Mendota, IL",Unlead,Mendota,IL,76.0,0,0.0,2
2026-03-09 13:13:52,"0141 - Brazil, IN",Diesel,Brazil,IN,66.8666000000012,0,0.0,4
2026-03-09 13:13:52,"0141 - Brazil, IN",Unlead,Brazil,IN,6.0,0,0.0,1
2026-03-09 13:13:52,"0144 - Elk Run Height, IA",Diesel,Elk Run Height,IA,28.0,0,0.0,4
2026-03-09 13:13:52,"0144 - Elk Run Height, IA",Unlead,Elk Run Height,IA,38.373499999999694,0,0.0,2
2026-03-09 13:13:52,"0145 - Fenton, MO",Diesel,Fenton,MO,264.0,0,0.0,2
2026-03-09 13:13:52,"0145 - Fenton, MO",Unlead,Fenton,MO,41.0,0,0.0,1
2026-03-09 13:13:52,"0157 - Okawville, IL",Diesel,Okawville,IL,87.0,0,0.0,3
2026-03-09 13:13:52,"0157 - Okawville, IL",Unlead,Okawville,IL,24.445999999999913,0,0.0,1
2026-03-09 13:13:52,"0181 - Springfield, IL",Diesel,Springfield,IL,29.158300000000054,0,0.0,3
2026-03-09 13:13:52,"0181 - Springfield, IL",Unlead,Springfield,IL,42.259000000000015,0,0.0,1
2026-03-09 13:13:52,"0185 - McLean, IL",Diesel,McLean,IL,0.0,0,0.0,4
2026-03-09 13:13:52,"0185 - McLean, IL",Unlead,McLean,IL,58.99240000000009,0,0.0,1
2026-03-09 13:13:52,"0186 - Minonk, IL",Diesel,Minonk,IL,0.0,0,0.0,3
2026-03-09 13:13:52,"0186 - Minonk, IL",Unlead,Minonk,IL,28.932699999999386,0,0.0,1
2026-03-09 13:13:52,"0187 - Chicago, IL",Diesel,Chicago,IL,0.0,0,0.0,3
2026-03-09 13:13:52,"0187 - Chicago, IL",Unlead,Chicago,IL,9.266300000000228,0,0.0,1
2026-03-09 13:13:52,"0203 - Rockford, IL",Diesel,Rockford,IL,0.0,0,0.0,1
2026-03-09 13:13:52,"0203 - Rockford, IL",Unlead,Rockford,IL,16.16699999999946,0,0.0,1
2026-03-09 13:13:52,"0205 - South Beloit, IL",Diesel,South Beloit,IL,0.0,0,0.0,3
2026-03-09 13:13:52,"0205 - South Beloit, IL",Unlead,South Beloit,IL,43.0,0,0.0,1
2026-03-09 13:13:52,"0206 - Winnebago, IL",Diesel,Winnebago,IL,0.0,0,0.0,1
2026-03-09 13:13:52,"0206 - Winnebago, IL",Unlead,Winnebago,IL,22.0,0,0.0,1
2026-03-09 13:13:52,"0209 - Oakdale, WI",Diesel,Oakdale,WI,24.0,0,0.0,3
2026-03-09 13:13:52,"0209 - Oakdale, WI",Unlead,Oakdale,WI,68.0,0,0.0,1
2026-03-09 13:13:52,"0210 - Rochelle, IL",Diesel,Rochelle,IL,0.0,0,0.0,3
2026-03-09 13:13:52,"0210 - Rochelle, IL",Unlead,Rochelle,IL,26.0,0,0.0,1
2026-03-09 13:13:52,"0211 - Loves Park, IL",Diesel,Loves Park,IL,101.0,0,0.0,1
2026-03-09 13:13:52,"0211 - Loves Park, IL",Unlead,Loves Park,IL,37.0,0,0.0,1
2026-03-09 13:13:52,"0225 - Princeton, IL",Diesel,Princeton,IL,105.0,0,0.0,4
2026-03-09 13:13:52,"0225 - Princeton, IL",Unlead,Princeton,IL,4.0,0,0.0,2
2026-03-09 13:13:52,"0226 - Greenwood, IN",Diesel,Greenwood,IN,26.0,0,0.0,2
2026-03-09 13:13:52,"0226 - Greenwood, IN",Unlead,Greenwood,IN,25.0,0,0.0,2
2026-03-09 13:13:52,"0235 - Hampshire, IL",Diesel,Hampshire,IL,120.0,0,0.0,2
2026-03-09 13:13:52,"0235 - Hampshire, IL",Unlead,Hampshire,IL,0.0,1,1055.0,2
2026-03-09 13:13:52,"0236 - East Troy, WI",Diesel,East Troy,WI,0.0,0,0.0,2
2026-03-09 13:13:52,"0236 - East Troy, WI",Unlead,East Troy,WI,6.0,0,0.0,1
2026-03-09 13:13:52,"0240 - Lake Station, IN",Diesel,Lake Station,IN,0.0,0,0.0,5
2026-03-09 13:13:52,"0240 - Lake Station, IN",Unlead,Lake Station,IN,0.0,0,0.0,2
2026-03-09 13:13:52,"0242 - St Robert, MO",Diesel,St Robert,MO,0.0,0,0.0,4
2026-03-09 13:13:52,"0263 - Ottawa, IL",Diesel,Ottawa,IL,170.0,0,0.0,3
2026-03-09 13:13:52,"0263 - Ottawa, IL",Unlead,Ottawa,IL,116.0,0,0.0,1
2026-03-09 13:13:52,"0265 - Dixon, IL",Diesel,Dixon,IL,26.876000000000204,0,0.0,3
2026-03-09 13:13:52,"0265 - Dixon, IL",Unlead,Dixon,IL,30.484999999998763,0,0.0,1
2026-03-09 13:13:52,"0266 - New Berlin, IL",Diesel,New Berlin,IL,6.0,0,0.0,3
2026-03-09 13:13:52,"0266 - New Berlin, IL",Unlead,New Berlin,IL,28.14010000000053,0,0.0,1
2026-03-09 13:13:52,"0267 - Pharr, TX",Diesel,Pharr,TX,560.0,0,0.0,4
2026-03-09 13:13:52,"0267 - Pharr, TX",Unlead,Pharr,TX,9.0,0,0.0,1
2026-03-09 13:13:52,"0268 - Grayville, IL",Diesel,Grayville,IL,0.0,0,0.0,3
2026-03-09 13:13:52,"0268 - Grayville, IL",Unlead,Grayville,IL,23.0,0,0.0,1
2026-03-09 13:13:52,"0269 - Marshall, IL",Diesel,Marshall,IL,57.0,0,0.0,3
2026-03-09 13:13:52,"0269 - Marshall, IL",Unlead,Marshall,IL,17.0,0,0.0,1
2026-03-09 13:13:52,"0270 - Moore, TX",Diesel,Moore,TX,233.0,0,0.0,3
2026-03-09 13:13:52,"0270 - Moore, TX",Unlead,Moore,TX,114.0,0,0.0,1
2026-03-09 13:13:52,"0271 - Odessa, TX",Diesel,Odessa,TX,84.65699999999924,0,0.0,3
2026-03-09 13:13:52,"0271 - Odessa, TX",Unlead,Odessa,TX,56.06540000000041,0,0.0,1
2026-03-09 13:13:52,"0272 - Encinal, TX",Diesel,Encinal,TX,90.7970000000023,0,0.0,3
2026-03-09 13:13:52,"0272 - Encinal, TX",Unlead,Encinal,TX,17.677999999999884,0,0.0,1
2026-03-09 13:13:52,"0273 - Combes, TX",Diesel,Combes,TX,93.72910000000047,0,0.0,3
2026-03-09 13:13:52,"0273 - Combes, TX",Unlead,Combes,TX,116.33699999999953,0,0.0,1
2026-03-09 13:13:52,"0275 - Sonora, TX",Diesel,Sonora,TX,41.134000000000015,0,0.0,3
2026-03-09 13:13:52,"0275 - Sonora, TX",Unlead,Sonora,TX,37.39679999999953,0,0.0,1
2026-03-09 13:13:52,"0276 - Waco, TX",Diesel,Waco,TX,106.49599999999919,0,0.0,3
2026-03-09 13:13:52,"0276 - Waco, TX",Unlead,Waco,TX,8.047999999998865,0,0.0,1
2026-03-09 13:13:52,"0277 - New Boston, TX",Diesel,New Boston,TX,0.0,0,0.0,3
2026-03-09 13:13:52,"0277 - New Boston, TX",Unlead,New Boston,TX,4.147399999999834,0,0.0,1
2026-03-09 13:13:52,"0278 - Brinkley, AR",Diesel,Brinkley,AR,181.25400000000081,0,0.0,3
2026-03-09 13:13:52,"0278 - Brinkley, AR",Unlead,Brinkley,AR,101.38180000000011,0,0.0,1
2026-03-09 13:13:52,"0279 - Marion, IL",Diesel,Marion,IL,8.907000000001062,0,0.0,3
2026-03-09 13:13:52,"0279 - Marion, IL",Unlead,Marion,IL,123.47099999999955,0,0.0,1
2026-03-09 13:13:52,"0280 - Monahans, TX",Diesel,Monahans,TX,174.71090000000004,0,0.0,3
2026-03-09 13:13:52,"0280 - Monahans, TX",Unlead,Monahans,TX,29.292999999999665,0,0.0,1
2026-03-09 13:13:52,"0281 - Cisco, TX",Diesel,Cisco,TX,553.5650000000005,0,0.0,3
2026-03-09 13:13:52,"0281 - Cisco, TX",Unlead,Cisco,TX,63.751000000000204,0,0.0,1
2026-03-09 13:13:52,"0282 - Gainesville, TX",Diesel,Gainesville,TX,8.023000000001048,0,0.0,3
2026-03-09 13:13:52,"0282 - Gainesville, TX",Unlead,Gainesville,TX,29.174999999999272,0,0.0,1
2026-03-09 13:13:52,"0283 - Sealy, TX",Diesel,Sealy,TX,67.3690000000006,0,0.0,3
2026-03-09 13:13:52,"0283 - Sealy, TX",Unlead,Sealy,TX,22.38299999999981,0,0.0,1
2026-03-09 13:13:52,"0284 - New Deal, TX",Diesel,New Deal,TX,116.20870000000014,1,1185.2980000000007,3
2026-03-09 13:13:52,"0284 - New Deal, TX",Unlead,New Deal,TX,90.65080000000034,0,0.0,1
2026-03-09 13:13:52,"0285 - Seguin, TX",Diesel,Seguin,TX,260.1800000000021,0,0.0,3
2026-03-09 13:13:52,"0285 - Seguin, TX",Unlead,Seguin,TX,31.351000000000568,0,0.0,1
2026-03-09 13:13:52,"0286 - Amarillo, TX",Diesel,Amarillo,TX,256.82900000000154,0,0.0,3
2026-03-09 13:13:52,"0286 - Amarillo, TX",Unlead,Amarillo,TX,3.8335000000006403,0,0.0,1
2026-03-09 13:13:52,"0287 - Burbonnais, IL",Diesel,Burbonnais,IL,256.2039999999997,0,0.0,3
2026-03-09 13:13:52,"0287 - Burbonnais, IL",Unlead,Burbonnais,IL,58.17399999999907,0,0.0,1
2026-03-09 13:13:52,"0289 - Teague, TX",Diesel,Teague,TX,148.44800000000032,0,0.0,3
2026-03-09 13:13:52,"0289 - Teague, TX",Unlead,Teague,TX,64.65799999999945,0,0.0,1
2026-03-09 13:13:52,"0290 - Joplin, MO",Diesel,Joplin,MO,86.34499999999935,0,0.0,3
2026-03-09 13:13:52,"0290 - Joplin, MO",Unlead,Joplin,MO,47.9950000000008,0,0.0,1
2026-03-09 13:13:52,"0312 - Vidor, TX",Diesel,Vidor,TX,197.76599999999962,0,0.0,3
2026-03-09 13:13:52,"0312 - Vidor, TX",Unlead,Vidor,TX,61.25799999999981,0,0.0,1
2026-03-09 13:13:52,"0315 - Laredo, TX",Diesel,Laredo,TX,151.53899999999885,0,0.0,3
2026-03-09 13:13:52,"0315 - Laredo, TX",Unlead,Laredo,TX,89.92100000000028,0,0.0,1
2026-03-09 13:13:52,"0319 - Milford, TX",Diesel,Milford,TX,79.02199999999903,0,0.0,3
2026-03-09 13:13:52,"0319 - Milford, TX",Unlead,Milford,TX,42.28510000000006,0,0.0,1
2026-03-09 13:13:52,"0323 - Canton, TX",Diesel,Canton,TX,23.66400000000067,0,0.0,3
2026-03-09 13:13:52,"0323 - Canton, TX",Unlead,Canton,TX,25.16699999999946,0,0.0,1
2026-03-09 13:28:56,"0118 - Springfield, IL",Diesel,Springfield,IL,327.0,0,0.0,3
2026-03-09 13:28:56,"0118 - Springfield, IL",Unlead,Springfield,IL,31.0,0,0.0,1
2026-03-09 13:28:56,"0132 - Champaign, IL",Diesel,Champaign,IL,147.58600000000115,0,0.0,3
2026-03-09 13:28:56,"0132 - Champaign, IL",Unlead,Champaign,IL,136.09100000000035,0,0.0,1
2026-03-09 13:28:56,"0136 - Cottage Grove, WI",Diesel,Cottage Grove,WI,131.22999999999956,0,0.0,2
2026-03-09 13:28:56,"0136 - Cottage Grove, WI",Unlead,Cottage Grove,WI,9.246000000001004,0,0.0,1
2026-03-09 13:28:56,"0139 - Tuscola, IL",Diesel,Tuscola,IL,0.0,0,0.0,1
2026-03-09 13:28:56,"0139 - Tuscola, IL",Unlead,Tuscola,IL,44.0,0,0.0,2
2026-03-09 13:28:56,"0140 - Mendota, IL",Diesel,Mendota,IL,0.0,0,0.0,2
2026-03-09 13:28:56,"0140 - Mendota, IL",Unlead,Mendota,IL,0.0,0,0.0,2
2026-03-09 13:28:56,"0141 - Brazil, IN",Diesel,Brazil,IN,14.792499999999563,0,0.0,4
2026-03-09 13:28:56,"0141 - Brazil, IN",Unlead,Brazil,IN,23.0,0,0.0,1
2026-03-09 13:28:56,"0144 - Elk Run Height, IA",Diesel,Elk Run Height,IA,373.0,0,0.0,4
2026-03-09 13:28:56,"0144 - Elk Run Height, IA",Unlead,Elk Run Height,IA,51.82220000000052,0,0.0,2
2026-03-09 13:28:56,"0145 - Fenton, MO",Diesel,Fenton,MO,319.0,0,0.0,2
2026-03-09 13:28:56,"0145 - Fenton, MO",Unlead,Fenton,MO,16.0,0,0.0,1
2026-03-09 13:28:56,"0157 - Okawville, IL",Diesel,Okawville,IL,108.0,0,0.0,3
2026-03-09 13:28:56,"0157 - Okawville, IL",Unlead,Okawville,IL,61.573599999999715,0,0.0,1
2026-03-09 13:28:56,"0181 - Springfield, IL",Diesel,Springfield,IL,143.97999999999865,0,0.0,3
2026-03-09 13:28:56,"0181 - Springfield, IL",Unlead,Springfield,IL,112.58899999999994,0,0.0,1
2026-03-09 13:28:56,"0185 - McLean, IL",Diesel,McLean,IL,151.59799999999996,0,0.0,4
2026-03-09 13:28:56,"0185 - McLean, IL",Unlead,McLean,IL,54.17529999999988,0,0.0,1
2026-03-09 13:28:56,"0186 - Minonk, IL",Diesel,Minonk,IL,88.77199999999903,0,0.0,3
2026-03-09 13:28:56,"0186 - Minonk, IL",Unlead,Minonk,IL,99.02779999999984,0,0.0,1
2026-03-09 13:28:56,"0187 - Chicago, IL",Diesel,Chicago,IL,0.0,0,0.0,3
2026-03-09 13:28:56,"0187 - Chicago, IL",Unlead,Chicago,IL,18.67329999999947,0,0.0,1
2026-03-09 13:28:56,"0203 - Rockford, IL",Diesel,Rockford,IL,0.0,0,0.0,1
2026-03-09 13:28:56,"0203 - Rockford, IL",Unlead,Rockford,IL,35.23800000000119,0,0.0,1
2026-03-09 13:28:56,"0205 - South Beloit, IL",Diesel,South Beloit,IL,165.0,0,0.0,3
2026-03-09 13:28:56,"0205 - South Beloit, IL",Unlead,South Beloit,IL,17.0,0,0.0,1
2026-03-09 13:28:56,"0206 - Winnebago, IL",Diesel,Winnebago,IL,49.0,0,0.0,1
2026-03-09 13:28:56,"0206 - Winnebago, IL",Unlead,Winnebago,IL,14.0,0,0.0,1
2026-03-09 13:28:56,"0209 - Oakdale, WI",Diesel,Oakdale,WI,96.0,0,0.0,3
2026-03-09 13:28:56,"0209 - Oakdale, WI",Unlead,Oakdale,WI,50.0,0,0.0,1
2026-03-09 13:28:56,"0210 - Rochelle, IL",Diesel,Rochelle,IL,0.0,0,0.0,3
2026-03-09 13:28:56,"0210 - Rochelle, IL",Unlead,Rochelle,IL,7.0,0,0.0,1
2026-03-09 13:28:56,"0211 - Loves Park, IL",Diesel,Loves Park,IL,0.0,0,0.0,1
2026-03-09 13:28:56,"0211 - Loves Park, IL",Unlead,Loves Park,IL,17.0,0,0.0,1
2026-03-09 13:28:56,"0225 - Princeton, IL",Diesel,Princeton,IL,17.0,0,0.0,4
2026-03-09 13:28:56,"0225 - Princeton, IL",Unlead,Princeton,IL,4.0,0,0.0,2
2026-03-09 13:28:56,"0226 - Greenwood, IN",Diesel,Greenwood,IN,100.0,0,0.0,2
2026-03-09 13:28:56,"0226 - Greenwood, IN",Unlead,Greenwood,IN,8.0,0,0.0,2
2026-03-09 13:28:56,"0235 - Hampshire, IL",Diesel,Hampshire,IL,0.0,0,0.0,2
2026-03-09 13:28:56,"0235 - Hampshire, IL",Unlead,Hampshire,IL,33.0,1,4805.0,2
2026-03-09 13:28:56,"0236 - East Troy, WI",Diesel,East Troy,WI,120.0,0,0.0,2
2026-03-09 13:28:56,"0236 - East Troy, WI",Unlead,East Troy,WI,10.0,0,0.0,1
2026-03-09 13:28:56,"0240 - Lake Station, IN",Diesel,Lake Station,IN,0.0,0,0.0,5
2026-03-09 13:28:56,"0240 - Lake Station, IN",Unlead,Lake Station,IN,24.0,0,0.0,2
2026-03-09 13:28:56,"0242 - St Robert, MO",Diesel,St Robert,MO,169.77900000000045,0,0.0,4
2026-03-09 13:28:56,"0263 - Ottawa, IL",Diesel,Ottawa,IL,55.0,0,0.0,3
2026-03-09 13:28:56,"0263 - Ottawa, IL",Unlead,Ottawa,IL,23.0,0,0.0,1
2026-03-09 13:28:56,"0265 - Dixon, IL",Diesel,Dixon,IL,137.64300000000003,0,0.0,3
2026-03-09 13:28:56,"0265 - Dixon, IL",Unlead,Dixon,IL,42.236000000000786,0,0.0,1
2026-03-09 13:28:56,"0266 - New Berlin, IL",Diesel,New Berlin,IL,59.0,0,0.0,3
2026-03-09 13:28:56,"0266 - New Berlin, IL",Unlead,New Berlin,IL,17.50630000000001,0,0.0,1
2026-03-09 13:28:56,"0267 - Pharr, TX",Diesel,Pharr,TX,331.0,0,0.0,4
2026-03-09 13:28:56,"0267 - Pharr, TX",Unlead,Pharr,TX,27.0,0,0.0,1
2026-03-09 13:28:56,"0268 - Grayville, IL",Diesel,Grayville,IL,0.0,0,0.0,3
2026-03-09 13:28:56,"0268 - Grayville, IL",Unlead,Grayville,IL,30.0,0,0.0,1
2026-03-09 13:28:56,"0269 - Marshall, IL",Diesel,Marshall,IL,100.0,0,0.0,3
2026-03-09 13:28:56,"0269 - Marshall, IL",Unlead,Marshall,IL,22.0,0,0.0,1
2026-03-09 13:28:56,"0270 - Moore, TX",Diesel,Moore,TX,61.0,0,0.0,3
2026-03-09 13:28:56,"0270 - Moore, TX",Unlead,Moore,TX,61.0,0,0.0,1
2026-03-09 13:28:56,"0271 - Odessa, TX",Diesel,Odessa,TX,20.171000000000276,0,0.0,3
2026-03-09 13:28:56,"0271 - Odessa, TX",Unlead,Odessa,TX,79.39360000000033,0,0.0,1
2026-03-09 13:28:56,"0272 - Encinal, TX",Diesel,Encinal,TX,45.98399999999856,0,0.0,3
2026-03-09 13:28:56,"0272 - Encinal, TX",Unlead,Encinal,TX,24.490999999999985,0,0.0,1
2026-03-09 13:28:56,"0273 - Combes, TX",Diesel,Combes,TX,0.0,0,0.0,3
2026-03-09 13:28:56,"0273 - Combes, TX",Unlead,Combes,TX,95.52499999999964,0,0.0,1
2026-03-09 13:28:56,"0275 - Sonora, TX",Diesel,Sonora,TX,137.84500000000116,0,0.0,3
2026-03-09 13:28:56,"0275 - Sonora, TX",Unlead,Sonora,TX,23.934000000000196,0,0.0,1
2026-03-09 13:28:56,"0276 - Waco, TX",Diesel,Waco,TX,533.0860000000011,0,0.0,3
2026-03-09 13:28:56,"0276 - Waco, TX",Unlead,Waco,TX,43.79400000000169,0,0.0,1
2026-03-09 13:28:56,"0277 - New Boston, TX",Diesel,New Boston,TX,0.0,0,0.0,3
2026-03-09 13:28:56,"0277 - New Boston, TX",Unlead,New Boston,TX,30.906299999999646,0,0.0,1
2026-03-09 13:28:56,"0278 - Brinkley, AR",Diesel,Brinkley,AR,286.97099999999955,0,0.0,3
2026-03-09 13:28:56,"0278 - Brinkley, AR",Unlead,Brinkley,AR,0.0,0,0.0,1
2026-03-09 13:28:56,"0279 - Marion, IL",Diesel,Marion,IL,123.58299999999872,0,0.0,3
2026-03-09 13:28:56,"0279 - Marion, IL",Unlead,Marion,IL,52.45539999999983,0,0.0,1
2026-03-09 13:28:56,"0280 - Monahans, TX",Diesel,Monahans,TX,97.26400000000103,0,0.0,3
2026-03-09 13:28:56,"0280 - Monahans, TX",Unlead,Monahans,TX,54.98499999999876,0,0.0,1
2026-03-09 13:28:56,"0281 - Cisco, TX",Diesel,Cisco,TX,275.4272999999994,0,0.0,3
2026-03-09 13:28:56,"0281 - Cisco, TX",Unlead,Cisco,TX,116.93000000000029,0,0.0,1
2026-03-09 13:28:56,"0282 - Gainesville, TX",Diesel,Gainesville,TX,26.364999999997963,0,0.0,3
2026-03-09 13:28:56,"0282 - Gainesville, TX",Unlead,Gainesville,TX,0.0,0,0.0,1
2026-03-09 13:28:56,"0283 - Sealy, TX",Diesel,Sealy,TX,105.01649999999972,0,0.0,3
2026-03-09 13:28:56,"0283 - Sealy, TX",Unlead,Sealy,TX,0.0,0,0.0,1
2026-03-09 13:28:56,"0284 - New Deal, TX",Diesel,New Deal,TX,5.231999999999971,0,0.0,3
2026-03-09 13:28:56,"0284 - New Deal, TX",Unlead,New Deal,TX,77.33939999999984,0,0.0,1
2026-03-09 13:28:56,"0285 - Seguin, TX",Diesel,Seguin,TX,59.409999999999854,0,0.0,3
2026-03-09 13:28:56,"0285 - Seguin, TX",Unlead,Seguin,TX,41.18899999999849,0,0.0,1
2026-03-09 13:28:56,"0286 - Amarillo, TX",Diesel,Amarillo,TX,163.93299999999908,0,0.0,3
2026-03-09 13:28:56,"0286 - Amarillo, TX",Unlead,Amarillo,TX,29.418499999999767,0,0.0,1
2026-03-09 13:28:56,"0287 - Burbonnais, IL",Diesel,Burbonnais,IL,112.4439999999995,0,0.0,3
2026-03-09 13:28:56,"0287 - Burbonnais, IL",Unlead,Burbonnais,IL,35.89099999999962,0,0.0,1
2026-03-09 13:28:56,"0289 - Teague, TX",Diesel,Teague,TX,67.70499999999993,0,0.0,3
2026-03-09 13:28:56,"0289 - Teague, TX",Unlead,Teague,TX,66.38070000000062,0,0.0,1
2026-03-09 13:28:56,"0290 - Joplin, MO",Diesel,Joplin,MO,41.40300000000025,0,0.0,3
2026-03-09 13:28:56,"0290 - Joplin, MO",Unlead,Joplin,MO,0.0,0,0.0,1
2026-03-09 13:28:56,"0312 - Vidor, TX",Diesel,Vidor,TX,111.5609999999997,0,0.0,3
2026-03-09 13:28:56,"0312 - Vidor, TX",Unlead,Vidor,TX,33.99699999999939,0,0.0,1
2026-03-09 13:28:56,"0315 - Laredo, TX",Diesel,Laredo,TX,290.09499999999935,0,0.0,3
2026-03-09 13:28:56,"0315 - Laredo, TX",Unlead,Laredo,TX,31.435999999999694,0,0.0,1
2026-03-09 13:28:56,"0319 - Milford, TX",Diesel,Milford,TX,54.210000000000946,0,0.0,3
2026-03-09 13:28:56,"0319 - Milford, TX",Unlead,Milford,TX,30.70629999999983,0,0.0,1
2026-03-09 13:28:56,"0323 - Canton, TX",Diesel,Canton,TX,0.0,0,0.0,3
2026-03-09 13:28:56,"0323 - Canton, TX",Unlead,Canton,TX,80.51599999999962,0,0.0,1
2026-03-09 13:44:00,"0118 - Springfield, IL",Diesel,Springfield,IL,26.0,0,0.0,3
2026-03-09 13:44:00,"0118 - Springfield, IL",Unlead,Springfield,IL,32.0,0,0.0,1
2026-03-09 13:44:00,"0132 - Champaign, IL",Diesel,Champaign,IL,34.69100000000071,0,0.0,3
2026-03-09 13:44:00,"0132 - Champaign, IL",Unlead,Champaign,IL,68.83399999999892,0,0.0,1
2026-03-09 13:44:00,"0136 - Cottage Grove, WI",Diesel,Cottage Grove,WI,100.32899999999972,0,0.0,2
2026-03-09 13:44:00,"0136 - Cottage Grove, WI",Unlead,Cottage Grove,WI,23.519999999998618,0,0.0,1
2026-03-09 13:44:00,"0139 - Tuscola, IL",Diesel,Tuscola,IL,0.0,0,0.0,1
2026-03-09 13:44:00,"0139 - Tuscola, IL",Unlead,Tuscola,IL,12.0,0,0.0,2
2026-03-09 13:44:00,"0140 - Mendota, IL",Diesel,Mendota,IL,0.0,0,0.0,2
2026-03-09 13:44:00,"0140 - Mendota, IL",Unlead,Mendota,IL,33.0,0,0.0,2
2026-03-09 13:44:00,"0141 - Brazil, IN",Diesel,Brazil,IN,6.981300000000374,0,0.0,4
2026-03-09 13:44:00,"0141 - Brazil, IN",Unlead,Brazil,IN,11.0,0,0.0,1
2026-03-09 13:44:00,"0144 - Elk Run Height, IA",Diesel,Elk Run Height,IA,119.0,0,0.0,4
2026-03-09 13:44:00,"0144 - Elk Run Height, IA",Unlead,Elk Run Height,IA,17.501999999999498,0,0.0,2
2026-03-09 13:44:00,"0145 - Fenton, MO",Diesel,Fenton,MO,70.0,0,0.0,2
2026-03-09 13:44:00,"0145 - Fenton, MO",Unlead,Fenton,MO,57.0,0,0.0,1
2026-03-09 13:44:00,"0157 - Okawville, IL",Diesel,Okawville,IL,26.0,0,0.0,3
2026-03-09 13:44:00,"0157 - Okawville, IL",Unlead,Okawville,IL,25.69840000000022,0,0.0,1
2026-03-09 13:44:00,"0181 - Springfield, IL",Diesel,Springfield,IL,309.38580000000184,0,0.0,3
2026-03-09 13:44:00,"0181 - Springfield, IL",Unlead,Springfield,IL,30.932999999999083,0,0.0,1
2026-03-09 13:44:00,"0185 - McLean, IL",Diesel,McLean,IL,0.0,0,0.0,4
2026-03-09 13:44:00,"0185 - McLean, IL",Unlead,McLean,IL,11.863800000000083,0,0.0,1
2026-03-09 13:44:00,"0186 - Minonk, IL",Diesel,Minonk,IL,31.94800000000032,0,0.0,3
2026-03-09 13:44:00,"0186 - Minonk, IL",Unlead,Minonk,IL,46.71150000000034,0,0.0,1
2026-03-09 13:44:00,"0187 - Chicago, IL",Diesel,Chicago,IL,0.0,0,0.0,3
2026-03-09 13:44:00,"0187 - Chicago, IL",Unlead,Chicago,IL,9.103399999999965,0,0.0,1
2026-03-09 13:44:00,"0203 - Rockford, IL",Diesel,Rockford,IL,0.0,0,0.0,1
2026-03-09 13:44:00,"0203 - Rockford, IL",Unlead,Rockford,IL,29.584999999999127,0,0.0,1
2026-03-09 13:44:00,"0205 - South Beloit, IL",Diesel,South Beloit,IL,23.0,0,0.0,3
2026-03-09 13:44:00,"0205 - South Beloit, IL",Unlead,South Beloit,IL,21.0,0,0.0,1
2026-03-09 13:44:00,"0206 - Winnebago, IL",Diesel,Winnebago,IL,28.0,0,0.0,1
2026-03-09 13:44:00,"0206 - Winnebago, IL",Unlead,Winnebago,IL,31.0,0,0.0,1
2026-03-09 13:44:00,"0209 - Oakdale, WI",Diesel,Oakdale,WI,0.0,0,0.0,3
2026-03-09 13:44:00,"0209 - Oakdale, WI",Unlead,Oakdale,WI,57.0,0,0.0,1
2026-03-09 13:44:00,"0210 - Rochelle, IL",Diesel,Rochelle,IL,0.0,0,0.0,3
2026-03-09 13:44:00,"0210 - Rochelle, IL",Unlead,Rochelle,IL,14.0,0,0.0,1
2026-03-09 13:44:00,"0211 - Loves Park, IL",Diesel,Loves Park,IL,41.0,0,0.0,1
2026-03-09 13:44:00,"0211 - Loves Park, IL",Unlead,Loves Park,IL,47.0,0,0.0,1
2026-03-09 13:44:00,"0225 - Princeton, IL",Diesel,Princeton,IL,124.0,0,0.0,4
2026-03-09 13:44:00,"0225 - Princeton, IL",Unlead,Princeton,IL,47.0,0,0.0,2
2026-03-09 13:44:00,"0226 - Greenwood, IN",Diesel,Greenwood,IN,98.0,0,0.0,2
2026-03-09 13:44:00,"0226 - Greenwood, IN",Unlead,Greenwood,IN,0.0,0,0.0,2
2026-03-09 13:44:00,"0235 - Hampshire, IL",Diesel,Hampshire,IL,79.0,0,0.0,2
2026-03-09 13:44:00,"0235 - Hampshire, IL",Unlead,Hampshire,IL,13.0,1,850.0,2
2026-03-09 13:44:00,"0236 - East Troy, WI",Diesel,East Troy,WI,0.0,0,0.0,2
2026-03-09 13:44:00,"0236 - East Troy, WI",Unlead,East Troy,WI,11.0,0,0.0,1
2026-03-09 13:44:00,"0240 - Lake Station, IN",Diesel,Lake Station,IN,0.0,0,0.0,5
2026-03-09 13:44:00,"0240 - Lake Station, IN",Unlead,Lake Station,IN,13.0,0,0.0,2
2026-03-09 13:44:00,"0242 - St Robert, MO",Diesel,St Robert,MO,0.0,0,0.0,4
2026-03-09 13:44:00,"0263 - Ottawa, IL",Diesel,Ottawa,IL,355.0,0,0.0,3
2026-03-09 13:44:00,"0263 - Ottawa, IL",Unlead,Ottawa,IL,116.0,0,0.0,1
2026-03-09 13:44:00,"0265 - Dixon, IL",Diesel,Dixon,IL,186.3050000000003,0,0.0,3
2026-03-09 13:44:00,"0265 - Dixon, IL",Unlead,Dixon,IL,26.110999999998967,0,0.0,1
2026-03-09 13:44:00,"0266 - New Berlin, IL",Diesel,New Berlin,IL,0.0,0,0.0,3
2026-03-09 13:44:00,"0266 - New Berlin, IL",Unlead,New Berlin,IL,26.817000000000007,0,0.0,1
2026-03-09 13:44:00,"0267 - Pharr, TX",Diesel,Pharr,TX,549.0,0,0.0,4
2026-03-09 13:44:00,"0267 - Pharr, TX",Unlead,Pharr,TX,12.0,0,0.0,1
2026-03-09 13:44:00,"0268 - Grayville, IL",Diesel,Grayville,IL,0.0,0,0.0,3
2026-03-09 13:44:00,"0268 - Grayville, IL",Unlead,Grayville,IL,63.0,0,0.0,1
2026-03-09 13:44:00,"0269 - Marshall, IL",Diesel,Marshall,IL,0.0,0,0.0,3
2026-03-09 13:44:00,"0269 - Marshall, IL",Unlead,Marshall,IL,0.0,0,0.0,1
2026-03-09 13:44:00,"0270 - Moore, TX",Diesel,Moore,TX,140.0,0,0.0,3
2026-03-09 13:44:00,"0270 - Moore, TX",Unlead,Moore,TX,42.0,0,0.0,1
2026-03-09 13:44:00,"0271 - Odessa, TX",Diesel,Odessa,TX,324.41599999999926,0,0.0,3
2026-03-09 13:44:00,"0271 - Odessa, TX",Unlead,Odessa,TX,0.0,1,2821.9697000000006,1
2026-03-09 13:44:00,"0272 - Encinal, TX",Diesel,Encinal,TX,114.50499999999738,0,0.0,3
2026-03-09 13:44:00,"0272 - Encinal, TX",Unlead,Encinal,TX,30.80199999999968,0,0.0,1
2026-03-09 13:44:00,"0273 - Combes, TX",Diesel,Combes,TX,47.74459999999999,0,0.0,3
2026-03-09 13:44:00,"0273 - Combes, TX",Unlead,Combes,TX,82.52200000000084,0,0.0,1
2026-03-09 13:44:00,"0275 - Sonora, TX",Diesel,Sonora,TX,137.36899999999878,0,0.0,3
2026-03-09 13:44:00,"0275 - Sonora, TX",Unlead,Sonora,TX,35.585299999999734,0,0.0,1
2026-03-09 13:44:00,"0276 - Waco, TX",Diesel,Waco,TX,149.141999999998,0,0.0,3
2026-03-09 13:44:00,"0276 - Waco, TX",Unlead,Waco,TX,60.30499999999847,0,0.0,1
2026-03-09 13:44:00,"0277 - New Boston, TX",Diesel,New Boston,TX,0.0,0,0.0,3
2026-03-09 13:44:00,"0277 - New Boston, TX",Unlead,New Boston,TX,0.0,1,2777.6737000000003,1
2026-03-09 13:44:00,"0278 - Brinkley, AR",Diesel,Brinkley,AR,58.40099999999984,0,0.0,3
2026-03-09 13:44:00,"0278 - Brinkley, AR",Unlead,Brinkley,AR,37.76050000000032,0,0.0,1
2026-03-09 13:44:00,"0279 - Marion, IL",Diesel,Marion,IL,109.24099999999999,0,0.0,3
2026-03-09 13:44:00,"0279 - Marion, IL",Unlead,Marion,IL,100.27490000000034,0,0.0,1
2026-03-09 13:44:00,"0280 - Monahans, TX",Diesel,Monahans,TX,359.29749999999876,0,0.0,3
2026-03-09 13:44:00,"0280 - Monahans, TX",Unlead,Monahans,TX,25.73400000000038,0,0.0,1
2026-03-09 13:44:00,"0281 - Cisco, TX",Diesel,Cisco,TX,66.91869999999926,0,0.0,3
2026-03-09 13:44:00,"0281 - Cisco, TX",Unlead,Cisco,TX,64.04999999999927,0,0.0,1
2026-03-09 13:44:00,"0282 - Gainesville, TX",Diesel,Gainesville,TX,0.0,0,0.0,3
2026-03-09 13:44:00,"0282 - Gainesville, TX",Unlead,Gainesville,TX,57.322000000000116,0,0.0,1
2026-03-09 13:44:00,"0283 - Sealy, TX",Diesel,Sealy,TX,425.7970000000005,0,0.0,3
2026-03-09 13:44:00,"0283 - Sealy, TX",Unlead,Sealy,TX,7.257999999999811,0,0.0,1
2026-03-09 13:44:00,"0284 - New Deal, TX",Diesel,New Deal,TX,5.171699999999873,0,0.0,3
2026-03-09 13:44:00,"0284 - New Deal, TX",Unlead,New Deal,TX,127.97710000000006,0,0.0,1
2026-03-09 13:44:00,"0285 - Seguin, TX",Diesel,Seguin,TX,123.8799999999992,0,0.0,3
2026-03-09 13:44:00,"0285 - Seguin, TX",Unlead,Seguin,TX,0.0,0,0.0,1
2026-03-09 13:44:00,"0286 - Amarillo, TX",Diesel,Amarillo,TX,165.98500000000058,0,0.0,3
2026-03-09 13:44:00,"0286 - Amarillo, TX",Unlead,Amarillo,TX,0.0,0,0.0,1
2026-03-09 13:44:00,"0287 - Burbonnais, IL",Diesel,Burbonnais,IL,114.1260000000002,0,0.0,3
2026-03-09 13:44:00,"0287 - Burbonnais, IL",Unlead,Burbonnais,IL,39.70800000000054,0,0.0,1
2026-03-09 13:44:00,"0289 - Teague, TX",Diesel,Teague,TX,112.19599999999991,0,0.0,3
2026-03-09 13:44:00,"0289 - Teague, TX",Unlead,Teague,TX,9.426299999999173,0,0.0,1
2026-03-09 13:44:00,"0290 - Joplin, MO",Diesel,Joplin,MO,86.53399999999965,0,0.0,3
2026-03-09 13:44:00,"0290 - Joplin, MO",Unlead,Joplin,MO,58.527000000000044,0,0.0,1
2026-03-09 13:44:00,"0312 - Vidor, TX",Diesel,Vidor,TX,330.8630000000012,0,0.0,3
2026-03-09 13:44:00,"0312 - Vidor, TX",Unlead,Vidor,TX,27.754000000000815,0,0.0,1
2026-03-09 13:44:00,"0315 - Laredo, TX",Diesel,Laredo,TX,133.87799999999697,0,0.0,3
2026-03-09 13:44:00,"0315 - Laredo, TX",Unlead,Laredo,TX,3.4030000000002474,0,0.0,1
2026-03-09 13:44:00,"0319 - Milford, TX",Diesel,Milford,TX,0.0,0,0.0,3
2026-03-09 13:44:00,"0319 - Milford, TX",Unlead,Milford,TX,34.112600000000384,0,0.0,1
2026-03-09 13:44:00,"0323 - Canton, TX",Diesel,Canton,TX,18.0099999999984,0,0.0,3
2026-03-09 13:44:00,"0323 - Canton, TX",Unlead,Canton,TX,60.434000000001106,0,0.0,1
